제품명,가격,유통기한,사용법,대분류,소분류
아리얼 더 퍼펙트 클렌징 티슈 플러스 100매,5900,"제조일로부터 (36개월/3년)이내의 상품을 순차적으로 발송, 유통기한 개봉후 12개월",티슈를 꺼내 피부결을 따라 안쪽에서 바깥쪽으로 쓸어내듯이 가볍게 닦아줍니다. 내용물의 건조를 방지하기 위해 사용 후 반드시 스티커와 캡을 닫고 보관하세요. 별도의 물세안이 필요 없으나 선호도에 따라 미온수로 가볍게 씻어냅니다. 사용 후 제품을 거꾸로 뒤집어 보관하면 마지막까지 촉촉하게 사용할 수 있습니다.,Cleansing,Tissue Pad
[신현지Pick] 비페스타 클렌징티슈 브라이트닝 46매 (모공&각질),5900,제조일로부터 4년,뚜껑을 열고 플라스틱 마개를 손가락으로 당겨 열어 주십시오. 한장씩 꺼내어 피부에 부드럽게 닦아 주십시오. 물을 묻히지 않은 피부에 사용하십시오. 시트에 더이상 메이크업이 묻어나지 않을 때까지 클렌징 합니다. 눈에 들어가지 않도록 주의해서 사용하십시오.,Cleansing,Tissue Pad
[올영단독100매] 포인트앤 딥 클린 올킬 클렌징티슈 100매,5310,제조일로부터 24개월 / 개봉 후 12개월,클렌징 티슈를 한 장씩 꺼내어 얼굴 전체를 피부결에 따라 부드럽게 닦아낸 후 미온수로 헹구어 줍니다. 사용 후에는 캡(스티커)을 완전히 닫아 내용물이 마르지 않도록 합니다.,Cleansing,Tissue Pad
[신현지Pick] 비페스타 클렌징티슈 세럼 모이스트 46매 (촉촉 보습),6900,제조일로부터 4년,뚜껑을 열고 플라스틱 마개를 손가락으로 당겨 열어 주십시오. 한장씩 꺼내어 피부에 부드럽게 닦아 주십시오. 물을 묻히지 않은 피부에 사용하십시오. 시트에 더이상 메이크업이 묻어나지 않을 때까지 클렌징 합니다. 눈에 들어가지 않도록 주의해서 사용하십시오.,Cleansing,Tissue Pad
아리얼 더 퍼펙트 클렌징 티슈 플러스 20매,1900,"제조일로부터 (36개월/3년)이내의 상품을 순차적으로 발송, 유통기한 개봉후 12개월",티슈를 꺼내 피부결을 따라 안쪽에서 바깥쪽으로 쓸어내듯이 가볍게 닦아줍니다. 내용물의 건조를 방지하기 위해 사용 후 반드시 스티커와 캡을 닫고 보관하세요. 별도의 물세안이 필요 없으나 선호도에 따라 미온수로 가볍게 씻어냅니다. 사용 후 제품을 거꾸로 뒤집어 보관하면 마지막까지 촉촉하게 사용할 수 있습니다.,Cleansing,Tissue Pad
[빅사이즈/저자극] 라운드랩 자작나무 수분 클렌징 패드 60매,14900,"제조일로부터 24개월,개봉 후 6개월",클렌징 패드를 꺼내어 엠보면으로 메이크업과 노폐물을 가볍게 닦아낸 후 부드러운 면으로 마무리해 줍니다. 클렌징 시 내용물이 눈에 들어가지 않도록 쓸어내리듯 닦아냅니다.,Cleansing,Tissue Pad
식물나라 식물나라 제주 탄산수 딥 클렌징 티슈 20매,1800,"■ 제조일로부터 24개월 이내의 상품을 순차적으로 발송, 유통기한 개봉후 12개월",스티커를 열고 클렌징 티슈를 뽑아 아이&립 메이크업부터 얼굴 전체를 가볍게 문질러 닦아냅니다. 클렌징 폼과 물로 마무리 세안을 합니다. 워터프루프 메이크업은 식물나라 제주탄산수 립앤아이리무버를 함께 이용하시면 더욱 좋습니다.,Cleansing,Tissue Pad
나이팅게일 데일리더마 클렌징패드 마일드 애씨드 70매 (10매 증정),14000,제조일로부터 36개월,"클렌징 패드를 꺼내어 엠보면으로 메이크업과 노폐물을 가볍게 닦아준 후 부드러운면으로 촉촉하게 마무리 해 줍니다. TIP : 1) 화장이 들뜨는 오후, 패드 한 장으로 수정할 부위를 닦아낸 후 메이크업 해보세요. 간단하고 말끔하게 완료! 2) 메이크업을 하지 않은 날에도 클렌징패드로 간편하게 미세먼지와 자외선차단제를 닦아내 피부를 지켜주세요.",Cleansing,Tissue Pad
비페스타 클렌징티슈 퍼펙트 클리어 트리플기획 (46매X3),18900,제조일로부터 4년,뚜껑을 열고 플라스틱 마개를 손가락으로 당겨 열어 주십시오. 한장씩 꺼내어 피부에 부드럽게 닦아 주십시오. 물을 묻히지 않은 피부에 사용하십시오. 시트에 더이상 메이크업이 묻어나지 않을 때까지 클렌징 합니다. 눈에 들어가지 않도록 주의해서 사용하십시오.,Cleansing,Tissue Pad
정샘물 더블 클린 수정 화장 패드 20매,14450,개봉 전 24개월,"클린 홀 패드를 활용해 얼굴에 묻은 먼지, 과잉 피지와 무너진 베이스 메이크업, 입술 흔적과 각질 등을 깨끗하게 닦아내줍니다. 한번 닦아낸 자리에 그린 수딩 패드를 활용해 한번 더 닦아내주고, 톡톡 두드리며 수분을 채워줍니다.",Cleansing,Tissue Pad
식물나라 제주 탄산수 딥 클렌징티슈 80매,7800,"■제조일로부터 24개월 이내의 상품을 순차적으로 발송, 유통기한 개봉후 12개월",스티커를 열고 클렌징 티슈를 뽑아 베이스 메이크업부터 포인트 메이크업까지 얼굴 전체를 가볍게 문질러 닦아냅니다. 클렌징 폼과 물로 마무리(2차) 세안을 합니다. 워터프루프 메이크업은 식물나라 제주 탄산수 딥 립앤아이리무버를 함께 이용하시면 더욱 좋습니다.,Cleansing,Tissue Pad
마녀공장 블랙헤드 퓨어 클렌징 오일 킬패드 기획 50매 (+10매 증정),16000,"제조일로부터 2년 6개월, 개봉 후 6개월","패드 한 장을 꺼내어 엠보면으로 피부 결을 부드럽게 롤링한 후 미온수로 깨끗이 헹구어 냅니다 *내용물이 눈에 들어갔을 시, 따가울 수 있으니 바로 씻어 내세요 ★블랙헤드 킬링 Point : 거뭇한 블랙헤드가 신경 쓰인다면 패드의 엠보면을 이용해 약 10초 동안 집중적으로 롤링한 후 패드에 물을 살짝 묻혀 닦아내고 미온수로 헹구어 주세요. 블랙헤드가 보다 쉽게 정리되어 모공을 깨끗하게 가꾸어 주고 매끈해진 피부 결을 선사합니다",Cleansing,Tissue Pad
나이팅게일 데일리더마 클렌징패드 마일드 (70매),11000,제조일로부터 3년,클렌징 패드를 꺼내어 엠보면으로 메이크업과 노폐물을 가볍게 닦아준 후 부드러운면으로 촉촉하게 마무리 해 줍니다.,Cleansing,Tissue Pad
[NEW/여행 필수템] 바닐라코 클린잇제로 수딩 립&아이리무버 패드 30매,3200,제조일로부터 36개월/개봉 후 12개월,패드를 1매씩 꺼내 눈가나 입가에 가볍게 얹어 포인트 메이크업을 녹여낸 후 부드럽게 닦아냅니다. 제품 사용 후 물로 헹궈 줍니다. ※ 내용물 증발을 방지하기 위해 사용 후 반드시 스티커 덮개를 붙여 보관하세요.,Cleansing,Tissue Pad
[NEW] BRTC 모공 클렌징패드 80매,14850,36개월 (12개월),"패드 한 장을 꺼내어 엠보싱 면으로 메이크업과 노폐물을 닦아준 후, 부드러운 면으로 한 번 더 닦아 마무리 해줍니다. 별도의 물세안은 필요 없으나, 미온수로 2차 세안을 해줘도 좋습니다. *클렌징 시, 내용물이 눈에 들어가지 않도록 주의하세요.",Cleansing,Tissue Pad
아리얼 더 퍼펙트 클렌징 티슈 플러스 더블기획 (100매x2개입),12200,"제조일로부터 (36개월/3년)이내의 상품을 순차적으로 발송, 유통기한 개봉후 12개월",티슈를 꺼내 피부결을 따라 안쪽에서 바깥쪽으로 쓸어내듯이 가볍게 닦아줍니다. 내용물의 건조를 방지하기 위해 사용 후 반드시 스티커와 캡을 닫고 보관하세요. 별도의 물세안이 필요 없으나 선호도에 따라 미온수로 가볍게 씻어냅니다. 사용 후 제품을 거꾸로 뒤집어 보관하면 마지막까지 촉촉하게 사용할 수 있습니다.,Cleansing,Tissue Pad
한스킨 클렌징패드&블랙헤드 70매,9500,36개월,1. 집게로 패드를 꺼내어 엠보면으로 피부결을 따라 가볍게 닦아주세요. 2. 패드를 뒤집어 부드러운 면으로 립&아이 메이크업을 부드럽게 닦아주세요.,Cleansing,Tissue Pad
[빅사이즈/저자극] 셀리맥스 지우개 원스텝 마일드 클렌징 패드 60pads,20000,제조일로부터 363개월 / 개봉후 12개월,1) 엠보면으로 피부 전체를 가볍게 닦아주세요. 2) 패드를 뒤집어 부드러운면으로 립&아이 메이크업을 부드럽게 닦아주세요. *내용물이 눈에 들어가지 않도록 눈을 감은 상태에서 위에서 아래로 쓸어내리듯 부드럽게 닦아주세요. (눈을 감은 상태에서 위에서 아래로 살살 쓸어내리듯 닦아주면 눈가 피부도 부드럽게 클렌징이 가능합니다.),Cleansing,Tissue Pad
[신현지Pick] 비페스타 클렌징티슈 퍼펙트 클리어 46매 (마스카라올킬),10000,제조일로부터 4년,뚜껑을 열고 플라스틱 마개를 손가락으로 당겨 열어 주십시오. 한장씩 꺼내어 피부에 부드럽게 닦아 주십시오. 물을 묻히지 않은 피부에 사용하십시오. 시트에 더이상 메이크업이 묻어나지 않을 때까지 클렌징 합니다. 눈에 들어가지 않도록 주의해서 사용하십시오.,Cleansing,Tissue Pad
[1+1] 비페스타 클렌징티슈 세럼 모이스트 10매입 (휴대용),3800,제조일로부터 4년,1. 뚜껑을 열고 플라스틱 마개를 손가락으로 당겨 열어주십시오. 2. 한 장씩 꺼내어 피부에 부드럽게 닦아 주십시오. 3. 물을 묻이지 않는 피부에 사용하십시오. 4. 티슈에 더 이상 메이크업이 묻어나지 않을 때까지 클렌징 합니다. 5. 눈에 들어가지 않게 주의해서 사용해 주세요.,Cleansing,Tissue Pad
파파레서피 리얼 센텔라 시카 워터리 클렌징 티슈 100매,7000,제조일로부터 36개월,티슈를 꺼내 피부결을 따라 안쪽에서 바깥쪽으로 쓸어내듯이 가볍게 닦아 줍니다. 내용물의 건조를 방지하기 위해 사용 후 반드시 스티커와 캡을 닫고 보관하세요. 사용 후 제품을 거꾸로 뒤집어 보관하면 마지막까지 촉촉하게 사용할 수 있습니다.,Cleansing,Tissue Pad
식물나라 제주 탄산수 딥 클렌징티슈 20매X3ea,6600,"■ 제조일로부터 24개월 이내의 상품을 순차적으로 발송, 유통기한 개봉후 12개월",스티커를 열고 클렌징 티슈를 뽑아 아이&립 메이크업부터 얼굴 전체를 가볍게 문질러 닦아냅니다. 클렌징 폼과 물로 마무리 세안을 합니다. 워터프루프 메이크업은 식물나라 제주탄산수 립앤아이리무버를 함께 이용하시면 더욱 좋습니다.,Cleansing,Tissue Pad
케어존 닥터솔루션 클렌징 티슈 60매,12000,"개봉전 제조일로부터 36개월, 유통기한 개봉후 12개월",1. 티슈를 1매식 뽑아 안쪽에서 바깥쪽으로 쓸어내듯이 닦아내 줍니다. 2  피부결을 따라 가볍게 문질러 닦아주며 미온수로 얼굴을 잘 헹구어 줍니다. 3. 사용 후에는 뚜껑을 꼭 닫아 내용물이 마르지 않도록 합니다. 4. (클렌징폼으로 마무리 세안까지 꼼꼼히 챙깁니다.),Cleansing,Tissue Pad
비페스타 클렌징티슈 브라이트닝 더블기획 (46매+46매),18000,제조일로부터 4년,1.뚜껑을 열고 플라스틱 마개를 손가락으로 당겨 열어 주십시오. 2.한장씩 꺼내어 부드럽게 닦아주십시오. 3.물을 뭍히지 않은 피부에 사용하십시오. 4.시트에 더이상 메이크업이 묻어나지 않을 때까지 클렌징 합니다.,Cleansing,Tissue Pad
[빅사이즈/딥클렌징] 키노닉스 카모 원스텝 클렌징 패드 70매,13910,"제조일로부터 3년, 개봉 후 6개월 이내 사용 권장","엠보면으로 가벼운 힘을 주어 이마/볼 등을 먼저 사용 후, 눈등의 포인트 메이크업을 지워줍니다. 마지막으로 패드 반대편으로 한번 더 닦아 마무리 합니다.",Cleansing,Tissue Pad
비페스타 클렌징티슈 브라이트닝 트리플기획 (46매X3),18900,제조일로부터 4년,1. 뚜껑을 열고 플라스틱 마개를 손가락으로 당겨 열어주십시오. 2. 한 장씩 꺼내어 피부에 부드럽게 닦아 주십시오. 3. 물을 묻이지 않는 피부에 사용하십시오. 4. 티슈에 더 이상 메이크업이 묻어나지 않을 때까지 클렌징 합니다. 5. 눈에 들어가지 않게 주의해서 사용해 주세요.,Cleansing,Tissue Pad
비페스타 클렌징티슈 세럼 모이스트 트리플기획 (46매X3),26000,제조일로부터 4년,뚜껑을 열고 플라스틱 마개를 손가락으로 당겨 열어 주십시오. 한장씩 꺼내어 피부에 부드럽게 닦아 주십시오. 물을 묻히지 않은 피부에 사용하십시오. 시트에 더이상 메이크업이 묻어나지 않을 때까지 클렌징 합니다. 눈에 들어가지 않도록 주의해서 사용하십시오.,Cleansing,Tissue Pad
아리얼 더 퍼펙트 클렌징 티슈 플러스 트리플 기획 (20매x3개입),7800,"제조일로부터 (36개월/3년)이내의 상품을 순차적으로 발송, 유통기한 개봉후 12개월",티슈를 꺼내 피부결을 따라 안쪽에서 바깥쪽으로 쓸어내듯이 가볍게 닦아줍니다. 내용물의 건조를 방지하기 위해 사용 후 반드시 스티커와 캡을 닫고 보관하세요. 별도의 물세안이 필요 없으나 선호도에 따라 미온수로 가볍게 씻어냅니다. 사용 후 제품을 거꾸로 뒤집어 보관하면 마지막까지 촉촉하게 사용할 수 있습니다.,Cleansing,Tissue Pad
마녀공장 퓨어 클렌징 티슈 80매,9800,"제조일로부터 2년, 개봉 후 6개월","티슈를 한 장 꺼내어 눈과 입 주위의 포인트 메이크업을 지워준 다음, 피부 결에 따라 안쪽에서 바깥쪽으로 부드럽게 닦아냅니다. 눈 주위를 닦을 때에는 내용물이 눈에 들어가지 않도록 주의하며 사용 후에는 캡(스티커)을 완전히 닫아 내용물이 마르지 않도록 합니다.",Cleansing,Tissue Pad
마녀공장 블랙헤드 퓨어 클렌징 오일 킬패드 50매,20000,"제조일로부터 2년 6개월, 개봉 후 6개월","패드 한 장을 꺼내어 엠보면으로 피부 결을 부드럽게 롤링한 후 미온수로 깨끗이 헹구어 냅니다 *내용물이 눈에 들어갔을 시, 따가울 수 있으니 바로 씻어 내세요 ★블랙헤드 킬링 Point : 거뭇한 블랙헤드가 신경 쓰인다면 패드의 엠보면을 이용해 약 10초 동안 집중적으로 롤링한 후 패드에 물을 살짝 묻혀 닦아내고 미온수로 헹구어 주세요. 블랙헤드가 보다 쉽게 정리되어 모공을 깨끗하게 가꾸어 주고 매끈해진 피부 결을 선사합니다",Cleansing,Tissue Pad
[간편쓱싹] 라운드랩 1025 독도 클렌징 티슈 30매,5000,"제조일로부터 36개월, 개봉 후 6개월 이내 사용",클렌징 티슈를 꺼내어 얼굴 전체를 부드럽게 닦아냅니다. 포인트 메이크업은 약 5~10초간 올려놓은 후 지워냅니다. 눈가를 닦을 때에는 내용물이 들어가지 않도록 주의해주세요.  *내용물이 마르지 않도록 사용 후 반드시 캡을 닫아 보관해 줍니다.,Cleansing,Tissue Pad
아리얼 애플사이다 올 킬 클렌징 버블 패드 60매,24000,제조일로부터 3년 (개봉 후 1년),"1. 패드를 한 장 꺼내어 엠보 면으로 얼굴 전체를 마사지하듯 문질러 닦아줍니다. 2. 그 후 거즈 면(거친 면)으로 코, 턱 등 각질이나 피부 요철, 피지가 고민인 부위를 한 번 더 꼼꼼히 문질러 줍니다. 3. 미온수로 깨끗이 헹구어 냅니다. * 물기가 있는 상태에서 사용하면 더욱 풍성한 거품이 나옵니다. * 얼굴 외에도 팔꿈치, 무릎, 발뒤꿈치 등 각질이 신경쓰이는 부위를 닦아주면 매끈하고 촉촉하게 관리가 가능합니다.",Cleansing,Tissue Pad
센카 올 클리어 시트 프레시 30매,8900,제조일로부터 3년 이내 상품을 발송합니다. (제조일로부터 36개월 이내 사용가능),1. 스티커를 개봉하여 시트를 뽑아 피부결을 따라 쓸어내듯이 가볍게 닦아줍니다. 2. 별도의 물세안이 필요없으나 선호도에 따라 미온수로 가볍게 헹구어 냅니다. ※내용물의 건조 방지를 위해 사용 후 반드시 스티커를 닫아 보관하세요.,Cleansing,Tissue Pad
비플레인 녹두 약산성 클렌징 워터 티슈 20매,3000,"제조일로부터 30개월, 개봉 후 12개월","1매를 뽑아 눈에 내용물이 들어가지 않도록 피부결에 따라 문질러 닦아냅니다. 별도의 물 세안은 필요 없으나, 미온수로 마무리 하셔도 좋습니다. *사용 후에는 스티커를 부착해 내용물이 마르지 않도록 주의하십시오.",Cleansing,Tissue Pad
오브제 원스텝 포어 클렌징시트 135g (32매입),7600,제조일로부터 36개월 / 개봉 후 12개월,"캡을 열고 마개를 당겨 개봉한 다음, 시트를 꺼내어 얼굴을 부드럽게 닦아내줍니다.",Cleansing,Tissue Pad
아리얼 더 퍼펙트 클렌징 오일 패드 EX 60매,11600,주문시점으로부터 최근 1년이내 제조 제품으로 순차배송 (유통기한: 제조일로부터 36개월),1. 패드 1매를 꺼내어 엠보면으로 눈가와 입가에 가볍게 올려 포인트 메이크업을 녹여낸 후 부드럽게 닦아냅니다. 2. 부드러운 플랫면으로 피부결을 따라 베이스메이크업을 닦아냅니다. 3. 미온수 또는 클렌징 폼으로 깨끗하게 씻어냅니다. ※ 사용 후 캡이 꽉 닫혔는지 확인해주세요. 패드가 마른 것처럼 보이면 용기를 살짝 뒤집어 둔 뒤 사용해주세요.,Cleansing,Tissue Pad
SRB 쌀뜨물 미강 클렌징 패드 60매,15900,제조일로부터 24개월 / 개봉 후 6개월,"1차 엠보면, 2차 부드러운면 순으로 메이크업을 닦아낸 후 미온수 세안으로 마무리합니다.",Cleansing,Tissue Pad
그레이멜린 카놀라 리무버 패드 70매,25000,"제품별도표기(개봉 전 36개월,개봉 후 12개월 내 사용)",1.내장된 집게로 리무버 패드 한 장을 꺼내 엠보면으로 메이크업을 얼굴 안쪽에서 바깥쪽으로 닦아 냅니다. 2.눈과 입술의 진한 포인트 메이크업은 리무버 패드를 잠시 올려놓은 후에 닦아 냅니다. 3. 피부 컨디션에 따라 물 세안 또는 2차 클렌징으로 마무리해 줍니다.,Cleansing,Tissue Pad
[원우PICK] 더페이스샵 미감수 브라이트 클렌징티슈 50매,9500,제조일로부터 36개월/ 개봉 후 12개월,"티슈를 1매씩 뽑아 피부결에 따라 안쪽에서 바깥쪽으로 쓸어내듯이 닦아낸 뒤, 클렌징 폼으로 이중 세안합니다. 눈가 사용시 내용물이 눈에 들어가지 않도록 주의하며 눈을 감고 닦아냅니다. 사용 후에는 뚜껑을 닫아 내용물이 마르지 않도록 합니다.",Cleansing,Tissue Pad
[신현지Pick] 비페스타 클렌징티슈 퍼펙트 글로우 46매 (광채케어),10000,제조일로부터 4년,뚜껑을 열고 플라스틱 마개를 손가락으로 당겨 열어 주십시오. 한장씩 꺼내어 피부에 부드럽게 닦아 주십시오. 물을 묻히지 않은 피부에 사용하십시오. 시트에 더이상 메이크업이 묻어나지 않을 때까지 클렌징 합니다. 눈에 들어가지 않도록 주의해서 사용하십시오.,Cleansing,Tissue Pad
[모공&각질딥클렌징] 에딧비 조이풀 하트 올인원 클렌징패드 30매,5000,"발송일로부터 최대 28개월 이내 제조 된 제품으로 발송, 개봉 후 6개월",세안 단계에 패드를 1매씩 뽑아 세정이 필요한 부분에 가볍게 눌러 녹여낸 후 부드럽게 닦아줍니다. * 사용 후 패드가 마르지 않도록 반드시 스티커를 부착하여 보관해 줍니다.,Cleansing,Tissue Pad
[대용량] 포인트앤 베지 시카 말끔 클렌징 워터 티슈 100매,7360,제조일로부터 24개월/ 개봉 후 12개월,"티슈를 꺼내어 피부결을 따라 안쪽에서 바깥쪽으로 쓸어내듯이 가볍게 닦아내 줍니다. 필요에 따라 미온수로 세안하여 마무리 하고, 사용 후에는 캡을 완전히 닫아 내용물이 마르지 않도록 합니다.",Cleansing,Tissue Pad
포인트앤 딥 클린 올킬 클렌징 티슈 20매,2090,제조일로부터 24개월 / 개봉 후 12개월,클렌징 티슈를 한 장씩 꺼내어 얼굴 전체를 피부결에 따라 부드럽게 닦아낸 후 미온수로 헹구어 줍니다. 사용 후에는 캡(스티커)을 완전히 닫아 내용물이 마르지 않도록 합니다.,Cleansing,Tissue Pad
[립&아이 리무버패드] 네오젠 캐롯 리무버 오일 패드 60매 슈야토야 에디션 (+미니거울 증정),12900,개봉 전 36m / 개봉 후 12m,패드 1매를 꺼내어 오일이 눈에 들어가지 않도록 유의하며 포인트 메이크업을 부드럽게 닦아냅니다. 패드를 반대로 뒤집어 피부결 방향으로 베이스 메이크업을 마저 닦아냅니다. 클렌징 후 미지근한 물 또는 폼으로 깨끗하게 씻어내 줍니다.,Cleansing,Tissue Pad
러븀 포어 딥 클렌징패드 10매,16230,"제조년월일로부터 36개월, 개봉 후 12개월 이내","1. 패드 사이에 손가락을 넣어 고정한 뒤 이마, 볼 등 얼굴의 넓은 부위를 클렌징해줍니다. 2. 입술이나 눈 색조 메이크업 부분은 극세사면으로 부드럽게 몇 번 더 문질러줍니다. 3. 코, 턱 주변 굴곡진 부분은 엠보순면으로 롤링하여 각질 및 화이트헤드를 케어해줍니다.",Cleansing,Tissue Pad
NEW 아리얼 딥 클린 클렌징 스페셜 기획 (클렌징 폼 120ml + 리무버 패드 30매),9800,36개월,* 스무스앤퓨어 클렌징폼 1. 클렌징 폼을 적정량을 덜어낸 후 물을 섞어 풍성한 거품을 내줍니다. 2. 얼굴에 부드럽게 마사지 하 듯 문질러 노폐물과 메이크업 잔여물을 지워 줍니다. 3. 마사지 후 미온수로 얼굴 전체를 깨끗이 헹구어 줍니다. * 립앤아이 리무버 패드 스티커를 열고 패드를 1매씩 뽑아 눈가나 입가에 가볍게 얹어 포인트 메이크업을 녹여낸 후 부드럽게 닦아냅니다. 내용물의 건조를 방지하기 위해 사용 후 반드시 스티커를 부착하여 보관하십시오.,Cleansing,Tissue Pad
[낱장포장/파우치필수템] 셀리맥스 수정화장 패드 30매,12800,제조일로부터 3년,"1) 수정화장 전, 수정화장패드 개별 파우치를 개봉해주세요. 2) 엠보면으로 들뜬 각질과 뭉친 메이크업, 노폐물 등을 제거해주세요. 3) 저자극면으로 한번 더 닦아내어 수분& 부스팅 성분들을 흡수시켜 주세요. 4) 닦아낸 부분 위에 메이크업 제품을 덧발라 수정화장을 완성시켜 주세요.",Cleansing,Tissue Pad
참존 징코 수딩 앤 클렌징 티슈 70매,11000,"제조일로부터 30개월이내의 상품을 순차적으로 발송 / 개봉 전 30개월, 개봉 후 6개월 이내 사용 권장, 사용기한은 제품별로 다소 차이가 날수 있음.","1. 티슈를 뽑아서 먼저 아이 메이크업, 립 메이크업 등 부분 색조화장을 지운 다음, 얼굴 전체를 피부결에 따라 가볍게 문질 러 닦아냅니다. 2. 메이크업을 부분 수정할 때에도 간편하게 사용할 수 있습니다.",Cleansing,Tissue Pad
해서린 선셋 원킬 리무버 패드 70매/170ml,15000,"개봉 전 24개월, 개봉 후 6개월 이내 사용 권장","패드 한 장을 꺼내 피부결 방향으로 닦은 후 씻어주세요. 강한 메이크업의 경우, 패드를 해당 부위에 잠시 올려놓은 뒤 닦아내면 더욱 좋습니다. * 피부 타입에 따라 물세안 또는 토너 등으로 마무리 해줍니다. * 캡 뚜껑을 돌려 연 후, 고무리드를 제거한 뒤 사용하세요.",Cleansing,Tissue Pad
식물나라 제주 탄산수 딥 클렌징티슈 100매,4400,"■ 제조일로부터 24개월 이내의 상품을 순차적으로 발송, 유통기한 개봉후 12개월",스티커를 열고 클렌징 티슈를 뽑아 아이&립 메이크업부터 얼굴 전체를 가볍게 문질러 닦아냅니다. 클렌징 폼과 물로 마무리 세안을 합니다. 워터프루프 메이크업은 식물나라 제주탄산수 립앤아이리무버를 함께 이용하시면 더욱 좋습니다.,Cleansing,Tissue Pad
궁중비책 마일드 선클렌징 티슈 30매,3520,제조일로부터 24개월/개봉 후 6개월 * 제조번호 : 용기 및 단상자에 별도 표기,피부를 부드럽고 꼼꼼하게 닦은 후 미온수로 충분히 헹궈주세요. TIP) 사용 후 건조 방지를 위해 반드시 제품 상단의 스티커를 다시 붙여주십시오.,Cleansing,Tissue Pad
바이오더마 센시비오 H2O 850ml(클렌징워터),24370,"제조일로부터 3년 이내의 상품을 순차적으로 발송, 개봉 후 12개월",메이크업 클렌징 및 아침 세안 시 화장솜에 적셔 사용합니다. 포인트 메이크업의 클렌징 시에는 화장솜을 잠시 올려두었다 사용하면 더욱 효과적입니다. 자극으로 민감해진 피부에 사용하셔도 좋습니다.,Cleansing,Water Milk
[리필기획] 메이크프렘 세이프 미 릴리프 모이스처 클렌징밀크 기획 (200ml+100ml 리필),19530,제조일로부터 36개월(개봉 후 12개월 이내),"1. 깨끗한 손에 적당량을 덜어내 물 묻히지 않은 얼굴에 고르게 펴 바릅니다. 2. 1분 정도 얼굴 전체에 꼼꼼히 롤링해 메이크업을 녹여줍니다. *진한 색조 와 워터프루프 제품은 전용 리무버 사용을 권장합니다.* 3. 미온수로 깨끗이 행궈내거나, 화장솜이나 티슈로 닦아냅니다. (티슈 오프시 피부에 자극이 갈 수 있으므로 주의) 4. 남아 있는 유분감이나 메이크업 잔여물을 폼으로 2차 세안하여 마무리합니다.",Cleansing,Water Milk
[2입기획]바이오더마 센시비오 H2O 500ml+500ml,31900,"제조일로부터 3년 이내의 상품을 순차적으로 발송, 개봉 후 12개월","""화장솜에 제품을 충분히 적신 뒤 얼굴 전체를 가볍게 닦아냅니다. 눈이나 세심한 리무빙이 필요한 부분에는 화장솜을 잠시 올려두웠다가 지워주세요. 따로 물세안이 필요없지만 , 차가운 물로 가볍게 마무리해주셔도 좋습니다 (남녀공용 클렌징워터)""",Cleansing,Water Milk
이즈앤트리 참마 비건 밀크 클렌저 220ml 리필기획 (+리필100ml),18900,개봉 전 30개월 / 개봉 후 6개월,"물기 없는 얼굴에 적당량을 덜어 도포 후 1분 정도 부드럽게 마사지하여 노폐물과 메이크업을 녹이고, 미온수로 깨끗이 헹구거나 화장솜으로 닦아내어 마무리합니다.",Cleansing,Water Milk
[1+1/초미세먼지세정] 듀이트리 하이 아미노 올 클렌징 밀크 200ml 기획,19900,제조일로부터 24개월,적당량을 덜어 소량의 물로 충분히 거품을 낸 다음 얼굴에 마사지하듯 부드럽게 문지른 후 미온수로 깨끗이 씻어줍니다.,Cleansing,Water Milk
[대용량 한정기획] 이즈앤트리 참마 비건 밀크 클렌저 220ml 기획 (+리필 200ml+스크런치),21700,개봉 전 36개월 / 개봉 후 12개월,"물기 없는 얼굴에 적당량을 덜어 도포 후 1분 정도 부드럽게 마사지하여 노폐물과 메이크업을 녹이고, 미온수로 깨끗이 헹구거나 화장솜으로 닦아내어 마무리합니다.",Cleansing,Water Milk
브링그린 티트리시카센시티브클렌징워터500mL_NEW,9500,"■ 제조일로부터 30개월, 개봉 후 12개월",화장솜에 적당량을 펌핑하여 아이&립 메이크업부터 얼굴 전체를 닦아낸 후 미온수로 헹구어 냅니다.,Cleansing,Water Milk
바이오더마 세비엄 H2O 500ml,16900,"제조일로부터 3년 이내의 상품을 순차적으로 발송, 개봉 후 12개월",메이크업 클렌징 및 아침 세안 시 화장솜에 적셔 사용합니다. 피지선이 발달한 티존 부위에 더블 클렌징해주시면 눈에 띄는 모공 케어 효과를 보실 수 있습니다. 피지선이 없는 눈가 및 입가 사용은 자제해주세요.,Cleansing,Water Milk
[대용량/약산성] 라운드랩 1025 독도 클렌징 워터 1+1 기획 (400ml+400ml),18000,"제조일로부터 36개월, 개봉 후 12개월 이내 사용","화장솜에 클렌징 워터를 충분히 적신 후, 얼굴 전체를 부드럽게 닦아냅니다. *포인트 메이크업은 클렌징 워터를 적신 화장솜을 약 5초간 올려 놓은 후 지워냅니다.",Cleansing,Water Milk
마녀공장 퓨어 클렌징워터 센서티브 500ml 펌프기획 (+화장솜 20매),14700,"제조일로부터 3년, 개봉 후 12개월","화장솜에 제품을 충분히 적신 후, 얼굴 전체를 피부결을 따라 부드럽게 닦아냅니다. *진한 포인트 메이크업 부위는 5~10초 정도 잠시 화장솜을 올려 두었다가 부드럽게 닦아줍니다.",Cleansing,Water Milk
[NEW] 토르홉 프로니 소금우유 단백질 밀크 오일 200ml,16550,제조일로부터 36개월,1. 깨끗이 씻은 손에 물기를 제거한 뒤 적당량을 덜어내 얼굴에 고르게 펴바릅니다. 2. 얼굴 전체에 꼼꼼히 부드럽게 롤링해 메이크업을 잘 녹여주세요. 3. 손에 약간의 물을 묻혀 밀크에서 오일로 변하는 유화 과정을 거쳐주세요. 4. 미온수로 깨끗이 헹궈내거나 화장솜 혹은 부드러운 티슈로 닦아내주세요.,Cleansing,Water Milk
바이오더마 센시비오 H2O 100ml(클렌징워터),7600,"제조일로부터 3년 이내의 상품을 순차적으로 발송, 개봉 후 12개월","화장솜에 제품을 충분히 적신 뒤 얼굴 전체를 가볍게 닦아냅니다. 눈이나 세심한 리무빙이 필요한 부분에는 화장솜을 잠시 올려두웠다가 지워주세요. 따로 물세안이 필요없지만 , 차가운 물로 가볍게 마무리해주셔도 좋습니다 (남녀공용 클렌징워터",Cleansing,Water Milk
바이오더마 센시비오 H2O 500ml(클렌징워터),27000,제조일로부터 3년 이내의 상품을 순차적으로 발송/ 개봉 후 6개월 사용 권장,메이크업 클렌징 및 아침 세안 시 화장솜에 적셔 사용합니다. 포인트 메이크업의 클렌징 시에는 화장솜을 잠시 올려두었다 사용하면 더욱 효과적입니다. 자극으로 민감해진 피부에 사용하셔도 좋습니다.,Cleansing,Water Milk
[보들촉촉밀크 / 2입] 뉴트로지나 딥클린 클렌징로션(클렌징 밀크) 200ml 2입,16900,주문일로부터 3년 이내 제조된 상품이 발송 됩니다. /사용기한: 제조일(또는 개봉일)로부터 3년 이내,적당량을 덜어 마사지 하듯 화장을 지우고 티슈를 이용해 닦아내거나 바로 물로 씻어낸 후 세안합니다.,Cleansing,Water Milk
[순딩촉촉 우유멜팅] 비플레인 녹두 모공 클렌징 밀크 밤 100ml,16900,"제조일로부터 30개월, 개봉 후 12개월",1. 물기가 없는 상태에서 스패츌러를 이용해 적당량을 덜어내어 얼굴 전체를 마사지해 줍니다. 2. 손에 물을 묻힌 후 30초 정도 마사지를 해줍니다. (우윳빛으로 변하는 유화 과정) 3. 미온수로 깨끗이 헹궈냅니다. TIP! 덮개를 버리지 않고 캡 안쪽에 올려두면 물이 들어가는 것을 방지할 수 있습니다.,Cleansing,Water Milk
[대용량/거품용기증정] 코스알엑스 약산성 민감피부 수분세안 클렌징워터 400ml 더블 기획 (+거품용기),19890,상품 발송일 기준으로 사용기한이 12개월 이상 남아있는 제품부터 순차적으로 판매 (유통기한 24개월 / 개봉 수 2개월 이내 사용 권장),1. 화장솜에 클렌징 워터를 충분히 적셔줍니다. 2. 피부 결 방향으로 얼굴 전체를 부드럽게 닦아냅니다. 3. 포인트 메이크업 부위는 10초 정도 가볍게 눌러 메이크업을 녹여낸 후 닦아냅니다.,Cleansing,Water Milk
메이크프렘 세이프 미 릴리프 모이스처 비건 클렌징밀크 200ml 기획(+100ml 리필+곤약스펀지1ea),19530,제조일로부터 36개월(개봉 후 12개월 이내),"1. 깨끗한 손에 적당량을 덜어내 물 묻히지 않은 얼굴에 고르게 펴 바릅니다. 2. 1분 정도 얼굴 전체에 꼼꼼히 롤링해 메이크업을 녹여줍니다. *진한 색조 와 워터프루프 제품은 전용 리무버 사용을 권장합니다.* 3. 미온수로 깨끗이 행궈내거나, 화장솜이나 티슈로 닦아냅니다. (티슈 오프시 피부에 자극이 갈 수 있으므로 주의) 4. 남아 있는 유분감이나 메이크업 잔여물을 폼으로 2차 세안하여 마무리합니다.",Cleansing,Water Milk
바이오더마 하이드라비오 H2O 500ml,16900,"제조일로부터 3년 이내의 상품을 순차적으로 발송, 개봉 후 12개월","화장솜에 제품을 충분히 적신 뒤 얼굴 전체를 가볍게 닦아냅니다. 눈이나 세심한 리무빙이 필요한 부분에는 화장솜을 잠시 올려두웠다가 지워주세요. 따로 물세안이 필요없지만 , 차가운 물로 가볍게 마무리해주셔도 좋습니다 (남녀공용 클렌징워터)",Cleansing,Water Milk
[NEW/쌀뜨물 우유세안] 에스네이처 아쿠아 라이스 클렌징밀크 280ml,19600,제조일로부터 36개월,"마른 손바닥에 적당량을 덜어, 마른 얼굴에 마사지하듯 부드럽게 롤링하여 메이크업을 녹여준 후, 미온수로 깨긋하게 세안해줍니다. 워터프루프 마스카라 화장은 클렌징 밀크 사용 전, 전용 아이리무버로 먼저 닦아 주세요.",Cleansing,Water Milk
[전용패드 30매 증정] 히야 마일드 벗 딥 클렌징 워터 300ml,23750,제조일로부터 2년 6개월,"기호에 따라 전용솜, 혹은 전용 거품기를 사용해주세요. * 전용 솜 사용  : 내용물을 충분히 적셔 부드럽게 피부결을 따라 닦아줍니다. 눈에 내용물이 들어가지 않도록 사용 시 유의해주세요. 2차 세안은 가볍게 물로만 권장합니다. * 전용 거품기 사용 시 : 최소 6번 거품을 펌핑하여 꼼꼼하게 롤링 후, 미온수로 닦아내줍니다.",Cleansing,Water Milk
마녀공장 퓨어 클렌징 밀크 200ml,13500,"제조일로부터 24개월, 개봉 후 12개월",적당량을 취해 마른 얼굴 전체에 펴발라 피부 결에 따라 부드럽게 마사지 한 후 미온수로 깨끗이 씻어 냅니다.,Cleansing,Water Milk
[호호뷰티PICK] 히야 마일드벗딥 클렌징 워터 300ml 기획(+클렌징패드 30매),23750,제조일로부터 2년 6개월,"기호에 따라 전용솜, 혹은 전용 거품기를 사용해주세요. * 전용 솜 사용  : 내용물을 충분히 적셔 부드럽게 피부결을 따라 닦아줍니다. 눈에 내용물이 들어가지 않도록 사용 시 유의해주세요. 2차 세안은 가볍게 물로만 권장합니다. * 전용 거품기 사용 시 : 최소 6번 거품을 펌핑하여 꼼꼼하게 롤링 후, 미온수로 닦아내줍니다.",Cleansing,Water Milk
아벤느 미셀라 클렌징 워터 400ml 더블 기획,29900,"개봉전 3년, 개봉 후 1년이내 사용권장","클렌징 워터를 화장솜에 듬뿍 적신 후, 피부결을 따라 부드럽게 닦아줍니다. 포인트 메이크업은 5초 정도 지그시 눌러준 뒤 닦아내면 더욱 순하게 지울 수 있습니다. 진정이 필요한 피부에 듬뿍 적신 화장솜을 올려두어도 좋습니다. 별도의 물 세안이 필요 없습니다.",Cleansing,Water Milk
[보습/영양 클렌징밀크] 유리아쥬 레데마끼앙 2입 기획 (250ml+250ml),27200,제조일로부터 1년 6개월 이내의 상품 발송/개봉후 9개월,"피부에 적당량을 덜어내어 마사지하듯 부드럽게 문지른 후, 헹궈주세요. 필요 시, 가벼운 폼클렌져로 마무리 해주세요.",Cleansing,Water Milk
[모공/피부결개선] 듀이트리 하이 아미노 올 클렌징 밀크 200ml,12350,30개월,"물기가 없는 상태에서 적당량을 덜어 클렌징이 필요한 부위에 골고루 펴 바른 후 부드럽게 롤링하여 충분히 마사지 한 후 미온수로 씻어내거나 화장솜을 이용해 닦아낸 후 미온수로 씻어 냅니다. (단, 필요에 따라 색조 전용 리무버 사용 및 2차 세안제 추가 사용을 권장드립니다.",Cleansing,Water Milk
[안심세안] 라운드랩 1025 독도 클렌징 밀크 200ml,16800,"제조일로부터 30개월, 개봉 후 12개월 이내 사용","적당량을 펌핑하여 마른 얼굴에 부드럽게 마사지한 뒤, 미온수로 깨끗이 씻어내거나 티슈로 닦아내어 마무리해 줍니다.",Cleansing,Water Milk
아벤느 미셀라 클렌징 워터 400ml (AD),15900,"개봉전 3년, 개봉 후 1년이내 사용권장","클렌징 워터를 화장솜에 듬뿍 적신 후, 피부결을 따라 부드럽게 닦아줍니다. 포인트 메이크업은 5초 정도 지그시 눌러준 뒤 닦아내면 더욱 순하게 지울 수 있습니다. 진정이 필요한 피부에 듬뿍 적신 화장솜을 올려두어도 좋습니다. 별도의 물 세안이 필요 없습니다.",Cleansing,Water Milk
[올인원클렌징] 달바 리턴 오일 크림 클렌저 100ml(튜브형),15900,제조일로부터 30개월(개봉후12개월),1. 물기가 없는 손에 적당량 짜낸 후 맨 얼굴 또는 메이크업 위에 도포하여 얼굴 전체를 부드럽게 마사지해 줍니다. 2. 손에 물을 묻혀 얼굴에 롤링하며 거품을 낸뒤 마사지하듯 부드럽게 노폐물을 녹여내어 줍니다. 3. 미온수로 거품을 충분히 행궈내어 줍니다.,Cleansing,Water Milk
메이크프렘 세이프 미 릴리프 모이스처 클렌징 밀크 200ml,18000,제조일로부터 36개월(개봉 후 12개월 이내),"1. 깨끗한 손에 적당량을 덜어내 물 묻히지 않은 얼굴에 고르게 펴 바릅니다. 2. 1분 정도 얼굴 전체에 꼼꼼히 롤링해 메이크업을 녹여줍니다. *진한 색조 와 워터프루프 제품은 전용 리무버 사용을 권장합니다.* 3. 미온수로 깨끗이 행궈내거나, 화장솜이나 티슈로 닦아냅니다. (티슈 오프시 피부에 자극이 갈 수 있으므로 주의) 4. 남아 있는 유분감이나 메이크업 잔여물을 폼으로 2차 세안하여 마무리합니다.",Cleansing,Water Milk
바이오더마 센시비오 H2O 250ml(클렌징워터),17000,제조일로부터 3년 이내의 상품을 순차적으로 발송/ 개봉 후 6개월 사용 권장,메이크업 클렌징 및 아침 세안 시 화장솜에 적셔 사용합니다. 포인트 메이크업의 클렌징 시에는 화장솜을 잠시 올려두었다 사용하면 더욱 효과적입니다. 자극으로 민감해진 피부에 사용하셔도 좋습니다.,Cleansing,Water Milk
라로슈포제 미셀라 클렌징워터 센시티브 400ml,32000,제조일로부터 1년 6개월이내의 상품을 순차적으로 발송 / 개봉 후 12개월,솜 한장에 적당량의 제품을 적신 뒤 얼굴 전체의 메이크업 잔여물을 부드럽게 닦아 냅니다.,Cleansing,Water Milk
제이엠솔루션 H9 히아루로닉 앰플 클렌징 워터 아쿠아 850ml,8800,제조일로부터 3년이내,"화장솜에 적당량의 내용물을 적신 후 눈가, 입가를 포함한 얼굴 전체를 안쪽에서 바깥쪽으로 메이크업 잔여물이 남지 않도록 깨끗이 닦아줍니다. (포인트 메이크업 클렌징 시, 눈 또는 입술 위에 내용물을 적신 화장솜을 올려두고 10초 후에 부드럽게 닦아줍니다. 더 말끔한 마무리를 원할 경우 가벼운 2차 세안을 해주어도 좋습니다.)",Cleansing,Water Milk
[저자극] 뉴트로지나 딥클린 클렌징크림 285ml,12900,"■제조일로부터 24개월 이내의 상품을 순차적으로 발송, 사용기한 제조일로부터 36개월",■ 메이크업과 피부의 더러움을 제거하는데 사용하세요.,Cleansing,Water Milk
[수분충전] 유리아쥬 미셀라 클렌징 워터 2입 기획 (500ml + 500ml),26600,제조일로부터 1년 6개월 이내의 상품을 순차적으로 발송/개봉후 9개월,"화장솜에 충분량을 덜어, 얼굴 전체를 부드럽게 닦아주세요. 눈과 입술에 사용 시, 적신 화장솜을 1~2분 정도 올려놓은 후, 쓸어내리듯 닦아줍니다. 2차 물세안이 필요 없으나, 두 세번 노폐물이 묻어나지 않도록 닦아내주세요.",Cleansing,Water Milk
[민감진정] 유리아쥬 미셀라 클렌징 워터 센서티브 2입 기획 (500ml+500ml),26600,제조일로부터 1년 6개월 이내의 상품 발송/개봉후 9개월,화장솜에 적당량을 덜어내어 메이크업의 잔여물이 남지 않을 때까지 가볍게 닦아주세요.,Cleansing,Water Milk
[증정기획] 닥터지 약산성 클렌징 워터 490ml 기획 (+화장솜 70매),20500,36개월(개봉 후 12개월),화장솜에 내용물을 충분히 적신 후 피부결을 따라 부드럽게 닦아줍니다. 포인트 메이크업 클렌징 시에는 화장솜을 잠시 올려두었다가 닦아내면 효과적입니다.,Cleansing,Water Milk
더샘 내추럴 컨디션 탄산 클렌징워터 500ml,9000,제조일로부터 36개월,"화장솜에 충분히 적신 후 피부결을 따라 부드럽게 닦아내고, 포인트 메이크업 부위는 가볍게 눌러 녹여낸 다음 쓸어내듯이 닦아줍니다. 별도의 물 세안이 필요없지만 가볍게 물로 마무리 하셔도 좋습니다.",Cleansing,Water Milk
비욘드 엔젤아쿠아 퓨리파잉 클렌징워터 500ml,18000,"개봉전 제조일로부터 36개월, 유통기한 개봉후 9개월",화장솜에 내용물을 충분히 적셔 얼굴 안쪽에서 바깥쪽으로 피부결에 따라 부드럽게 닦아내어 줍니다.,Cleansing,Water Milk
파티온 노스카나인 클렌징워터 500ml,18000,"제조일로부터 36개월, 개봉 후 12개월 (2022년 06월 01일 이후 제조된 상품만을 취급)",메이크업 클렌징 및 세안시 화장솜에 적당량을 덜어 피부결을 따라 닦아낸 후 미온수로 가볍게 헹구어 냅니다.,Cleansing,Water Milk
[신현지Pick] 비페스타 클렌징워터 세럼 모이스트 400ml (촉촉 보습),8890,제조일로부터 4년,"화장솜에 적당량(2번 펌핑 정도)의 클렌징 워터를 충분히 적셔주세요. 진한 포인트 메이크업 부위는 5-10초 정도 화장솜을 올려 두었다가 부드럽게 닦아주세요. 아이 메이크업 클렌징 시, 눈에 들어가지 않도록 주의해주세요. 세안을 할 경우에는 미온수로만 가볍게 닦아주세요.",Cleansing,Water Milk
[신현지Pick] 비페스타 클렌징워터 센시티브 400ml (저자극 진정),8890,제조일로부터 4년,"화장솜에 적당량(2번 펌핑 정도)의 클렌징 워터를 충분히 적셔주세요. 진한 포인트 메이크업 부위는 5-10초 정도 화장솜을 올려 두었다가 부드럽게 닦아주세요. 아이 메이크업 클렌징 시, 눈에 들어가지 않도록 주의해주세요. 세안을 할 경우에는 미온수로만 가볍게 닦아주세요.",Cleansing,Water Milk
마녀공장 퓨어 클렌징워터 센서티브 55ml,3200,"제조일로부터 3년, 개봉 후 12개월","화장솜에 제품을 충분히 적신 후, 얼굴 전체를 피부결을 따라 부드럽게 닦아냅니다 *진한 포인트 메이크업 부위는 5~10초 정도 잠시 화장솜을 올려 두었다가 부드럽게 닦아줍니다.",Cleansing,Water Milk
바이오더마 센시비오 레 데마끼앙 (민감 피부용 클렌징 밀크),19500,제조일로부터 3년 이내의 상품을 순차적으로 발송/ 개봉 후 6개월 사용 권장,화장솜에 적당량을 덜어 피부의 잔여물이 묻어 나오지 않을 때까지 닦아냅니다.,Cleansing,Water Milk
유리아쥬 미셀라 클렌징 워터 2입 기획 (250ml + 250ml),19600,제조일로부터 1년 6개월 이내의 상품을 순차적으로 발송/개봉후 9개월,"화장솜에 충분량을 덜어, 얼굴 전체를 부드럽게 닦아주세요. 눈과 입술에 사용 시, 적신 화장솜을 1~2분 정도 올려놓은 후, 쓸어내리듯 닦아줍니다. 2차 물세안이 필요 없으나, 두 세번 노폐물이 묻어나지 않도록 닦아내주세요.",Cleansing,Water Milk
라로슈포제 미셀라 클렌징워터 리액티브 400ml,32000,제조일로부터 1년 6개월이내의 상품을 순차적으로 발송 / 개봉후 6개월,솜 한장에 적당량의 제품을 적신 뒤 얼굴 전체의 메이크업 잔여물을 부드럽게 닦아 냅니다.,Cleansing,Water Milk
나이팅게일 클렌징워터 딥 500ml 기획,9900,제조일로부터 3년,"물기가 없는 손으로 적당량을 화장솜에 덜어 피부결을 따라 얼굴 안쪽에서 바깥쪽으로 부드럽게 메이크업을 지워줍니다. 별도의 물세안을 하지 않아도 되는 논워시 타입이지만, 필요에 따라 미온수로 가볍게 마무리해주셔도 좋습니다.",Cleansing,Water Milk
셀비엔 토너워시 500ml,15000,"제조일로부터 24개월, 개봉 후 12개월 이내","1. 토너 : 세안 후 적당량을 얼굴과 목 전체에 골고루 펴 바른뒤 두드리듯 흡수시켜 줍니다. 2. 토너워시 : 클렌징 후, 물과 토너를 9:1 or 8:2로 섞어서 세안합니다. 세안 후 두드려서 흡수시켜 줍니다.",Cleansing,Water Milk
엠브리올리스 미셀라 로션 250ml,30000,"제조일로부터 4년, 개봉 후 6개월","아침과 저녁 세안 후 얼굴에 직접 뿌리거나 화장솜에 적당량을 덜어 사용합니다. 피부결을 정돈한 뒤, 피부에 흡수되도록 충분히 두드려주세요.",Cleansing,Water Milk
비욘드 엔젤아쿠아 퓨리파잉 클렌징워터 500ml,18000,"개봉전 제조일로부터 36개월, 유통기한 개봉후 9개월",화장솜에 내용물을 충분히 적셔 얼굴 안쪽에서 바깥쪽으로 피부결에 따라 부드럽게 닦아내어 줍니다.,Cleansing,Water Milk
리듀어 리프레싱 타임 클렌징워터 더블 기획 (400ml+400ml),19800,30개월 ( 개봉후 12개월 ),STEP 1 화장솜에 충분히 적신 후 피부 결을 따라 얼굴 안쪽에서 바깥쪽 방향으로 닦아내줍니다. STEP 2 포인트 메이크업 부위는 5-10초간 가볍게 눌러 메이크업을 녹여낸 후 닦아내줍니다.,Cleansing,Water Milk
제이엠솔루션 H9 히아루로닉 앰플 클렌징 워터 아쿠아 500ml,8000,제조일로부터 3년 이내,"화장솜에 적당량의 내용물을 적신 후 눈가, 입가를 포함한 얼굴 전체를 안쪽에서 바깥쪽으로 메이크업 잔여물이 남지 않도록 깨끗이 닦아줍니다. (포인트 메이크업 클렌징 시, 눈 또는 입술 위에 내용물을 적신 화장솜을 올려두고 10초 후에 부드럽게 닦아줍니다. 더 말끔한 마무리를 원할 경우 가벼운 2차 세안을 해주어도 좋습니다.)",Cleansing,Water Milk
[안자극NO/수분클렌징] 셀퓨전씨 약산성 패리어 클렌징 워터 500ml,13900,"제조일로부터 1년6개월 이내의 상품을 순차적으로 발송, 유통기한 개봉후 12개월","1. 아침 세안 및 메이크업 클렌징 시, 화장솜에 클렌징 워터를 충분히 젹셔 얼굴 전체를 가볍게 닦아냅니다. 2. 포인트 메이크업 부위에는 5~10초간 올려두어 메이크업을 녹여낸 후 닦아내줍니다. 3. 별도의 2차 세안은 필요없으나, 미온수로 가볍게 헹구어 주어도 됩니다.",Cleansing,Water Milk
[신현지Pick] 비페스타 클렌징워터 브라이트닝 400ml (모공&각질),15000,제조일로부터 4년,"화장솜에 적당량(2번 펌핑 정도)의 클렌징 워터를 충분히 적셔주세요. 진한 포인트 메이크업 부위는 5-10초 정도 화장솜을 올려 두었다가 부드럽게 닦아주세요. 아이 메이크업 클렌징 시, 눈에 들어가지 않도록 주의해주세요. 세안을 할 경우에는 미온수로만 가볍게 닦아주세요.",Cleansing,Water Milk
바비브라운 엑스트라 클렌징 밤 100ml,100000,제조일로부터 36개월,"아이 메이크업을 지우고 소량을 손에 녹여 얼굴 전체에 30초 정도 마사지한 후, 미지근한 물로 헹궈 냅니다. 눈 주위는 피해 주세요.",Cleansing,Water Milk
[대용량] 메이크프렘 세이프 미 릴리프 모이스처 클렌징 밀크 500ml,42000,제조일로부터 36개월(개봉 후 12개월 이내),"1. 깨끗한 손에 적당량을 덜어내 물 묻히지 않은 얼굴에 고르게 펴 바릅니다. 2. 1분 정도 얼굴 전체에 꼼꼼히 롤링해 메이크업을 녹여줍니다. *진한 색조 와 워터프루프 제품은 전용 리무버 사용을 권장합니다.* 3. 미온수로 깨끗이 행궈내거나, 화장솜이나 티슈로 닦아냅니다. (티슈 오프시 피부에 자극이 갈 수 있으므로 주의) 4. 남아 있는 유분감이나 메이크업 잔여물을 폼으로 2차 세안하여 마무리합니다.",Cleansing,Water Milk
[클렌징 워터] 센카 올 클리어 워터 미셀라 포뮬러 프레시  230ml,8900,제조일로부터 3년 이내 상품을 발송합니다. (제조일로부터 36개월 이내 사용가능),"1. 화장솜에 적당량을 덜어 충분히 적신 후, 피부결에 따라 부드럽게 닦아 냅니다. 별도의 물세안이 필요 없는 제품이며, 필요에 따라 미온수로 헹구어 냅니다.",Cleansing,Water Milk
[저자극 약산성/모공 딥클렌징] 로벡틴 아쿠아 딥 클렌징 워터 400ml,9900,개봉일로부터 1년 내,"화장솜에 제품을 충분히 적신 뒤, 피부결을 따라 얼굴 전체를 부드럽게 닦아냅니다. 포인트 메이크업은 화장솜을 올려두고 녹여낸 다음 누르듯이 닦아줍니다.",Cleansing,Water Milk
[pH5.5 미셀 솔루션/버블클렌저] 리쥬란 더마힐러 모이스처 버블 클렌징 워터 150ml,30000,제조일로부터 30개월,"피부가 민감한 날-버블을 손에 3회 정도 덜어낸 후, 피부 위에서 부드럽게 롤링하며 세안해 줍니다. 진한 메이크업을 한 날-솜 위에 버블을 올려 솜을 충분히 적셔준 후, 피부결을 따라 부드럽게 닦아줍니다.",Cleansing,Water Milk
[저자극 약산성/모공 딥클렌징] 로벡틴 아쿠아 딥 클렌징워터 리필기획 (400ml+350ml),21000,개봉일로부터 1년 내,"화장솜에 제품을 충분히 적신 뒤, 피부결을 따라 얼굴 전체를 부드럽게 닦아냅니다. 포인트 메이크업은 화장솜을 올려두고 녹여낸 다음 누르듯이 닦아줍니다.",Cleansing,Water Milk
디오디너리 글라이코리피드 크림 클렌저 150ml,19000,개봉 후 12개월(제조연월 별도표기),"제품을 손에 짜낸 뒤, 물기 없는 얼굴에 마사지하듯 문지르고 따듯한 물로 세안하세요.",Cleansing,Water Milk
*모든 원료 비건* 포인트앤 소이 클렌징 밀크 230ml,14350,"개봉 전 제조일로부터 36개월, 개봉 후 12개월 이내",물기 없는 손에 내용물을 적당량 취하여 얼굴 전체를 마사지 하듯이 부드럽게 롤링 한 후 티슈로 닦아내거나 미온수로 여러 번 씻어냅니다.,Cleansing,Water Milk
더페이스샵 미감수 브라이트 클렌징로션 200ml,5300,제조일로부터 36개월/ 개봉 후 12개월,"손바닥에 적당량을 덜어내 얼굴 전체에 고루 펴 바른 후, 메이크업이 녹아나올 때까지 부드럽게 마사지한 후 티슈로 닦아내고 클렌징 폼을 이용하여 마무리합니다.",Cleansing,Water Milk
[더블기획] 마녀공장 퓨어 클렌징워터 센서티브 500mlx2(+화장솜20매 증정),41000,"제조일로부터 3년, 개봉 후 12개월","화장솜에 제품을 충분히 적신 후, 얼굴 전체를 피부결을 따라 부드럽게 닦아냅니다. *진한 포인트 메이크업 부위는 5~10초 정도 잠시 화장솜을 올려 두었다가 부드럽게 닦아줍니다.",Cleansing,Water Milk
비플레인 녹두 클렌징 워터 400ml,22000,36개월,"""화장솜에 클렌징 워터를 충분히 적신 후, 피부 결을 따라 부드럽게 닦아냅니다. 포인트 메이크업은 화장솜을 5~10초 정도 올려 두었다가 부드럽게 닦아주세요. 별도의 물 세안은 필요없으나, 미온수로 마무리하셔도 좋습니다.""",Cleansing,Water Milk
닥터벨머 아미노클리어 클렌징워터 300ml,10400,제조일로부터 36개월/ 개봉 후 12개월,내용물을 화장솜에 충분히 적셔 피부결을 따라 얼굴 안에서 밖으로 닦아냅니다. 경우에 따라 미온수로 마무리해주셔도 좋습니다.,Cleansing,Water Milk
피토메르 레데마끼양 250ml,33000,"개봉 전 36개월, 개봉 후 12개월 이내 사용",마른 손에 적당량을 덜어 가볍게 클렌징 한 후 미온수로 제거합니다.,Cleansing,Water Milk
아누아 어성초 약산성 딥 클렌징워터 500g,18900,36개월 / 개봉 후 12개월,"화장솜에 내용물을 충분히 적신 후, 얼굴 전체를 부드럽게 닦아냅니다. 포인트 메이크업은 클렌징 워터를 적신 화장솜을 약 5초간 올려놓은 후 지워냅니다.",Cleansing,Water Milk
[진정팩1매증정] 아이다 글루타치온 밀크 오일 클렌저 150g,29500,36개월(개봉 후 12개월),사용 전 5회정도 흔들어 섞어준 뒤 부드럽게 롤링 후 깨끗하게 헹궈 마무리 해주세요.,Cleansing,Water Milk
[리필증정] 에뛰드 순정 약산성 클렌징밀크 200ml 기획 (+100ml 리필),23400,개봉 전 36개월/ 개봉 후 12개월,"물기 없는 얼굴에 내용물을 적당량 덜어 부드럽게 마사지하고, 미온수로 깨끗이 헹구거나 화장솜으로 닦아내어 마무리합니다.",Cleansing,Water Milk
[NEW] 헤라 리프레싱 토닉 클렌징워터 200ml,36300,"제조일로부터 36개월, 개봉후 12개월","화장솜에 내용물을 덜어 충분히 적셔 준 후, 얼굴 전체를 부드럽게 닦아줍니다. 물세안이 필요 없지만 개인의 클렌징 습관에 따라 미온수로 헹궈냅니다.",Cleansing,Water Milk
바이오더마 센시비오 H2O 500ml 2입 기획,31900,제조일로부터 3년 이내의 상품을 순차적으로 발송/ 개봉 후 6개월 사용 권장,메이크업 클렌징 및 아침 세안 시 화장솜에 적셔 사용합니다. 포인트 메이크업의 클렌징 시에는 화장솜을 잠시 올려두었다 사용하면 더욱 효과적입니다. 자극으로 민감해진 피부에 사용하셔도 좋습니다.,Cleansing,Water Milk
[스파 클렌저]에스테덤 카밍 클렌징 밀크 200ml(민감 피부용 클렌징 밀크),34400,"제조일로부터 36개월, 개봉 후 6개월 이내 사용 권장",1) 얼굴 전체를 마사지하여 메이크업을 제거합니다. 2) 티슈 오프 혹은 워시 오프 합니다.,Cleansing,Water Milk
[미네랄 수분 부스팅 클렌징워터] SVR 피지오퓨어 오미셀라 400ml,39000,제조일로부터 3년(개봉 후 12개월),적당량을 화장솜에 덜어내 얼굴 전체를 부드럽게 닦아냅니다. 화장솜을 잠시 올려둔 뒤 닦아내면 진한 메이크업까지 말끔하게 지워집니다.,Cleansing,Water Milk
[단독기획] 메이크프렘 모이스처 비건 클렌징밀크 200ml 기획 (+리필 200ml+곤약스펀지),23800,제조일로부터 36개월(개봉 후 12개월 이내),"1. 깨끗한 손에 적당량을 덜어내 물 묻히지 않은 얼굴에 고르게 펴바릅니다. 2. 1분 정도 얼굴 전체에 꼼꼼히 롤링해 메이크업을 녹여줍니다. *진한 색조 와 워터프루프 제품은 전용 리무버 사용을 권장합니다.* 3. 미온수로 깨끗이 행궈내거나, 화장솜이나 티슈로 닦아냅니다. (티슈 오프시 피부에 자극이 갈 수 있으므로 주의) 4. 남아 있는 유분감이나 메이크업 잔여물을 폼으로 2차 세안하여 마무리합니다.",Cleansing,Water Milk
[한정기획] 메이크프렘 세이프 미 릴리프 클렌징밀크 200ml 기획 (+리필 200ml+해면 스펀지),23800,제조일로부터 36개월(개봉 후 12개월 이내),"1. 깨끗한 손에 적당량을 덜어내 물 묻히지 않은 얼굴에 고르게 펴바릅니다. 2. 1분 정도 얼굴 전체에 꼼꼼히 롤링해 메이크업을 녹여줍니다. *진한 색조 와 워터프루프 제품은 전용 리무버 사용을 권장합니다.* 3. 미온수로 깨끗이 행궈내거나, 화장솜이나 티슈로 닦아냅니다. (티슈 오프시 피부에 자극이 갈 수 있으므로 주의) 4. 남아 있는 유분감이나 메이크업 잔여물을 폼으로 2차 세안하여 마무리합니다.",Cleansing,Water Milk
참존 콘트롤크림 셀프 마사지 더블 기획,18000,"제조일로부터 30개월이내의 상품을 순차적으로 발송 / 개봉 전 30개월, 개봉 후 6개월 이내 사용 권장, 사용기한은 제품별로 다소 차이가 날수 있음.","세안 후 물기가 없는 상태에서 충분한 양을 도톰하게 바릅니다. 2~3분 후 물기가 보이면 1분간 마사지 한 뒤, 노폐물이 밀려나오면 물 세안합니다.",Cleansing,Water Milk
비오텀 클렌징 밀크 200ml,24900,2년6개월 (개봉후 1년),"1.물을 적시지 않은 손에 적당량의 클렌징 밀크를 덜어 얼굴응 전체적으로 마사지 하면서 클렌징 및 세안을 한 후 미온수나 차가운 물로 말끔히 씻겨낸다. 2.피부가 흡수를 잘하여 빡빡한 경우에는 1의 방법이 아닌,손에 물을 적신상태에서 크렌징 밀크를 덜어 얼굴을 전체적으로 마사지 하면서 클렌징 한다. 3.신생아의 입욕제로 사용할 경우 오백원 동전 정도의 양을 물에 풀어준 후 목욕을 한다.",Cleansing,Water Milk
비오텀 클렌징 밀크 75ml,13900,2년 6개월(개봉후 1년),"1.물을 적시지 않은 손에 적당량의 클렌징 밀크를 덜어 얼굴을 전체적으로 마사지 하면서 클렌징 및 세안을 한 후 미온수나 차가운 물로 말끔히 씻겨낸다. 2.피부가 흡수를 잘하여 뻑뻑한 경우에는 1의 방법이 아닌,손에 물을 적신 상태에서 클렌징 밀크를 덜어 얼굴을  전체적으로 마사지 하면서 클렌징 한다 3.신생아의 입욕제로 사용할 경우 오백원 동전 정도의 양을 물에 풀어준 후 목욕을 한다.",Cleansing,Water Milk
비엘렌다 로즈 클렌징 워터 500ml,19000,36개월(6개월),적당량을 화장솜에 덜어 약 3~5초간 올려 놓은 후 부드럽게 클렌징 해 주세요. 클렌징 후 세안하실 필요 없습니다.,Cleansing,Water Milk
메이크프렘 세이프 미 릴리프 모이스처 클렌징밀크 기획 (200ml+폼50ml),24000,제조일로부터 36개월(개봉 후 12개월 이내),"1. 깨끗한 손에 적당량을 덜어내 물 묻히지 않은 얼굴에 고르게 펴 바릅니다. 2. 1분 정도 얼굴 전체에 꼼꼼히 롤링해 메이크업을 녹여줍니다. *진한 색조 와 워터프루프 제품은 전용 리무버 사용을 권장합니다.* 3. 미온수로 깨끗이 행궈내거나, 화장솜이나 티슈로 닦아냅니다. (티슈 오프시 피부에 자극이 갈 수 있으므로 주의) 4. 남아 있는 유분감이나 메이크업 잔여물을 폼으로 2차 세안하여 마무리합니다.",Cleansing,Water Milk
시드물 닥터트럽 클렌징 밀크 200ml,13600,제조년월일: 2022년 08월 24일(730일),물기 없는 상태에서 적당량을 덜어 클렌징하려는 부위에 고루 바르고 충분한 마사지 후 미온수로 씻어 냅니다.,Cleansing,Water Milk
이즈앤트리 참마 비건 밀크 클렌저 220ml,17900,개봉 전 30개월 / 개봉 후 6개월,"물기 없는 얼굴에 적당량을 덜어 도포 후 1분 정도 부드럽게 마사지하여 노폐물과 메이크업을 녹이고, 미온수로 깨끗이 헹구거나 화장솜으로 닦아내어 마무리합니다.",Cleansing,Water Milk
빌리프 해피보 마일드 클렌징 워터 200ml,30000,"개봉전 제조일로부터 36개월, 유통기한 개봉후 12개월","화장솜을 펌프 위에 대고 2~3회 펌핑하여 충분히 적신 후, 피부 결을 따라 부드럽게 닦아낸 다음 미온수로 깨끗이 헹구어 줍니다.",Cleansing,Water Milk
마녀공장 퓨어 클렌징워터 센서티브 500ml,14900,"제조일로부터 3년, 개봉 후 12개월","화장솜에 제품을 충분히 적신 후, 얼굴 전체를 피부결을 따라 부드럽게 닦아냅니다 *진한 포인트 메이크업 부위는 5~10초 정도 잠시 화장솜을 올려 두었다가 부드럽게 닦아줍니다.",Cleansing,Water Milk
더페이스샵 미감수 브라이트 순한 클렌징워터 500ml,9500,제조일로부터 36개월/ 개봉 후 12개월,"화장솜에 내용물을 적신 뒤, 피부결을 따라 안에서 밖으로 닦아냅니다. 진한 포인트 메이크업을 지울 경우에는 내용물을 적신 화장솜을 잠시 올려두었다가 닦아내면 좀더 깔끔하게 클렌징 할 수 있습니다. 경우에 따라 미온수로 가볍게 헹구어 냅니다.",Cleansing,Water Milk
더바디샵 티트리 스킨 클리어링 훼이셜 워시 250ML,24700,발송일 기준 최대 28개월 이내 제조된 제품으로 발송; 제조일로부터 36개월 이내 사용,"매일 아침, 저녁 아몬드 크기의 양을 덜어 젖은 얼굴에 마사지합니다. 깨끗하게 물로 씻어냅니다.",Cleansing,Water Milk
비오텀 클렌징밀크 어드밴스드 200ml,29800,790(개봉 후 1년),"1.아침과 저녁으로 세안합니다. 2.세안시 자극없이 롤링 후 물로 말끔하게 씻어줍니다. 단, 롤링시 피부가 뻑뻑하면 물을 적신 상태로 롤링을 합니다. 3.메이크업 클렌징시 자극없이 롤링을 한 후 추가로 손을 적신 상태에서 한번 더 꼼꼼하게 롤링을 합니다. 4.물로 말끔하게 씻어주면 이중 세안 없이도 깨끗하게 씻어주면서 피부결을 보호해줍니다.",Cleansing,Water Milk
[2024 어워즈/최초대용량기획] 메이크프렘 클렌징 밀크 200ml 한정 기획 (+리필 200ml +실리콘패드),23800,제조일로부터 36개월(개봉 후 12개월 이내),"1. 깨끗한 손에 적당량을 덜어내 물 묻히지 않은 얼굴에 고르게 펴바릅니다. 2. 1분 정도 얼굴 전체에 꼼꼼히 롤링해 메이크업을 녹여줍니다. *진한 색조 와 워터프루프 제품은 전용 리무버 사용을 권장합니다.* 3. 미온수로 깨끗이 행궈내거나, 화장솜이나 티슈로 닦아냅니다. (티슈 오프시 피부에 자극이 갈 수 있으므로 주의) 4. 남아 있는 유분감이나 메이크업 잔여물을 폼으로 2차 세안하여 마무리합니다.",Cleansing,Water Milk
[독보적보습립밤] 유리아쥬 스틱레브르 오리지널 4g 2+1 한정기획,21600,제조일로부터 2년 이내의 상품을 순차적으로 발송/개봉후 12개월,휴대하면서 건조한 입술에 수시로 발라주세요.,DermoCosmetics,Body Care
[7월 올영픽] 에스트라 테라크네365 나이아신아마이드 5% 흔적 바디 미스트 200ml+100ml 리필기획,21200,36개월 (개봉 후 1년),"아침, 저녁 샤워 후, 트러블 고민 부위에 적당량을 골고루 분사한 뒤 가볍게 두드리면서 흡수시켜 줍니다.",DermoCosmetics,Body Care
[보습/탄력/브라이트닝] 유리아쥬 진피 마일드 젤 500ml,32400,제조일로부터 1년 6개월 이내의 제품 발송 / 개봉후 9개월,"1~2회/일 적당량을 덜어 거품내어 클렌징 후, 물로 헹궈냅니다.(본 제품은 외용제품임)",DermoCosmetics,Body Care
[1위등드름워시] 파티온 노스카나인 트러블 바디워시 490ml 기획,17910,"제조일로부터 36개월, 개봉 후 12개월 (2023년 4월 28일 이후 제조된 상품만을 취급)","적당량을 샤워 타올 또는 손에 펌핑해 거품을 낸 후, 바디 전체에 부드럽게 문지른 뒤 물로 깨끗이 씻어 냅니다.",DermoCosmetics,Body Care
바이오더마 아토덤 립스틱 1+1 기획 (저자극 립밤),20000,"제조일로부터 3년,  개봉 후 6개월이내 사용 권장",입술이 건조하다고 느낄 때마다 수시로 덧발라 주세요.,DermoCosmetics,Body Care
[저자극] 유리아쥬 진피 마일드 폼 150ml,18400,제조일로부터 1년 6개월 이내의 상품 발송/개봉후 12개월,"1~2회/일 적당량을 펌핑하여 부드러운 거품으로 클렌징 한 후, 물로 헹궈냅니다. (본 제품은 외용제품임)",DermoCosmetics,Body Care
에스트라 아토베리어365 바디로션 400ml,33000,36개월 (개봉 후 1년),"아침,저녁 샤워나 목욕 후 전신에 적당량을 취하여 마사지하듯 골고루 펴 발라 흡수시켜줍니다.",DermoCosmetics,Body Care
바이오더마 아토덤 울트라 크림 200ml 더블 기획,27440,"제조일로부터 3년, 개봉 후 6개월이내 사용 권장","세안 및 샤워 후, 적당량을 덜어 얼굴 및 몸에 부드럽게 마사지 하듯이 발라줍니다.",DermoCosmetics,Body Care
[보습/탄력/브라이트닝] 유리아쥬 진피 마일드 젤 5종 택 1,21000,제조일로부터 1년 6개월 이내의 제품 발송 / 개봉후 9개월,"1~2회/일 적당량을 덜어 거품내어 클렌징 후, 물로 헹궈냅니다.(본 제품은 외용제품임)",DermoCosmetics,Body Care
[단독기획] 파티온 노스카나인 트러블 바디 미스트 145ml 기획(바디워시5ml*4ea),16720,"제조일로부터 30개월, 개봉 후 12개월 (2025년 3월 이후 제조된 상품만을 취급)","샤워 후, 바디 고민 부위에 적당량을 분사한 뒤 가볍게 두드리면서 흡수시켜줍니다.",DermoCosmetics,Body Care
유리아쥬 스틱레브르 무향 더블기획 (4g+4g),15300,제조일로부터 1년 6개월 이내의 제품 발송/개봉후 12개월,건조한 입술 위에 수시로 덧바르세요.,DermoCosmetics,Body Care
피지오겔 레드 수딩 AI 바디로션 400ml,29900,제조일자로부터 36개월 / 개봉 후 12개월,적당량을 취하여 전신에 마사지하듯 골고루 발라줍니다.,DermoCosmetics,Body Care
바이오더마 아토덤 인텐시브 젤 크림 500ml,33750,제조일로부터 3년 이내의 상품을 순차적으로 발송/ 개봉 후 6개월 사용 권장,"세안 및 샤워 후, 적당량을 덜어 부드럽게 마사지하듯 발라줍니다.",DermoCosmetics,Body Care
피지오겔 DMT 바디로션 400ml,24900,제조일자로부터 36개월,적당량을 취하여 피부에 마사지하듯 두드려 흡수시켜줍니다.,DermoCosmetics,Body Care
[트러블*케어 클렌저] 유리아쥬 이제악 클렌징 젤 500ml,32000,개봉 전 사용기간 제조일로부터 36개월 / 개봉 후 12개월,"적당량을 덜어 거품을 낸 뒤, 얼굴과 몸을 부드럽게 클렌징 후 물로 헹궈냅니다.",DermoCosmetics,Body Care
[홈스파 리추얼 멀티오일]눅스 윌 프로디쥬스 멀티 드라이 오일 100ml,46800,개봉 전 제조일로부터 3년 / 개봉 후 12개월,"BODY :  샤워 후 물기가 남은 바디 전체에 뿌려 가볍게 마사지 해주며 발라줍니다. FACE : 세안 직후, 손에 1-2회 분사하여 얼굴 전체에 가볍게 흡수시켜 줍니다. HAIR : 바디와 페이스에 사용 후 손에 남은 오일을 모발 끝에 가볍게 발라주세요.",DermoCosmetics,Body Care
피지오겔 DMT 마일드 립밤,9900,"제조일자로부터 36개월, 개봉 후 12개월 권장",건조해진 입술에 수시로 덧발라줍니다.,DermoCosmetics,Body Care
라로슈포제 에빠끌라 퓨리파잉 포밍 젤 400ml,32900,18개월 이상 남아있는 제품부터 순차적으로 발송 / 개봉 후 12개월,"'에빠끌라 퓨리파잉 포밍 젤+M 적당량을 덜어 손에서 거품을 낸 후, 젖은 피부를 부드럽게 마사지하듯이 클렌징하고 물로 헹구어 내줍니다",DermoCosmetics,Body Care
피지오겔 레드수딩 AI 바디로션 400ml + 시카 폼클렌저 20ml 한정기획,30900,제조일자로부터 36개월 / 개봉 후 12개월,적당량을 취하여 전신에 마사지하듯 골고루 발라줍니다.,DermoCosmetics,Body Care
닥터디퍼런트 레티날 립 밤 2종 택1 (클리어/틴티드),16720,개봉전 36개월 / 개봉후 12개월,적당량을 취해 입술에 펴바른다.,DermoCosmetics,Body Care
[홈스파 리추얼 멀티오일] 눅스 윌 프로디쥬스 멀티 리치 오일 100ml,50400,제조 후 3년/ 개봉 후 1년,"BODY :  샤워 후 물기가 남은 바디 전체에 뿌려 가볍게 마사지 해주며 발라줍니다. FACE : 세안 직후, 손에 1-2회 분사하여 얼굴 전체에 가볍게 흡수시켜 줍니다. HAIR : 바디와 페이스에 사용 후 손에 남은 오일을 모발 끝에 가볍게 발라주세요.",DermoCosmetics,Body Care
[반얀트리&오원 PICK] 눅스 윌 프로디쥬스 멀티 플로럴 오일 100ml,46800,개봉 전 제조일로부터 3년 / 개봉 후 12개월,"BODY :  샤워 후 물기가 남은 바디 전체에 뿌려 가볍게 마사지 해주며 발라줍니다. FACE : 세안 직후, 손에 1-2회 분사하여 얼굴 전체에 가볍게 흡수시켜 줍니다. HAIR : 바디와 페이스에 사용 후 손에 남은 오일을 모발 끝에 가볍게 발라주세요.",DermoCosmetics,Body Care
라로슈포제 시카플라스트 레브르 립밤,10500,제조일로부터 3년 이내 / 개봉 후 18개월,입술이 건조할 때마다 수시로 발라줍니다.,DermoCosmetics,Body Care
바이오더마 아토덤 윌 드 두쉬 200ml,20000,"제조일로부터 3년 이내의 상품을 순차적으로 발송,  개봉 후 12개월","물로 얼굴과 몸을 충분히 적신 후, 적당량을 덜어 피부에 부드럽게 마사지하듯 세정한 후 물로 씻어냅니다. 페이스 클렌저로도 사용합니다.",DermoCosmetics,Body Care
"[꿀슈가스크럽/선물추천] 눅스 레브드미엘 바디스크럽 175ml 기획 (+드라이오일 10ml, 우드스쿱 증정)",35100,개봉 전 제조일로부터 3년/개봉 후 12개월,"[레브드미엘바디스크럽] 계절에 상관없이 노출부위(쇄골, 팔, 다리 등)에 샤워 시 문질러주시면 묵은 각질을 제거하여 촉촉한 피부를 만들어 줍니다. [윌프로디쥬스멀티드라이오일] 매일 아침, 저녁 손에 2~3방울을 덜어내어 얼굴에 얇게 펴 발라 흡수시켜줍니다. 헤어와 바디에도 사용 가능합니다.",DermoCosmetics,Body Care
[트러블진정흔적] 파티온 노스카나인 트러블 바디 미스트 145ml,16720,"제조일로부터 30개월, 개봉 후 12개월 (2023년 4월 28일 이후 제조된 상품만을 취급)","샤워 후, 바디 고민 부위에 적당량을 분사한 뒤 가볍게 두드리면서 흡수시켜줍니다.",DermoCosmetics,Body Care
바이오더마 아토덤 젤두쉬 500ml,32000,제조일자로부터 3년/ 개봉 후 6개월 사용 권장,"물로 얼굴과 몸을 충분히 적신 후, 적당량을 덜어 피부에 부드럽게 마사지 한 후 씻어낸다.",DermoCosmetics,Body Care
바이오더마 시카비오 리페어 핸드 밤 50ml,15000,"제조일로부터 3년, 개봉 후 6개월이내 사용 권장","깨끗이 손을 씻은 후, 적당량을 덜어 손에 부드럽게 마사지하듯 발라 흡수시켜줍니다. 특별히 건조하거나 트인 부위는 수시로 발라줍니다.",DermoCosmetics,Body Care
에스트라 아토베리어365 바디크림 250ml,30000,36개월 (개봉 후 1년),"아침,저녁 샤워나 목욕 후 전신에 적당량을 취하여 마사지 하듯 골고루 펴 발라 흡수시켜줍니다.",DermoCosmetics,Body Care
[보습영양크림] 유리아쥬 제모스 세라뜨 200ml 기획 (+제모스 토너 50ml 증정),28800,개봉 전 제조일로부터 3년/[제모스 세라뜨] 개봉후 6개월 [제모스 토너] 개봉후 12개월,적당량을 덜어 건조하고 민감한 얼굴과 몸에 부드럽게 펴 발라줍니다.,DermoCosmetics,Body Care
[땀&냄새 강력 케어] 유리아쥬 데오도란트 두세르 50ml (롤온 타입),13600,제조일로부터 1년 6개월 이내의 상품 발송/개봉후 6개월,"외출 전, 겨드랑이에 부드럽게 펴발라줍니다. 액체가 건조될 때까지 기다려줍니다.",DermoCosmetics,Body Care
유리아쥬 배리어덤 멀티 스틱 22g (보습 스틱),21000,제조일로부터 2년 이내의 상품을 순차적으로 발송/개봉후 12개월,"건조한 얼굴과 몸에 발라줍니다. 외출시에도 수시로 발라주면 더욱 효과적입니다. (건조하여 메마른 볼, 입주변 등, 하얗게 각질이 올라온 부위, 메이크업 수정시 화장이 안먹을 때)",DermoCosmetics,Body Care
[독보적보습립밤] 유리아쥬 스틱레브르 오리지널 보습 립밤 2입기획 (4g +4g),20000,제조일로부터 2년 이내의 상품을 순차적으로 발송/개봉후 12개월,휴대하면서 건조한 입술에 수시로 발라주세요.,DermoCosmetics,Body Care
바이오더마 아토덤 울트라 크림 200ml,19600,제조일로부터 3년 사용 가능/개봉 후 6개월 사용 권장,"세안 및 샤워 후, 적당량을 덜어 얼굴 및 몸에 부드럽게 마사지하듯이 발라줍니다.",DermoCosmetics,Body Care
더마푸라민 데일리 모이스춰 바디워시 500ml,13400,개봉후 12개월,본품 적당량을 취해 피부에 사용한 후 물로 바로 깨끗이 씻어낸다.,DermoCosmetics,Body Care
바이오더마 아토덤 핸드&네일크림 2입 기획,15000,"제조일로부터 3년 이내의 상품을 순차적으로 발송, 개봉 후 6개월","깨끗이 손을 씻은 후, 적당량을 덜어 손에 부드럽게 마사지 하듯 발라준다.",DermoCosmetics,Body Care
유리아쥬 스틱레브르 오리지널 4g,10400,제조일로부터 2년 이내의 상품을 순차적으로 발송/개봉후 12개월,건조한 입술 위에 수시로 덧바르세요.,DermoCosmetics,Body Care
유리아쥬 제모스 스틱레브르 4g (무향),10400,제조일로부터 2년 이내의 상품을 순차적으로 발송/개봉후 12개월,건조한 입술 위에 수시로 덧바르세요.,DermoCosmetics,Body Care
바이오더마 아토덤 핸드&네일 크림 50ml,8550,제조일로부터 3년 사용 가능/개봉 후 6개월 사용 권장,깨끗이 손을 씻은 후. 적당량을 덜어 손에 부드럽게 마사지하듯 발라줍니다.,DermoCosmetics,Body Care
[저자극고보습클렌저] 유리아쥬 제모스 신데뜨 200ml,24000,제조일로부터 1년 6개월 이내의 제품 발송/개봉후 9개월,"적당량을 손에 덜어, 충분한 거품을 내어 피부에 부드럽게 문지른 후, 미온수로 헹궈내세요.",DermoCosmetics,Body Care
[꿀보습립밤]눅스 레브드미엘 스틱레브르 4g,13000,제조일로부터 2년 이내의 상품 발송/개봉후 6개월,계절에 상관없이 입술의 건조함이 있을때 수시로 발라줍니다. 잠자기 전에 바르면 밤새도록 영양과 수분을 공급해줍니다.,DermoCosmetics,Body Care
바이오더마 에이비씨덤 젤무쌍 200ml,16800,사용기한 1년 6개월 이상 남은 상품을 발송합니다.  (제조일로부터 3년 사용 가능/개봉 후 6개월 사용 권장),"페이스, 바디와 헤어를 물로 충분히 적신 후 적당량을 덜어 부드럽게 마사지 한 후 씻어냅니다.",DermoCosmetics,Body Care
[고보습 허니 립밤]눅스 레브드미엘 립밤 15g기획 (+핸드앤네일크림15ml 증정),19000,[레브드미엘 립밤] 개봉 전 제조일로부터 3년/개봉 후 6개월 [레브드미엘 핸드 앤 네일 크림] 개봉 전 제조일로부터 3년 / 개봉후 12개월,[레브드미엘 립밤] 계절에 상관없이 입술의 건조함이 있을때 수시로 발라줍니다. 잠자기 전에 바르면 밤새도록 영양과 수분을 공급해줍니다. [레브드미엘 핸드 앤 네일 크림] 건조하고 거칠어진 손과 손톱에 수시로 덧발라 줍니다.,DermoCosmetics,Body Care
[땀&냄새 강력 케어] 유리아쥬 데오도란트 프레쉐 125ml(스프레이 타입),19000,개봉 전 제조일로부터 3년/개봉 후 12개월,"외출 전, 혹은 수시로 겨드랑이 등 땀과 냄새가 염려되는 부위에 직접 분사해줍니다. 처음 사용하실 때, 뚜껑을 연 후 스프레이 헤드의 뒷 부분을 강하게 눌러주세요.",DermoCosmetics,Body Care
[SOS 8일 집중케어] 유리아쥬 진-8 100ml,18000,제조일로부터 2년 이내의 상품을 순차적으로 발송/개봉후 9개월,"여성청결제 사용 전, 손을 깨끗이 씻어주세요. 적당량을 손바닥에 덜어내 거품을 낸 뒤, 외음부와 항문을 따라 부드럽게 마사지하듯 문질러주세요. 미온수로 잔여물이 남지 않게 헹구어냅니다. 최대 8일 사용(본 제품은 외용제품임)",DermoCosmetics,Body Care
바이오더마 에이비씨덤 윌 두쎄르 200ml,28000,"제조일로부터 (36개월/3년)이내의 상품을 순차적으로 발송, 유통기한 개봉후(또는 제조일로부터) 6개월","(입욕 시) 1-2번 펌프하여, 희석된 우유 빛 물에 아기의 몸을 담근 후 헹구지 말고 마사지하면서 마무리 합니다. (마사지 시) 적당량을 덜어 손의 온기로 오일을 따뜻하게 한 후 부드럽게 마사지 합니다.",DermoCosmetics,Body Care
유리아쥬 배리어덤 피셔 40g (멀티밤),21000,제조일로부터 1년 6개월 이내의 상품을 순차적으로 발송/개봉후 12개월,"스패츌러로 적당량을 덜어낸 뒤, 사용부위에 녹여서 발라주세요. 최소 하루 2회(수시로) 10일간 사용",DermoCosmetics,Body Care
[플로럴 허니향]눅스 레브드미엘 핸드 앤 네일 크림 50ml,12800,제조일로부터 1년 6개월 이내의 제품 발송 / 개봉후 12개월,"수시로 사용하며, 손가락부터 전체적으로 부드럽게 마사지하여 바릅니다. 각질이 일어나기 쉬운 큐티클 부분에 발라줍니다.",DermoCosmetics,Body Care
유리아쥬 워터 핸드 크림 50ml,13000,제조일로부터 1년 6개월 이내의 제품 발송 / 개봉후 12개월,건조한 손에 수시로 발라주세요.,DermoCosmetics,Body Care
[외출/여행/운동] 유리아쥬 진피 미스트 50ml,14000,제조일로부터 1년 6개월 이내의 제품 발송/개봉후 12개월,적당량을 Y존에 직접 뿌린 다음 티슈로 부드럽게 닦아주세요. 혹은 티슈에 적당량을 뿌린 후 부드럽게 닦아줍니다.,DermoCosmetics,Body Care
바이오더마 아토덤 윌 드 두쉬 1L,35700,제조일로부터 3년 사용 가능/개봉 후 6개월 사용 권장,"물로 얼굴과 몸을 충분히 적신 후, 적당량을 덜어 피부에 부드럽게 마사지하듯이 세정한 후 물로 씻어냅니다. 페이스 클렌저로도 사용합니다.",DermoCosmetics,Body Care
[단독기획] 유리아쥬 진피 마일드 젤 500ml+진-8 100ml,42800,제조일로부터 1년 6개월 이내의 상품 발송/개봉후 9개월,"* 여성청결제 사용 전, 손을 깨끗이 씻어주세요. * 적당량을 손바닥에 덜어내 거품을 낸 뒤, 외음부와 항문을 따라 부드럽게 마사지하듯 문질러주세요. * 미온수로 잔여물이 남지 않게 헹구어냅니다. * 일 1~2회 사용/진-8은 최대 8일 사용 권장",DermoCosmetics,Body Care
유리아쥬 진피 마일드 젤 200ml+진피 미스트 50ml 기획,26600,제조일로부터 1년 6개월 이내의 상품 발송/[진피 마일드 젤] 개봉후 9개월 [진피 미스트] 개봉후 12개월,"[진피 마일드 젤] * 여성청결제 사용 전, 손을 깨끗이 씻어주세요. * 적당량을 손바닥에 덜어내 거품을 낸 뒤, 외음부와 항문을 따라 부드럽게 마사지하듯 문질러주세요. * 미온수로 잔여물이 남지 않게 헹구어냅니다. [진피 미스트] * 적당량을 외음부에 직접 뿌린 다음 티슈로 부드럽게 닦아주세요. * 혹은 티슈에 적당량을 뿌린 후 부드럽게 닦아줍니다.물로 씻어낼 필요가 없어 간편하게 케어 가능합니다. (본 제품은 외용 제품임)",DermoCosmetics,Body Care
[헤어/바디/페이스 올인원클렌징]눅스 맨 올인원 포밍 젤 클렌저 200ml,20000,제조일로부터 1년 6개월 미만의 상품 발송/개봉 후 12개월,적당량을 손에 덜어 젖은 모발과 두피에 가볍게 마사지한 후 흐르는 물로 깨끗이 씻어냅니다. ​적당량을 목욕용 스펀지나 타올에 묻혀 거품을 낸 다음 전신에 마사지하듯이 문지른 후 물로 깨끗이 씻어냅니다.​,DermoCosmetics,Body Care
[우디향&보송케어] 눅스 맨 데오도란트 롤온 50ml,18000,제조일로부터 1년 6개월 미만의 상품 발송/개봉 후 12개월,"외출 전, 겨드랑이 부위에 부드럽게 펴 발라줍니다. 완전히 건조된 후 의복을 착용해 주세요.",DermoCosmetics,Body Care
[단독기획] 유리아쥬 진피 마일드 폼 150ml+진피 미스트 50ml,30000,제조일로부터 1년 6개월 이내의 제품 발송/개봉후 12개월,"[진피 마일드 폼] 1~2회/일 적당량을 펌핑하여 부드러운 거품으로 클렌징 한 후, 물로 헹궈냅니다. (본 제품은 외용제품임) [진피 미스트]",DermoCosmetics,Body Care
[촉촉보습로션] 유리아쥬 EAU 실키바디로션 500ML,28900,제조일로부터 3년 / 개봉후 12개월,4계절 데일리로 온가족이 같이 사용하세요. 적당량을 덜어 피부에 문질러 흡수시켜줍니다.,DermoCosmetics,Body Care
유리아쥬 쉬르그라 바디 젤 클렌저 500ML,32000,제조일로부터 3년 / 개봉후 9개월,미온수로 적신 얼굴 또는 몸에 마사지하듯 문지른 후 물로 가볍게 헹궈줍니다.,DermoCosmetics,Body Care
[SOS 립에센스] 유리아쥬 배리어덤 시카레브르15ml,16000,개봉 전 제조일로부터 3년/개봉 후 12개월,휴대하면서 건조한 입술에 수시로 덧발라 보습을 채워줍니다.,DermoCosmetics,Body Care
유리아쥬 베이비 클렌저 500ML,31500,개봉 전 제조일로부터 3년/개봉 후 9개월,"손 또는 스펀지에 적당량을 덜어 거품을 낸 뒤, 얼굴과 몸 전체에 문지른 후 씻어냅니다. 페이스부터 바디, 헤어까지 겸용으로 사용 가능합니다.",DermoCosmetics,Body Care
유리아쥬 베이비 로션 프리미어 레 500ML,35000,개봉 전 제조일로부터 3년/개봉 후 9개월,"샤워 또는 세안 후, 적당량을 손에 덜어 얼굴과 몸 전체에 부드럽게 펴발라줍니다.",DermoCosmetics,Body Care
피지오겔 베이비 탑투토 워시 300ml,28000,제조일로부터 36개월,"적당량의 거품을 펌핑한 뒤 얼굴, 몸, 머리 등 세정이 필요한 부위에 부드럽게 마사지하듯 문지른 후, 미온수로 깨끗이 씻어냅니다.",DermoCosmetics,Body Care
유리아쥬 워터 핸드 크림 50ml&스틱레브르 오리지널(핸드&립 선물기획),24000,개봉 전 제조일로부터 3년/개봉 후 12개월,휴대하면서 건조한 입술&손에 수시로 발라주세요.,DermoCosmetics,Body Care
[선물추천] 눅스 베스트셀러 기프트세트(드라이오일 30ml + 레브드미엘 스틱레브르4g),33000,제조일로부터 1년 6개월 이내의 상품을 순차적으로 발송/개봉후 12개월,"1)오일 : 매일 아침 저녁, 손에 2~3방울 덜어낸 후 얼굴에 전체적으로 가볍게 흡수시켜줍니다. 헤어와 바디에도 함께 사용 가능합니다. 2)스틱레브르 : 계절에 상관없이 입술에 건조함이 느껴질때마다 수시로 발라줍니다. 잠들기 전 듬뿍 바르면 밤새도록 입술에 영양을 공급해줍니다.",DermoCosmetics,Body Care
피지오겔 DMT 베이비 인텐시브 크림 100ml,33000,제조일자로부터 36개월 / 개봉 후 12개월,적당량을 취하여 얼굴과 몸의 건조한 부위에 마사지 하듯 두드려 흡수시켜 줍니다.,DermoCosmetics,Body Care
바이오더마 아토덤 울트라 크림 500ml,42000,제조일로부터 3년 사용 가능/개봉 후 6개월 사용 권장,"세안 및 샤워 후, 적당량을 덜어 얼굴 및 몸에 부드럽게 마사지하듯이 발라줍니다.",DermoCosmetics,Body Care
피지오겔 DMT 베이비 로션 400ml,49000,제조일자로부터 36개월 / 개봉 후 12개월,적당량을 취하여 얼굴과 몸의 건조한 부위에 마사지 하듯 두드려 흡수시켜 줍니다.,DermoCosmetics,Body Care
[선물추천] 눅스 레브드미엘 핸드 앤 네일 크림 50ml 더블 기획,21600,개봉 전 제조일로부터 3년 / 개봉 후 12개월,건조하고 거칠어진 손과 손톱에 수시로 덧발라 줍니다.,DermoCosmetics,Body Care
아벤느 콜드크림 하이드레이팅 보습 립밤 4g 2입 기획,19800,"개봉전 3년, 개봉 후 1년이내 사용권장",건조하고 갈라진 입술에 수시로 발라주세요.,DermoCosmetics,Body Care
[선물세트/온라인 단독기획]바이오더마 아토덤 립앤핸드 기프트 세트(립스틱4g+핸드크림50ml),17230,"제조일로부터 3년 이내의 상품을 순차적으로 발송, 개봉 후 6개월 사용 권장",아토덤 핸드 : 깨끗이 손을 씻은 후. 적당량을 덜어 손에 부드럽게 마사지하듯 발라줍니다. 아토덤 립스틱 : 입술이 건조하다고 느낄 때마다 수시로 덧발라 주세요.,DermoCosmetics,Body Care
센텔리안24 마데카 베리어 바디로션 500ml,32000,"제조일로부터 30개월, 개봉 후 12개월","샤워나 목욕 후 물기를 닦고 적당량을 덜어 전신에 부드럽게 펴 발라 흡수시켜 줍니다. 건조함이 심한 부위(다리, 무릎, 팔꿈치 등)에는 한번 더 덧발라주시면 더욱 좋습니다.",DermoCosmetics,Body Care
유리아쥬 베이비 기프트 기획 (베베 프리미어 레 로션 500ml+베베 끄렘라방떼 클렌저 500ml),70000,"[베베 끄렘라방떼 클렌저] : 개봉 전 제조일로부터 3년/개봉 후 9개월, [베베 프리미어 레 로션] : 개봉 전 제조일로부터 3년/개봉 후 9개월","[유리아쥬 베베 끄렘라방떼 클렌저 500ml] 손 또는 스펀지에 적당량을 덜어 거품을 낸 뒤, 얼굴과 몸 전체에 문지른 후 씻어냅니다. 페이스부터 바디, 헤어까지 겸용으로 사용 가능합니다. [유리아쥬 베베 프리미어 레 로션 500ml] 샤워 또는 세안 후, 적당량을 손에 덜어 얼굴과 몸 전체에 부드럽게 펴발라줍니다.",DermoCosmetics,Body Care
[화해1위] 파티온 노스카나인 트러블 바디워시 490ml,25000,"제조일로부터 36개월, 개봉 후 12개월 (2023년 4월 28일 이후 제조된 상품만을 취급)","적당량을 샤워 타올 또는 손에 펌핑해 거품을 낸 후, 바디 전체에 부드럽게 문지른 뒤 물로 깨끗이 씻어 냅니다.",DermoCosmetics,Body Care
[장벽/보습]아벤느 제라캄 뉴트리션 로션 200ml,33000,"개봉전 3년, 개봉 후 1년이내 사용권장",세안 및 샤워 후 얼굴과 몸에 부드럽게 펴 바릅니다.,DermoCosmetics,Body Care
[장벽/보습]아벤느 제라캄 뉴트리션 로션 400ml,43000,"개봉전 3년, 개봉 후 1년이내 사용권장",세안 및 샤워 후 얼굴과 몸에 부드럽게 펴 바릅니다.,DermoCosmetics,Body Care
아벤느 제라캄 뉴트리션 클렌징 젤 500ml(+샤워볼 증정),33000,"개봉전 3년, 개봉 후 1년이내 사용권장",충분히 거품을 낸 다음 마사지 하듯 얼굴과 몸을 클렌징하고 깨끗하게 헹궈냅니다.,DermoCosmetics,Body Care
[SOS 진정크림] 유리아쥬 푸루리시드 칼라민 젤크림 100ml 기획 (+스탠드 증정),30600,제조일로부터 3년/개봉 후 12개월,"- 묽은 젤 텍스처 제형입니다. 제품을 필요한 부위에 얇고 넓게 도포해주세요. - 민감하거나, 진정이 필요한 부위 어디든 (얼굴, 몸) 모두 사용 가능합니다. - 첫 사용시에는 기압차로 인하여, 제품이 흐르지 않도록 토출구 방향을 위로하여 돌려 열어주세요.",DermoCosmetics,Body Care
[장벽/보습]아벤느 제라캄 뉴트리션 로션 200ml 더블기획,34900,"개봉전 3년, 개봉 후 1년이내 사용권장",세안 및 샤워 후 얼굴과 몸에 부드럽게 펴 바릅니다.,DermoCosmetics,Body Care
[NEW] 피지오겔 DMT 스트레치 마크 튼살 크림 150ml,39500,제조일로부터 36개월(개봉후 12개월),본 품 적당량을 취해 피부에 골고루 펴 발라 주세요.,DermoCosmetics,Body Care
[반얀트리&오원 PICK] 눅스 윌 프로디쥬스 멀티 플로럴 오일 50ml 기획,35000,제조일자로부터 3년,"BODY : 샤워 후 물기가 남은 바디 전체에 뿌려 가볍게 마사지 해주며 발라줍니다. FACE : 세안 직후, 손에 1-2회 분사하여 얼굴 전체에 가볍게 흡수시켜 줍니다. HAIR : 바디와 페이스에 사용 후 손에 남은 오일을 모발 끝에 가볍게 발라주세요.",DermoCosmetics,Body Care
[바르는 천연파스] 프라나롬 아로말직 크림 100ml,32300,제조일로부터 60개월,"하루 최대 3회, 불편하고 통증이 있는 바디 부위에 발라 흡수시켜 주세요. 저자극으로 매일 사용할 수 있습니다. 운동 전/후 발라 근육과 관절을 케어하고 회복시켜 주세요.",DermoCosmetics,Body Care
[이완 회복 오일] 프라나롬 아로말직 오일 100ml,32400,제조일로부터 60개월,불편하고 경직된 부위에 바디 오일처럼 발라 흡수 시켜 주세요.,DermoCosmetics,Body Care
[종아리붓기 3.3배완화] 프라나롬 씨큐라롬 젤 100ml,26100,제조일로부터 60개월,아침 저녁 하루에 2번 양 쪽 다리에 발목부터 허벅지까지 충분한 양을 발라 흡수키셔 주세요. 마사지 없이 흡수만 시켜주셔도 충분합니다.,DermoCosmetics,Body Care
[입주변 응급케어] 프라나롬 SOS 립케어 밤 5ml,18000,제조일로부터 24개,"입술에 포진이 생기려고 할 때부터 하루 최대 8회, 최대 5일 입술에 발라주세요.",DermoCosmetics,Body Care
[기분좋은 에너지/활력] 프라나롬 스위트 오렌지 오일 10ml,18000,제조일로부터 24개월,필요한 부위에 원액 1-2방울 또는 식물성 오일에 희석해 사용 해주세요.,DermoCosmetics,Body Care
[진정/정화] 프라나롬 티트리 오일 10ml,21000,제조일로부터 60개월,필요한 부위에 원액 1-2방울 또는 식물성 오일에 희석해 사용해 주세요.,DermoCosmetics,Body Care
[휴식/릴랙스] 프라나롬 트루 라벤더 오일 10ml,34000,제조일로부터 60개월,필요한 부위에 원액 1-2방울 또는 식물성 오일에 희석해 사용해 주세요.,DermoCosmetics,Body Care
[가정상비 필수오일] 프라나롬 라빈트사라 오일 10ml,28500,제조일로부터 60개월,"손목 안쪽에 바른 후, 양 손목을 비벼 흡수 시킨 뒤, 남은 향을 깊게 맡습니다. 또는 가슴 위쪽에 3-4방울을 발라 마사지 해주세요.",DermoCosmetics,Body Care
[컨디션/활력충전] 프라나롬 페퍼민트 오일 5ml,22000,제조일로부터 60개월,"손목 안쪽에 바른 후, 양 손목을 비벼 흡수시킨 뒤, 남은 향을 깊게 맡습니다. 필요한 부위에 원액 1-2방울 또는 식물성오일에 희석해 사용해 주세요.",DermoCosmetics,Body Care
[명상/릴랙스] 프라나롬 프랑킨센스 오일 5ml,28000,제조일로부터 60개월,필요한 부위 원액 1~2방울 또는 사용하는 바디크림에 1방울 넣어 사용하세요. 디퓨저 우드에 떨어뜨려 향을 맡거나 머리카락에 2~3방울 발라 사용하세요.,DermoCosmetics,Body Care
[홈스파 리추얼 네롤리&라벤더향]눅스 윌 프로디쥬스 멀티 네롤리 오일 100ml,52000,개봉 전 제조일로부터 3년 / 개봉 후 12개월,"BODY :  샤워 후 물기가 남은 바디 전체에 뿌려 가볍게 마사지 해주며 발라줍니다. FACE : 세안 직후, 손에 1-2회 분사하여 얼굴 전체에 가볍게 흡수시켜 줍니다. HAIR : 바디와 페이스에 사용 후 손에 남은 오일을 모발 끝에 가볍게 발라주세요.""",DermoCosmetics,Body Care
[트러블케어] 에스트라 테라크네365 나이아신아마이드 5% 흔적 바디 미스트 200ml,21200,36개월 (개봉 후 1년),"아침, 저녁 샤워 후, 트러블 고민 부위에 적당량을 골고루 분사한 뒤 가볍게 두드리면서 흡수시켜 줍니다.",DermoCosmetics,Body Care
더마푸라민 프레쉬 쿨링 바디워시 500ml,16200,개봉후 12개월,본품 적당량을 취해 피부에 사용한 후 물로 바로 깨끗이 씻어낸다.,DermoCosmetics,Body Care
더마푸라민 데일리 모이스춰 바디로션 500ml,17200,개봉후 12개월,본품 적당량을 취해 피부에 골고루 펴 바른다.,DermoCosmetics,Body Care
더마푸라민 데일리 모이스춰 바디크림 250ml,18200,개봉후 12개월,본품 적당량을 취해 피부에 골고루 펴 바른다.,DermoCosmetics,Body Care
[기능성 핸드크림/자외선차단/미백/주름]LBB 아로마틱 핸드크림 UV 쉴드,19140,제조일로부터 36개월 / 개봉 후 12개월,자외선 차단과 보습이 필요한 피부에 적당량을 덜어 고르게 발라줍니다.,DermoCosmetics,Body Care
눅스 윌 프로디쥬스 멀티 드라이 오일100ml 기획(+미니오일10ml),52000,개봉 전 제조일로부터 36개월 / 개봉 후 12개월,"BODY : 샤워 후 물기가 남은 바디 전체에 뿌려 가볍게 마사지 해주며 발라줍니다. FACE : 세안 직후, 손에 1-2회 분사하여 얼굴 전체에 가볍게 흡수시켜 줍니다. HAIR : 바디와 페이스에 사용 후 손에 남은 오일을 모발 끝에 가볍게 발라주세요.",DermoCosmetics,Body Care
눅스 윌 프로디쥬스 멀티 플로럴 오일100ml 기획(+미니오일10ml),52000,개봉 전 제조일로부터 36개월 / 개봉 후 12개월,"BODY : 샤워 후 물기가 남은 바디 전체에 뿌려 가볍게 마사지 해주며 발라줍니다. FACE : 세안 직후, 손에 1-2회 분사하여 얼굴 전체에 가볍게 흡수시켜 줍니다. HAIR : 바디와 페이스에 사용 후 손에 남은 오일을 모발 끝에 가볍게 발라주세요.",DermoCosmetics,Body Care
[한정기획] 피지오겔 DMT 마일드 립밤 4.2g+4.2g 2입기획,17500,36개월 (개봉후 12개월),건조해진 입술에 수시로 덧발라줍니다.,DermoCosmetics,Body Care
[꿀보습립밥]눅스 레브드미엘 스틱레브르 더블 기획 (4g+4g),17100,제조일로부터 1년 6개월 이내의 상품을 순차적으로 발송/개봉후 6개월,계절에 상관없이 입술의 건조함이 있을때 수시로 발라줍니다.,DermoCosmetics,Body Care
바이오더마 아토덤 젤두쉬 1L(올인원 클렌저),34000,제조일로부터 3년 사용 가능/개봉 후 6개월 사용 권장,"물로 얼굴과 몸을 충분히 적신 후, 적당량을 덜어 피부에 부드럽게 마사지하듯이 세정한 후 물로 씻어냅니다. 페이스 클렌저로도 사용합니다.",DermoCosmetics,Body Care
라로제 클렌징 샤워오일 400ml (바디워시),39900,개봉 후 9개월,"1. 손에 적당량을 펌핑한 후, 물을 묻혀 거품을 만듭니다. 2. 클렌징 후, 물로 씻어냅니다.",DermoCosmetics,Body Care
[2024 어워즈/단독기획] 파티온 노스카나인 트러블 바디워시 490ml+80ml 한정기획,19900,"36개월, 개봉 후 12개월 (2023년 4월 28일 이후 제조된 상품만을 취급)","적당량을 샤워 타올 또는 손에 펌핑해 거품을 낸 후, 바디 전체에 부드럽게 문지른 뒤 물로 깨끗이 씻어 냅니다.",DermoCosmetics,Body Care
바이오더마 아토덤 울트라 크림 500ml+200ml 기획 (+K2 콜라보 복조리 지퍼 포켓백),42000,"제조일로부터 3년, 개봉 후 6개월이내 사용 권장","세안 및 샤워 후, 적당량을 덜어 얼굴 및 온 몸에 부드럽게 마사지하듯 발라줍니다.",DermoCosmetics,Body Care
바이오더마 센시비오 H2O 850ml(클렌징워터),24610,"제조일로부터 3년 이내의 상품을 순차적으로 발송, 개봉 후 12개월",메이크업 클렌징 및 아침 세안 시 화장솜에 적셔 사용합니다. 포인트 메이크업의 클렌징 시에는 화장솜을 잠시 올려두었다 사용하면 더욱 효과적입니다. 자극으로 민감해진 피부에 사용하셔도 좋습니다.,DermoCosmetics,Cleansing
[7월 올영픽] [클렌징폼] 에스트라 아토베리어365 버블클렌저 150ml,13400,36개월(개봉후 1년),제품을 손에 적당량 덜어 얼굴과 몸에 가볍게 문지른 후 깨끗이 헹구어 냅니다. 샤워 시 부드러운 목욕용 스펀지를 사용하셔도 좋습니다. 물기를 제거한 후에는 보습제를 충분히 발라줍니다.,DermoCosmetics,Cleansing
[2입기획]바이오더마 센시비오 H2O 500ml+500ml,31900,"제조일로부터 3년 이내의 상품을 순차적으로 발송, 개봉 후 12개월","""화장솜에 제품을 충분히 적신 뒤 얼굴 전체를 가볍게 닦아냅니다. 눈이나 세심한 리무빙이 필요한 부분에는 화장솜을 잠시 올려두웠다가 지워주세요. 따로 물세안이 필요없지만 , 차가운 물로 가볍게 마무리해주셔도 좋습니다 (남녀공용 클렌징워터)""",DermoCosmetics,Cleansing
[7월 올영픽] 라로슈포제 똘러리앙 포밍 클렌저 125ml 기획 (+시카밤 3ml 증정),21680,18개월 이상 남아있는 제품부터 순차적으로 발송 / 개봉 후 12개월,"똘러리앙 퓨리파잉 포밍 크림 미지근한 물로 적신 피부에 부드럽게 마사지 한 후 깨끗이 씻어냅니다. 시카플라스트 밤 B5+ 3ml 세안 후, 크림 단계에서 피부에 부드럽게 펴 발라 줍니다. 자기 전, 피부에 듬뿍 발라 슬리핑 팩 처럼 사용해주셔도 됩니다. 민감피부 바디케어에 활용 가능하며 끈적입 없이 케어 가능합니다",DermoCosmetics,Cleansing
에스트라 테라크네365 클리어 딥 클렌징 폼 200g,16500,36개월 (개봉후 1년),젖은 손에 적당량을 토출하여 거품을 내줍니다. 얼굴에 부드럽게 롤링하여 노폐물을 녹여낸 후 미온수로 깨끗이 씻어줍니다.,DermoCosmetics,Cleansing
라로슈포제 에빠끌라 딥클렌징 포밍크림 125ml 기획 (+15ml),27000,제조일로부터 35개월 이내 / 개봉후 12개월 이내,적당량을 젖은 손에 덜어 충분히 거품을 낸 후 젖은 얼굴과 목에 마사지한 후 미지근한 물로 말끔히 헹구어 내줍니다.,DermoCosmetics,Cleansing
제로이드 포밍 클렌저 240ml,19800,"개봉 전 제조일로부터 36개월간,  개봉 후에는 12개월 이내",적당량을 펌핑하여 얼굴 등에 골고루 마사지하듯 충분히 문지르고 미온수로 깨끗이 헹구어 냅니다.,DermoCosmetics,Cleansing
아벤느 클리낭스 클렌징 젤 200ml*피지잡는 *약산성클렌저 *클렌징폼,17000,"개봉전 3년, 개봉 후 1년이내 사용권장","아침, 저녁 세안 시 물로 얼굴을 충분히 적신 후 적당량을 덜어 거품을 낸 다음, 마사지하듯 부드럽게 클렌징하고 깨끗하게 헹궈줍니다. 가슴과 등 트러블 케어를 위하여 샤워젤로 사용해도 좋습니다.",DermoCosmetics,Cleansing
[100ml 추가증정]바이오더마 세비엄 젤무쌍 500ml (+ 100ml) 기획,24000,제조일로부터 3년 이내의 상품을 순차적으로 발송/ 개봉 후 6개월 사용 권장,"물로 얼굴과 몸을 충분히 적신 후, 적당량을 덜어 피부에 부드럽게 마사지한 후 씻어냅니다. 면도 및 왁싱 시, 사용하여도 좋습니다. 거품망을 이용해서 거품을 내면 더 풍성하고 쫀쫀한 거품으로 세안이 가능합니다.",DermoCosmetics,Cleansing
[한정기획]바이오더마 센시비오 미셀라 클렌징 오일 150ml 2입 기획,44800,제조일로부터 3년 이내의 상품을 순차적으로 발송/ 개봉 후 6개월 사용 권장,"적당량을 덜어 물기가 없는 얼굴 전체에 부드럽게 펴 바른 후 가볍게 마사지합니다. 미온수를 묻혀 유화한 후, 물로 깨끗이 헹구어 줍니다.",DermoCosmetics,Cleansing
바이오더마 세비엄 H2O 500ml,16900,"제조일로부터 3년 이내의 상품을 순차적으로 발송, 개봉 후 12개월",메이크업 클렌징 및 아침 세안 시 화장솜에 적셔 사용합니다. 피지선이 발달한 티존 부위에 더블 클렌징해주시면 눈에 띄는 모공 케어 효과를 보실 수 있습니다. 피지선이 없는 눈가 및 입가 사용은 자제해주세요.,DermoCosmetics,Cleansing
바이오더마 센시비오 H2O 100ml(클렌징워터),7600,"제조일로부터 3년 이내의 상품을 순차적으로 발송, 개봉 후 12개월","화장솜에 제품을 충분히 적신 뒤 얼굴 전체를 가볍게 닦아냅니다. 눈이나 세심한 리무빙이 필요한 부분에는 화장솜을 잠시 올려두웠다가 지워주세요. 따로 물세안이 필요없지만 , 차가운 물로 가볍게 마무리해주셔도 좋습니다 (남녀공용 클렌징워터",DermoCosmetics,Cleansing
아벤느 클리낭스 클렌징 젤 100ml *피지잡는 *약산성클렌저 *클렌징폼,12000,제조일로부터 3년 개봉 후 1년이내,"아침, 저녁 세안 시 물로 얼굴을 충분히 적신 후 적당량을 덜어 거품을 낸 다음, 마사지하듯 부드럽게 클렌징하고 깨끗하게 헹궈줍니다. 등과 가슴 트러블* 케어를 위하여 샤워젤로 사용해도 좋습니다.",DermoCosmetics,Cleansing
바이오더마 하이드라비오 H2O 500ml,16900,"제조일로부터 3년 이내의 상품을 순차적으로 발송, 개봉 후 12개월","화장솜에 제품을 충분히 적신 뒤 얼굴 전체를 가볍게 닦아냅니다. 눈이나 세심한 리무빙이 필요한 부분에는 화장솜을 잠시 올려두웠다가 지워주세요. 따로 물세안이 필요없지만 , 차가운 물로 가볍게 마무리해주셔도 좋습니다 (남녀공용 클렌징워터)",DermoCosmetics,Cleansing
라로슈포제 시카플라스트 라방 B5 저자극 클렌저,18360,18개월 이상 남은 제품부터 순차적 배송 / 개봉후 6개월,"적당량을 덜어 손에서 거품을 낸 후, 젖은 피부를 부드럽게 마사지하듯이 클렌징 하고 물로 헹구어 내줍니다.",DermoCosmetics,Cleansing
아벤느 미셀라 클렌징 워터 400ml 더블 기획,29900,"개봉전 3년, 개봉 후 1년이내 사용권장","클렌징 워터를 화장솜에 듬뿍 적신 후, 피부결을 따라 부드럽게 닦아줍니다. 포인트 메이크업은 5초 정도 지그시 눌러준 뒤 닦아내면 더욱 순하게 지울 수 있습니다. 진정이 필요한 피부에 듬뿍 적신 화장솜을 올려두어도 좋습니다. 별도의 물 세안이 필요 없습니다.",DermoCosmetics,Cleansing
[보습/영양 클렌징밀크] 유리아쥬 레데마끼앙 2입 기획 (250ml+250ml),27200,제조일로부터 1년 6개월 이내의 상품 발송/개봉후 9개월,"피부에 적당량을 덜어내어 마사지하듯 부드럽게 문지른 후, 헹궈주세요. 필요 시, 가벼운 폼클렌져로 마무리 해주세요.",DermoCosmetics,Cleansing
더말로지카 효소 엔자임 파우더 클렌징 데일리마이크로폴리언트 (13G 더블 단독기획),29900,별도 표기 / 개봉 후 12개월,"젖은 손에 반티스푼 정도 분량 덜어낸 뒤 물을 약간 묻힌 후 비벼 거품을 낸 후 거품을 피부에 얹어 1분간 방치, 피지 및 각질 고민 부위는 가볍게 롤링 한 뒤 (눈과 입 주위 제외) 미온수로 헹궈줍니다. (물 희석 시 거품 농도 : 거품 농도 경우 자신의 피부 타입과 스크럽 강도에 따라, 물의 양을 조절해 사용해줍니다.)",DermoCosmetics,Cleansing
바이오더마 센시비오 H2O 500ml(클렌징워터),27000,제조일로부터 3년 이내의 상품을 순차적으로 발송/ 개봉 후 6개월 사용 권장,메이크업 클렌징 및 아침 세안 시 화장솜에 적셔 사용합니다. 포인트 메이크업의 클렌징 시에는 화장솜을 잠시 올려두었다 사용하면 더욱 효과적입니다. 자극으로 민감해진 피부에 사용하셔도 좋습니다.,DermoCosmetics,Cleansing
바이오더마 센시비오 H2O 250ml(클렌징워터),17000,제조일로부터 3년 이내의 상품을 순차적으로 발송/ 개봉 후 6개월 사용 권장,메이크업 클렌징 및 아침 세안 시 화장솜에 적셔 사용합니다. 포인트 메이크업의 클렌징 시에는 화장솜을 잠시 올려두었다 사용하면 더욱 효과적입니다. 자극으로 민감해진 피부에 사용하셔도 좋습니다.,DermoCosmetics,Cleansing
라로슈포제 에빠끌라 퓨리파잉 포밍 젤 400ml,32900,18개월 이상 남아있는 제품부터 순차적으로 발송 / 개봉 후 12개월,"'에빠끌라 퓨리파잉 포밍 젤+M 적당량을 덜어 손에서 거품을 낸 후, 젖은 피부를 부드럽게 마사지하듯이 클렌징하고 물로 헹구어 내줍니다",DermoCosmetics,Cleansing
아벤느 클리낭스 클렌징 젤 400ml *피지잡는 *약산성클렌저 *클렌징폼,30000,제조일로부터 3년 개봉 후 1년이내,"아침, 저녁 세안 시 물로 얼굴을 충분히 적신 후 적당량을 덜어 거품을 낸 다음, 마사지하듯 부드럽게 클렌징하고 깨끗하게 헹궈줍니다. 등과 가슴 트러블* 케어를 위하여 샤워젤로 사용해도 좋습니다.",DermoCosmetics,Cleansing
바이오더마 센시비오 젤 무쌍 200ml,19500,"제조일로부터 3년 이내의 상품을 순차적으로 발송,  개봉 후 6개월 사용권장","물로 얼굴과 몸을 충분히 적신 후, 적당량을 덜어 피부에 부드럽게 마사지 한 후 씻어냅니다.",DermoCosmetics,Cleansing
[관리 전후 데일리 시카 클렌저]SVR 시카비트+ 젤무쌍 200ml,28800,제조일로부터 3년(개봉 후 12개월),아침·저녁 세안 단계에서 물로 얼굴을 충분히 적신 후 적당량을 덜어 거품을 낸 다음 마사지하듯 부드럽게 클렌징하고 깨끗하게 헹궈줍니다.,DermoCosmetics,Cleansing
[한정기획]바이오더마 센시비오 H2O eye 125ml 기획(+ 클렌징 워터 100ml) (립앤아이리무버),18000,제조일로부터 3년 사용 가능/개봉 후 6개월 사용 권장,"듀얼 텍스처가 잘 섞이도록 흔들어 준 후 사용 합니다. 화장솜에 적셔 눈가와 입술 주위에 잠시 올려준 후, 부드럽게 닦아 냅니다.",DermoCosmetics,Cleansing
[민감진정] 유리아쥬 미셀라 클렌징 워터 센서티브 2입 기획 (500ml+500ml),26600,제조일로부터 1년 6개월 이내의 상품 발송/개봉후 9개월,화장솜에 적당량을 덜어내어 메이크업의 잔여물이 남지 않을 때까지 가볍게 닦아주세요.,DermoCosmetics,Cleansing
아벤느 미셀라 클렌징 워터 400ml (AD),15900,"개봉전 3년, 개봉 후 1년이내 사용권장","클렌징 워터를 화장솜에 듬뿍 적신 후, 피부결을 따라 부드럽게 닦아줍니다. 포인트 메이크업은 5초 정도 지그시 눌러준 뒤 닦아내면 더욱 순하게 지울 수 있습니다. 진정이 필요한 피부에 듬뿍 적신 화장솜을 올려두어도 좋습니다. 별도의 물 세안이 필요 없습니다.",DermoCosmetics,Cleansing
이지듀 클리어 BHA 페이셜 클렌저 100ml,22400,36개월,1. 적당량을 덜어 거품을 충분히 냅니다. 2. 얼굴 전체를 꼼꼼히 부드럽게 마사지하듯 문지릅니다. 3. 미온수로 깨끗이 헹구어 냅니다.,DermoCosmetics,Cleansing
제로이드 포밍 클렌저 240ml,19800,"개봉 전 제조일로부터 36개월간,  개봉 후에는 12개월 이내",적당량을 펌핑하여 얼굴 등에 골고루 마사지하듯 충분히 문지르고 미온수로 깨끗이 헹구어 냅니다.,DermoCosmetics,Cleansing
라로슈포제 똘러리앙 퓨리파잉 포밍 클렌저 125ml,21680,제조일로부터 3년 이내 / 개봉 후 12개월,"손에서 거품을 낸 후, 미지근한 물로 적신 피부에 부드럽게 작은 원을 그리듯이 마사지하고 물로 헹구어 냅니다.",DermoCosmetics,Cleansing
[쫀쫀버블]에스테덤 퓨어 클렌징 폼 150ml,39750,제조일로부터 3년 사용 가능/개봉 후 6개월 사용 권장,젖은 얼굴에 가볍게 원을 그리며 클렌징 한 후 미온수로 씻어냅니다.,DermoCosmetics,Cleansing
파티온 노스카나인 클렌징워터 500ml,18000,"제조일로부터 36개월, 개봉 후 12개월 (2022년 06월 01일 이후 제조된 상품만을 취급)",메이크업 클렌징 및 세안시 화장솜에 적당량을 덜어 피부결을 따라 닦아낸 후 미온수로 가볍게 헹구어 냅니다.,DermoCosmetics,Cleansing
파티온 노스카나인 클렌징 젤 200ml,15400,"제조일로부터 36개월, 개봉 후 12개월 (2022년 06월 14일 이후 제조된 상품만을 취급)",세안 시 적당량을 덜어 거품을 낸 다음 얼굴에 마사지하듯 부드럽게 클렌징 후 미온수로 깨끗이 헹구어 냅니다.,DermoCosmetics,Cleansing
[선크림클렌징/모공딥클렌징] 셀퓨전씨 포어 썬 클렌징 폼 150ml,9400,제조일로부터 36개월 / 개봉 후 12개월,본품 적당량을 취하여 충분히 거품을 낸 후 얼굴 전체에 부드럽게 문지르고 물로 깨끗이 씻어냅니다.,DermoCosmetics,Cleansing
아벤느 젠틀 포밍 클렌저 150ml,28000,"개봉전 3년, 개봉후 1년이내 사용 권장","세안 시 적당량의 내용물을 펌핑하여 얼굴에 마사지하듯 부드럽게 문질러 준 후, 미온수로 헹궈 마무리",DermoCosmetics,Cleansing
라로슈포제 에빠끌라 퓨리파잉 포밍 젤+M 200ml,27900,제조일로부터 1년 6개월 이내의 상품을 순차적으로 발송 / 제조일로부터 3년 이내 / 개봉 후 12개월,"적당량을 덜어 손에서 거품을 낸 후, 젖은 피부를 부드럽게 마사지하듯이 클렌징 하고 물로 헹구어 내줍니다.",DermoCosmetics,Cleansing
[수분충전] 유리아쥬 미셀라 클렌징 워터 2입 기획 (500ml + 500ml),26600,제조일로부터 1년 6개월 이내의 상품을 순차적으로 발송/개봉후 9개월,"화장솜에 충분량을 덜어, 얼굴 전체를 부드럽게 닦아주세요. 눈과 입술에 사용 시, 적신 화장솜을 1~2분 정도 올려놓은 후, 쓸어내리듯 닦아줍니다. 2차 물세안이 필요 없으나, 두 세번 노폐물이 묻어나지 않도록 닦아내주세요.",DermoCosmetics,Cleansing
[피부당김NO/수분세안] 셀퓨전씨 약산성 패리어 클렌징 폼 165ml,9400,"제조일로부터 1년6개월 이내의 상품을 순차적으로 발송, 유통기한 개봉후 12개월",본품 적당량을 취하여 충분히 거품을 낸 후 얼굴 전체에 부드럽게 문지르고 물로 깨끗이 씻어냅니다.,DermoCosmetics,Cleansing
[피지조절&모공정화 클렌징 젤]눅스 아쿠아벨라 젤 클렌저 150ml,20000,제조일로부터 1년 6개월 이내의 제품 발송 / 개봉후 12개월,"매일 아침 저녁 적당량을 덜어 블랙헤드나 모공이 걱정되는 T존 부위(눈가 주변 제외)를 부드럽게 마사지해줍니다. 내추럴 블루 슈가 알갱이가 적당히 녹으면 U존을 부드럽게 마사지 한 뒤, 미온수로 헹궈줍니다.",DermoCosmetics,Cleansing
[파우더워시/파파인효소] 셀퓨전씨 파파야 그레뉼 필스 울트라 50g,20000,30개월,적당량을 손바닥에 덜어 물과 믹스하여 충분히 거품을 낸 후 부드럽게 세안합니다. (아침 저녁으로 사용이 가능합니다.),DermoCosmetics,Cleansing
[지성/각질피지순삭] 더말로지카 효소 엔자임 파우더 클렌징 데일리수퍼폴리언트 13g,21000,제품 별도 표기 / 개봉 후 12개월,"젖은 손에 반티스푼 정도 분량 덜어낸 뒤 물을 약간 묻힌 후 비벼 거품을 낸 후 거품을 피부에 얹어 1분간 방치, 피지 및 각질 고민 부위는 가볍게 롤링 한 뒤 (눈과 입 주위 제외) 미온수로 헹궈줍니다. (물 희석 시 거품 농도 : 거품 농도 경우 자신의 피부 타입과 스크럽 강도에 따라, 물의 양을 조절해 사용해줍니다.)",DermoCosmetics,Cleansing
피지오겔 DMT 클렌징 젤 150ml,19500,"제조일자로부터 36개월, 개봉 후 12개월 권장",적당량을 덜어 충분히 거품을 낸 후 얼굴 전체를 부드럽게 마사지하고 미온수로 깨끗이 헹구어 냅니다.,DermoCosmetics,Cleansing
[데일리/각질진정] 더말로지카 효소 엔자임 파우더 클렌징 데일리마이크로폴리언트 13g,18000,제품 별도 표기 / 개봉 후 12개월,"젖은 손에 반티스푼 정도 분량 덜어낸 뒤 물을 약간 묻힌 후 비벼 거품을 낸 후 거품을 피부에 얹어 1분간 방치, 피지 및 각질 고민 부위는 가볍게 롤링 한 뒤 (눈과 입 주위 제외) 미온수로 헹궈줍니다. (물 희석 시 거품 농도 : 거품 농도 경우 자신의 피부 타입과 스크럽 강도에 따라, 물의 양을 조절해 사용해줍니다.)",DermoCosmetics,Cleansing
바이오더마 센시비오 레 데마끼앙 (민감 피부용 클렌징 밀크),19500,제조일로부터 3년 이내의 상품을 순차적으로 발송/ 개봉 후 6개월 사용 권장,화장솜에 적당량을 덜어 피부의 잔여물이 묻어 나오지 않을 때까지 닦아냅니다.,DermoCosmetics,Cleansing
바이오더마 세비엄 젤무쌍 100ml,9600,"제조일로부터 3년 이내의 상품을 순차적으로 발송,  개봉 후 6개월","물로 얼굴과 몸을 충분히 적신 후, 적당량을 덜어 피부에 부드럽게 마사지 한 후 씻어낸다.",DermoCosmetics,Cleansing
[반얀트리 스파 테라피스트 PICK]눅스 레브드미엘 원스텝 클렌징 젤 200ml,26100,제조일로부터 2년 이내의 상품을 순차적으로 발송/개봉후 12개월,"아침과, 저녁 물기가 있는 피부에 부드럽게 마사지 한 후 씻어냅니다.",DermoCosmetics,Cleansing
바이오더마 세비엄 젤무쌍 500ml,24000,"제조일로부터 3년 이내의 상품을 순차적으로 발송,  개봉 후 6개월","물로 얼굴과 몸을 충분히 적신 후, 적당량을 덜어 피부에 부드럽게 마사지 한 후 씻어낸다.",DermoCosmetics,Cleansing
유리아쥬 미셀라 클렌징 워터 2입 기획 (250ml + 250ml),19600,제조일로부터 1년 6개월 이내의 상품을 순차적으로 발송/개봉후 9개월,"화장솜에 충분량을 덜어, 얼굴 전체를 부드럽게 닦아주세요. 눈과 입술에 사용 시, 적신 화장솜을 1~2분 정도 올려놓은 후, 쓸어내리듯 닦아줍니다. 2차 물세안이 필요 없으나, 두 세번 노폐물이 묻어나지 않도록 닦아내주세요.",DermoCosmetics,Cleansing
라로슈포제 미셀라 클렌징워터 리액티브 400ml,32000,제조일로부터 1년 6개월이내의 상품을 순차적으로 발송 / 개봉후 6개월,솜 한장에 적당량의 제품을 적신 뒤 얼굴 전체의 메이크업 잔여물을 부드럽게 닦아 냅니다.,DermoCosmetics,Cleansing
라로슈포제 에빠끌라 딥 클렌징 포밍 크림,27000,제조일로부터 3년 이내 / 개봉후 12개월 이내,"손에서 거품을 낸 후, 미지근한 물로 적신 피부에 부드럽게 작은 원을 그리듯이 마사지하고 물로 헹구어 냅니다.",DermoCosmetics,Cleansing
엠브리올리스 미셀라 로션 250ml,30000,"제조일로부터 4년, 개봉 후 6개월","아침과 저녁 세안 후 얼굴에 직접 뿌리거나 화장솜에 적당량을 덜어 사용합니다. 피부결을 정돈한 뒤, 피부에 흡수되도록 충분히 두드려주세요.",DermoCosmetics,Cleansing
[헤어/바디/페이스 올인원클렌징]눅스 맨 올인원 포밍 젤 클렌저 200ml,20000,제조일로부터 1년 6개월 미만의 상품 발송/개봉 후 12개월,적당량을 손에 덜어 젖은 모발과 두피에 가볍게 마사지한 후 흐르는 물로 깨끗이 씻어냅니다. ​적당량을 목욕용 스펀지나 타올에 묻혀 거품을 낸 다음 전신에 마사지하듯이 문지른 후 물로 깨끗이 씻어냅니다.​,DermoCosmetics,Cleansing
[더블기획] 눅스 베리로즈 멜팅 클렌징 밀크 200ml 더블 기획,39000,제조일로부터 2년 이내의 상품 발송/개봉후 6개월,"얼굴 전체에 펴 바르고 부드럽게 롤링하여 노폐물과 메이크업을 녹여낸 후, 미온수로 가볍게 헹구어 냅니다. 필요 시 클렌징 폼으로 이중 세안 해주세요. Tip: 손 끝에 적당량을 덜어낸 후, 밀크 제형이 오일 제형으로 바뀔 때까지 부드럽게 마사지해주세요.",DermoCosmetics,Cleansing
[오원 PICK/저자극 클렌징 오일]눅스 베리로즈 미셀라 클렌징 오일 150ml,26100,제조일로부터 2년 이내의 상품 발송/개봉후 6개월,"적당량의 오일을 손바닥에 덜어 물기가 없는 얼굴 전체에 펴 발라줍니다. 미온수를 손에 살짝 묻혀 오일이 우윳빛으로 변할 때까지 마사지 한 후, 깨끗이 헹궈줍니다. Tip: 밤사이 쌓인 각질과 피지로 모공이 막힌 아침에도 부담없이 산뜻한 오일의 유화과정을 통해 노폐물은 말끔히 씻어내고 장미 오일로 피부에 보습과 생기를 부여해주세요.",DermoCosmetics,Cleansing
[약산성/젤타입] 닥터디퍼런트 퍼스트클렌저 200ml,16340,"개봉 전 30개월, 개봉 후 12개월",물기 없는 손으로 적당량을 덜어 메이크업 등을 지운 뒤 물로 헹구어 줍니다.,DermoCosmetics,Cleansing
[당김제로/폼타입] 닥터디퍼런트 제로 클렌저 200ml (중건성),21380,"개봉 전 30개월, 개봉 후 12개월",2~3회 펌핑하여 나온 거품을 얼굴 전체에 마사지 하듯 가볍게 문지른 후 물로 깨끗히 씻어줍니다.,DermoCosmetics,Cleansing
[말끔피지/폼타입] 닥터디퍼런트 제로 클렌저 200ml (지성),21280,"개봉점 30개월, 개봉 후 12개월",2~3회 펌핑하여 나온 거품을 얼굴 전체에 마사지 하듯 가볍게 문지른 후 물로 깨끗히 씻어줍니다.,DermoCosmetics,Cleansing
[안자극NO/수분클렌징] 셀퓨전씨 약산성 패리어 클렌징 워터 500ml,13900,"제조일로부터 1년6개월 이내의 상품을 순차적으로 발송, 유통기한 개봉후 12개월","1. 아침 세안 및 메이크업 클렌징 시, 화장솜에 클렌징 워터를 충분히 젹셔 얼굴 전체를 가볍게 닦아냅니다. 2. 포인트 메이크업 부위에는 5~10초간 올려두어 메이크업을 녹여낸 후 닦아내줍니다. 3. 별도의 2차 세안은 필요없으나, 미온수로 가볍게 헹구어 주어도 됩니다.",DermoCosmetics,Cleansing
[당김제로/수분세안] 더말로지카 젤투폼 스페셜 클렌징 젤 50ml,13500,별도 표기 / 개봉 후 12개월,"100원짜리 동전 크기만큼 손에 덜어, 약간의 물을 묻혀 거품을 낸 후, 얼굴과 목에 가볍게 마사지해줍니다. 마사지 후 미온수로 깨끗이 헹궈줍니다.",DermoCosmetics,Cleansing
[데일리/각질진정] 더말로지카 데일리 마이크로폴리언트 74G,63000,별도 표기 / 개봉 후 12개월,"젖은 손에 반티스푼 정도 분량 덜어낸 뒤 물을 약간 묻힌 후 비벼 거품을 낸 후 거품을 피부에 얹어 1분간 방치, 피지 및 각질 고민 부위는 가볍게 롤링 한 뒤 (눈과 입 주위 제외) 미온수로 헹궈줍니다. (물 희석 시 거품 농도 : 거품 농도 경우 자신의 피부 타입과 스크럽 강도에 따라, 물의 양을 조절해 사용해줍니다.)",DermoCosmetics,Cleansing
[당김제로/수분세안] 더말로지카 젤투폼 스페셜 클렌징 젤 250ml,44000,별도 표기 / 개봉 후 12개월,"100원짜리 동전 크기만큼 손에 덜어, 약간의 물을 묻혀 거품을 낸 후, 얼굴과 목에 가볍게 마사지해줍니다. 마사지 후 미온수로 깨끗이 헹궈줍니다.",DermoCosmetics,Cleansing
바이오더마 세비엄 젤무쌍 200ml (튜브타입),19000,제조일로부터 3년 이내의 상품을 순차적으로 발송/ 개봉 후 6개월 사용 권장,"물로 얼굴과 몸을 충분히 적신 후, 적당량을 덜어 피부에 부드럽게 마사지 한 후 씻어냅니다. 쉐이빙 폼으로 사용 가능합니다.",DermoCosmetics,Cleansing
유세린 더머토클린 리프레싱 클렌징젤 200ml,28000,"주문일로부터 1년 6개월 이내의 제조 상품 배송, 제조일로부터 36개월 이내 사용(상품에는 '제품 사용 기한' 표기)","손바닥에 적당량을 덜어 살짝 거품을 낸 후, 부드럽게 롤링하여 미온수로 씻어 냅니다.",DermoCosmetics,Cleansing
바이오더마 센시비오 H2O eye 125ml (립앤아이리무버),18000,제조일로부터 3년 사용 가능/개봉 후 6개월 사용 권장,"사용 전 잘 흔들어줍니다. 적당량을 화장솜에 적셔 눈가와 입술 주위에 잠시 올려둔 후, 메이크업을 부드럽게 닦아냅니다. 2차 세안 없이 마무리 합니다.",DermoCosmetics,Cleansing
피지오겔 레드수딩 시카밸런스 +AC 클렌징폼 120ml,23000,제조일자로부터 36개월,본 품 적당량을 취해 피부에 사용한 후 물로 바로 깨끗이 씻어낸다.,DermoCosmetics,Cleansing
피지오겔 레드수딩 AI 젠틀 포밍젤 180ml,22000,제조일로부터 36개월,적당량을 덜어 충분히 거품을 낸 후 얼굴 전체를 부드럽게 마사지하고 미온수로 깨끗이 씻어냅니다.,DermoCosmetics,Cleansing
[pH5.5 미셀 솔루션/버블클렌저] 리쥬란 더마힐러 모이스처 버블 클렌징 워터 150ml,30000,제조일로부터 30개월,"피부가 민감한 날-버블을 손에 3회 정도 덜어낸 후, 피부 위에서 부드럽게 롤링하며 세안해 줍니다. 진한 메이크업을 한 날-솜 위에 버블을 올려 솜을 충분히 적셔준 후, 피부결을 따라 부드럽게 닦아줍니다.",DermoCosmetics,Cleansing
라로슈포제 똘러리앙 포밍클렌저 125ml 더블 기획,60000,제조일로부터 3년 이내 / 개봉 후 12개월,미지근한 물로 적신 피부에 부드럽게 마사지 한 후 깨끗이 씻어냅니다.,DermoCosmetics,Cleansing
[저자극] 유리아쥬 미셀라 클렌징 폼 150ml (N),16800,개봉 전 제조일로부터 3년/개봉 후 6개월,1~2회 펌핑하여 얼굴 전체에 부드럽게 마사지 한 후 미온수로 깨끗이 씻어냅니다. 사용전 흔들지 마십시오,DermoCosmetics,Cleansing
"[데일리/각질 진정] 더말로지카 효소 엔자임 파우더 클렌징 폴리언트 13g 3종 택 1 (마이크로,밀크,수퍼)",18000,별도 표기 / 개봉 후 12개월,"젖은 손에 반티스푼 정도 분량 덜어낸 뒤 물을 약간 묻힌 후 비벼 거품을 낸 후 거품을 피부에 얹어 1분간 방치, 피지 및 각질 고민 부위는 가볍게 롤링 한 뒤 (눈과 입 주위 제외) 미온수로 헹궈줍니다. (물 희석 시 거품 농도 : 거품 농도 경우 자신의 피부 타입과 스크럽 강도에 따라, 물의 양을 조절해 사용해줍니다.)",DermoCosmetics,Cleansing
[저자극클렌징/여드름기능성클렌저] 셀퓨전씨 트리악 데일리 트러블 케어 폼 클렌저 130ml,24000,30개월,본품 적당량을 취하여 충분히 거품을 낸 후 얼굴 전체에 부드럽게 문지르고 물로 깨끗이 씻어냅니다.,DermoCosmetics,Cleansing
바이오더마 센시비오 미셀라 클렌징 오일 150ml,32000,제조일로부터 3년 이내의 상품을 순차적으로 발송/ 개봉 후 6개월 사용 권장,"적당량을 덜어 물기가 없는 얼굴 전체에 부드럽게 펴 바른 후 가볍게 마사지합니다. 미온수를 묻혀 유화한 후, 물로 깨끗이 헹구어 줍니다.",DermoCosmetics,Cleansing
[약산성] 닥터디퍼런트 비타아크날 트러블 클렌징 폼 200ml(기획/단품),16390,"개봉 전 36개월, 개봉 후 12개월","적당량을 물기 있는 손에 덜어 부드럽게 거품을 낸 뒤, 얼굴 전체에 마사지 하듯 가볍게 문지른 후 물로 깨끗이 씻어냅니다.",DermoCosmetics,Cleansing
[저자극 유분케어] 유세린 더모퓨리파이어 딥 클렌징폼 150g,26000,제조일로부터 900일,적당량을 손에 덜어 충분히 거품을 낸 후 얼굴과 목에 마사지한 후 미지근한 물로 말끔히 헹구어 줍니다.,DermoCosmetics,Cleansing
후시다인 더마 트러블 버블 클렌저 155g,22000,36개월,"아침, 저녁 손에 적당량의 내용물을 취하여 조밀한 거품으로 피부에 마사지하듯 문지른 다음 물 또는 미온수로 깨끗이 씻어 냅니다.",DermoCosmetics,Cleansing
[저자극/묵은피로세정] 더말로지카 아로마 마사징 프리클렌즈 클렌징오일 150ml,58500,별도 표기 / 개봉 후 12개월,1. 물기가 없는 손에 오일을 적당량 덜어주세요 2.물기가 없는 얼굴 전체를 부드럽게 마사지하여 피부에 남아있는 메이크업과 노폐물을 녹여냅니다. 3.미온수를 살짝 묻혀 유화 한 후 다시 한번 부드럽게 마사지 해주세요. 4.미온수로 깨끗하게 씻어냅니다.,DermoCosmetics,Cleansing
[3일 모공개선] 메디톡스 뉴라덤 카밍 폼클렌저 100ml,19000,제조일로부터 30개월,"물기가 있는 손에 제품을 적당량 덜어 충분히 거품을 낸 후, 얼굴에 부드럽게 마사지하고 미온수로 깨끗하게 씻어 줍니다.",DermoCosmetics,Cleansing
제로이드 더마뉴얼 클렌징젤 200ml,17600,"개봉 전 제조일로부터 36개월간,  개봉 후에는 12개월 이내",손에 적당량을 취해 물을 섞지 말고 얼굴에 마사지하듯 문질러준 후 화장솜 등으로 닦아내고 물로 헹궈줍니다. (TIP : 피부가 매우 민감하여 화장품 사용도 부담이 될 때는 마사지를 충분히 한 후 물로 바로 헹궈내도 좋습니다.),DermoCosmetics,Cleansing
피토메르 레데마끼양 250ml,33000,"개봉 전 36개월, 개봉 후 12개월 이내 사용",마른 손에 적당량을 덜어 가볍게 클렌징 한 후 미온수로 제거합니다.,DermoCosmetics,Cleansing
[올인원 클렌저]LBB 4 in1 마이크로 폼 클렌저 100ml,37800,제조일로부터 36개월 / 개봉 후 12개월,물기 없는 얼굴에 도포 후 부드럽게 마사지한 후에 미온수로 한번 더 러빙하여 메이크업과 노폐물을 깨끗이 씻어냅니다.,DermoCosmetics,Cleansing
[스팀타월증정]바버 히알루로닉 클렌징 밤 150ml,44800,제조일로부터 3년/개봉 후 12개월 이내 사용,1. 메이크업을 한 마른 얼굴에 적당량의 클렌저를 덮어 마사지 하듯 문질러 줍니다. 2. 거즈를 따뜻한 물에 적셔 얼굴 전체를 온기가 식을 때까지 덮어주어 모공을 열어줍니다. 3. 거즈로 부드럽게 마사지하듯 원을 그리며 메이크업 잔여물을 닦아낸 후 찬물로 패팅하여 마무리 합니다.,DermoCosmetics,Cleansing
[올인원클렌저]바버 리파이닝 엔자임 앤 비타민C 클렌저 40g 효소 세안 파우더,45000,제조일로부터 3년/개봉 후 1년 이내 사용,"아침, 저녁 오백원 동전 크기(0.3~0.5g)만큼 손바닥에 덜어 미온수로 충분히 거품을 낸 후 얼굴과 목을 부드럽게 클렌징 한 다음 물로 깨끗이 씻어냅니다.",DermoCosmetics,Cleansing
[민감성피부용]바버 에어리 포밍 클렌저 200ml,29900,제조일로부터 3년/개봉 후 1년 이내 사용,클렌징 폼을 손바닥에 1-2회 펌핑하여 얼굴에 마사지하듯 롤링해준 뒤 미온수로 씻어냅니다.,DermoCosmetics,Cleansing
[진정/수분충전] 더말로지카 버블 프리 울트라카밍 클렌저 250ml,46000,별도 표기 / 개봉 후 12개월,"100원짜리 동전 크기만큼 손에 덜어, 약간의 물을 묻혀 거품을 낸 후, 얼굴과 목에 가볍게 마사지해줍니다.",DermoCosmetics,Cleansing
[트러블*케어 클렌저] 유리아쥬 이제악 클렌징 젤 150ml,17000,개봉 전 사용기간 제조일로부터 36개월 / 개봉후 12개월 이내 사용,"적당량을 덜어 거품을 낸 뒤, 얼굴과 몸을 부드럽게 클렌징 후 물로 헹궈냅니다.",DermoCosmetics,Cleansing
에르쯔틴 리제너레이티브 실트 클렌징 폼 150ml,25000,제조일로부터 30개월,세안 시 적당량을 취하여 발라줍니다.,DermoCosmetics,Cleansing
[최소 성분 클렌징밤]SVR 센시파인 밤데마끼앙 100G,37000,제조일로부터 3년(개봉 후 12개월),건조한 피부에 적당량 덜어 내 마사지한 뒤 물을 묻혀가며 유화 과정을 거친 뒤 미온수로 깨끗이 헹궈 줍니다.,DermoCosmetics,Cleansing
바이오더마 센시비오 H2O 500ml 2입 기획,31900,제조일로부터 3년 이내의 상품을 순차적으로 발송/ 개봉 후 6개월 사용 권장,메이크업 클렌징 및 아침 세안 시 화장솜에 적셔 사용합니다. 포인트 메이크업의 클렌징 시에는 화장솜을 잠시 올려두었다 사용하면 더욱 효과적입니다. 자극으로 민감해진 피부에 사용하셔도 좋습니다.,DermoCosmetics,Cleansing
케어놀로지 리본 35% 애씨드 워시오프 필 30ml,20390,제조일로부터 30개월 (개봉 후 12개월),"1)	클렌징 후, 물기가 없는 얼굴에 도톰히 펴 발라줍니다. 2)	30초 방치 후, 미온수로 씻어냅니다. * 주 1~2회, 간격을 두고 사용해주세요. * 고함량의 애씨드가 함유된 제품으로 눈에 들어가지 않도록 주의해주세요. * 고함량의 애씨드 성분에 의해 처음 사용시 따가움을 느낄 수 있으나, 씻어낸 후엔 따가움이 바로 사라지며 애씨드에 의한 자연스러운 현상으로 안심하고 사용하셔도 됩니다.",DermoCosmetics,Cleansing
오가나셀 캄 액티브 클렌저 120ml,59000,제조일로부터 36개월,"물기 없는 얼굴에 적당량을 덜어 마사지하듯 도포한 뒤, 약 30초 후에 산소 버블이 올라오면 미온수로 깨끗이 씻어 줍니다.",DermoCosmetics,Cleansing
[민감 피부 더마 클렌징워터] SVR 센시파인 AR 오미셀라 400ml,39000,제조일로부터 3년(개봉 후 12개월),적당량을 화장솜에 덜어내 얼굴 전체를 부드럽게 닦아냅니다. 화장솜을 잠시 올려둔 뒤 닦아내면 진한 메이크업까지 말끔하게 지워집니다.,DermoCosmetics,Cleansing
[미네랄 수분 부스팅 클렌징워터] SVR 피지오퓨어 오미셀라 400ml,39000,제조일로부터 3년(개봉 후 12개월),적당량을 화장솜에 덜어내 얼굴 전체를 부드럽게 닦아냅니다. 화장솜을 잠시 올려둔 뒤 닦아내면 진한 메이크업까지 말끔하게 지워집니다.,DermoCosmetics,Cleansing
[미네랄 수분 부스팅 클렌징젤] SVR 피지오퓨어 젤리 무쌍 400ml,32000,제조일로부터 3년(개봉 후 12개월),아침·저녁 세안 단계에서 물로 얼굴을 충분히 적신 후 적당량을 덜어 거품을 낸 다음 마사지하듯 부드럽게 클렌징하고 깨끗하게 헹궈줍니다.,DermoCosmetics,Cleansing
[1+1/저자극 유분케어] 유세린 더모퓨리파이어 폼클렌저 150g 기획(150g+150g),24700,제조일로부터 900일,적당량을 손에 덜어 충분히 거품을 낸 후 얼굴과 목에 마사지한 후 미지근한 물로 말끔히 헹구어 줍니다.,DermoCosmetics,Cleansing
아벤느 클리낭스 클렌징 젤 400ml 더블 기획*피지잡는 *약산성클렌저 *클렌징폼,36010,제조일로부터 3년 개봉 후 1년이내,"아침, 저녁 세안 시 물로 얼굴을 충분히 적신 후 적당량을 덜어 거품을 낸 다음, 마사지하듯 부드럽게 클렌징하고 깨끗하게 헹궈줍니다. 등과 가슴 트러블* 케어를 위하여 샤워젤로 사용해도 좋습니다.",DermoCosmetics,Cleansing
[단독기획] 제로이드 더마뉴얼 클렌징젤 200ml 기획 (+25ml),17600,"개봉 전 제조일로부터 36개월,  개봉 후에는 12개월 이내",손에 적당량을 취해 물을 섞지 말고 얼굴에 마사지하듯 문질러준 후 화장솜 등으로 닦아내고 물로 헹궈줍니다. (TIP : 피부가 매우 민감하여 화장품 사용도 부담이 될 때는 마사지를 충분히 한 후 물로 바로 헹궈내도 좋습니다.),DermoCosmetics,Cleansing
[한정수량/약산성] 닥터디퍼런트 비타아크날 트러블 클렌징 폼 200ml 1+1 기획,17480,"개봉 전 36개월, 개봉 후 12개월","적당량을 물기 있는 손에 덜어 부드럽게 거품을 낸 뒤, 얼굴 전체에 마사지 하듯 가볍게 문지른 후 물로 깨끗이 씻어냅니다.",DermoCosmetics,Cleansing
아벤느 클리낭스 클렌징 젤 400ml 더블 기획*피지잡는 *약산성클렌저 *클렌징폼,36010,제조일로부터 3년 개봉 후 1년이내,"아침, 저녁 세안 시 물로 얼굴을 충분히 적신 후 적당량을 덜어 거품을 낸 다음, 마사지하듯 부드럽게 클렌징하고 깨끗하게 헹궈줍니다. 등과 가슴 트러블* 케어를 위하여 샤워젤로 사용해도 좋습니다.",DermoCosmetics,Cleansing
케어놀로지 비파인 더 아크 포어 딥 클렌저 120ml,18750,제조일로부터 36개월 (개봉 후 12개월),"클렌저 적당량을 덜어 충분히 거품을 낸 후, 부드럽게 클렌징하여 미온수로 깨끗하게 헹궈 줍니다.",DermoCosmetics,Cleansing
[올영픽] 아벤느 클리낭스 클렌징젤 400ml 더블 기획 (클리낭스 세럼 2ml + 클리낭스아쿠아크림인젤 2ml),45000,제조일로부터 3년 개봉 후 1년이내,"아침, 저녁 세안 시 물로 얼굴을 충분히 적신 후 적당량을 덜어 거품을 낸 다음, 마사지하듯 부드럽게 클렌징하고 깨끗하게 헹궈줍니다. 등과 가슴 트러블* 케어를 위하여 샤워젤로 사용해도 좋습니다.",DermoCosmetics,Cleansing
[7월올영픽/20매추가증정] 셀퓨전씨 포스트 알파 쿨링 패드 70매 (+20매) 태닝 마이멜로디 기획,14400,30개월 (개봉후 6개월),"쿨링 패드는 쿨링 및 진정 효과가 필요한 부위에 팩부터 토너패드까지 다양하게 사용 가능합니다. *쿨링팩으로 사용 시, 열감으로 달아오른 고민 부위에 패드를 올려둔 뒤, 약 5~10분 후 떼어내고 피부에 남은 에센스를 가볍게 두드려 흡수시켜 줍니다. *토너패드로 사용 시, 세안 후 눈 주위를 제외한 얼굴 전체를 피부 결을 따라 부드럽게 닦아줍니다.",DermoCosmetics,mask pack
[7월 올영픽] 에스트라 에이시카365 쿨링진정패드 pH4.5 60매,18700,36개월 (개봉 후 1년),1. 뚜껑을 열어 내장된 집게를 이용해 패드를 꺼내줍니다. 2. 진정이 필요한 부위에 패드를 마스크 팩처럼 올려줍니다. 3. 패드가 마르지 않도록 뚜껑을 잘 닫아 줍니다.,DermoCosmetics,mask pack
[붙이는 리쥬란/오리지널PDRN] 리쥬란 힐러 스킨 프로텍션 마스크 5매,14500,제조일로부터 24개월,본 품을 피부에 붙이고 10~20분 후 지지체를 제거한 다음 남은 제품을 골고루 펴 바른다.,DermoCosmetics,mask pack
[7월올영픽/3+3] 셀퓨전씨 포스트 알파 퍼스트 쿨링 마스크 3매+3매 태닝 마이멜로디 기획,7600,30개월,1. 세안 후 토너로 피부결을 정돈해줍니다. 2. 파우치를 개봉하여 얼굴에 맞춰 잘 부착 시켜줍니다. 3. 약 20~30분 후 마스크를 제거하고 피부에 남은 내용물을 가볍게 두드려 흡수 시켜줍니다. ※ 10℃ 이하의 온도에서 냉장 보관하여 사용하시면 더욱 효과적입니다.,DermoCosmetics,mask pack
"[7월올영픽/3+3] 셀퓨전씨 포스트 알파 쿨링 마스크 3매+3매 태닝 마이멜로디 기획 (쿨링, 시카 쿨링)",7600,30개월,1. 세안 후 토너로 피부결을 정돈해줍니다. 2. 파우치를 개봉하여 얼굴에 맞춰 잘 부착 시켜줍니다. 3. 약 20~30분 후 마스크를 제거하고 피부에 남은 내용물을 가볍게 두드려 흡수 시켜줍니다. ※ 10℃ 이하의 온도에서 냉장 보관하여 사용하시면 더욱 효과적입니다.,DermoCosmetics,mask pack
[1등마스크팩] 유세린 울트라센시티브 리페어 진정 마스크팩 5매,13900,"1,095일","세안 후 깨끗한 피부에 울트라 센시티브 마스크팩을 얹어 15분 가량 기다린 후, 떼어내고 충분히 흡수시켜줍니다.",DermoCosmetics,mask pack
[7월올영픽/3+3] 셀퓨전씨 포스트 알파 시카 쿨링 마스크 3매+3매 태닝 마이멜로디 기획,7600,30개월,1. 세안 후 토너로 피부결을 정돈해줍니다. 2. 파우치를 개봉하여 얼굴에 맞춰 잘 부착 시켜줍니다. 3. 약 20~30분 후 마스크를 제거하고 피부에 남은 내용물을 가볍게 두드려 흡수 시켜줍니다. ※ 10℃ 이하의 온도에서 냉장 보관하여 사용하시면 더욱 효과적입니다.,DermoCosmetics,mask pack
[급속쿨링/열감케어] 셀퓨전씨 포스트 알파 퍼스트 쿨링 마스크 5P,7500,"제조일로부터 1년6개월 이내의 상품을 순차적으로 발송, 유통기한 개봉후 12개월",1. 세안 후 토너로 피부결을 정돈해줍니다. 2. 파우치를 개봉하여 얼굴에 맞춰 잘 부착 시켜줍니다. 3. 약 20~30분 후 마스크를 제거하고 피부에 남은 내용물을 가볍게 두드려 흡수 시켜줍니다. ※ 10℃ 이하의 온도에서 냉장 보관하여 사용하시면 더욱 효과적입니다.,DermoCosmetics,mask pack
[빙하수쿨링패드/화잘먹치트키] 셀퓨전씨 포스트 알파 쿨링 패드 70매,14400,사용기한 30개월 개봉후 사용기한 6개월이에요,"쿨링 패드는 쿨링 및 진정 효과가 필요한 부위에 팩부터 토너패드까지 다양하게 사용 가능합니다. *쿨링패드로 사용 시, 열감으로 달아오른 고민 부위에 패드를 올려둔 뒤, 약 5~10분 후 떼어내고 피부에 남은 에센스를 가볍게 두드려 흡수시켜 줍니다. 이마, 코 등 국소 부위는 시트를 반으로 나누어 사용해도 좋습니다.",DermoCosmetics,mask pack
[단독기획] 파티온 노스카나인 트러블 세럼 마스크팩 기획(4+1),7200,"제조일로부터 36개월, 개봉 후 12개월(2024년 4월 28일 이후 제조된 상품만을 취급)",1. 세안 후 토너로 피부 결을 정돈해 줍니다. 2. 파우치 개봉 후 마스크 시트를 꺼내 얼굴에 맞게 부착합니다. 3. 10~20분 후 시트를 떼어내고 남은 에센스는 가볍게 두드려 흡수시켜 줍니다.,DermoCosmetics,mask pack
[모공PDRN/피부결리셋] 리쥬란 더마 힐러 포어 타이트닝 토너 패드 60매 더블 기획(본품 60매+리필 60매),35900,제조일로부터 24개월,"세안 후, 패드로 피부 결을 따라 부드럽게 닦아 낸 후 에센스를 흡수시켜줍니다. 특히 모공 고민이 큰 부위에는 팩으로 사용하여 집중적으로 케어해줍니다.",DermoCosmetics,mask pack
[모공/진정] 동국제약 센텔리안24 마데카 리얼 그린 포어 패드 60매 (병풀 패드),15900,개봉 전,1. 피부 진정이 필요한 부위에 초록 패드면을 밀착시켜 올려둡니다. 2. 피부가 진정되면 반대편 하얀 패드면으로 부드럽게 닦아냅니다. TIP. 패드 칼선을 따라 이등분하여 피부 고민 부위에 맞춰 집중 케어해줍니다.,DermoCosmetics,mask pack
[쿨링진정/민감피부추천] 셀퓨전씨 포스트 알파 시카 쿨링 마스크 1매,1500,"제조일로부터 1년6개월 이내의 상품을 순차적으로 발송, 유통기한 개봉후 즉시",1. 세안 후 토너로 피부결을 정돈해줍니다. 2. 파우치를 개봉하여 얼굴에 맞춰 잘 부착 시켜줍니다. 3. 약 20~30분 후 마스크를 제거하고 피부에 남은 내용물을 가볍게 두드려 흡수 시켜줍니다. ※ 10℃ 이하의 온도에서 냉장 보관하여 사용하시면 더욱 효과적입니다.,DermoCosmetics,mask pack
[모공PDRN/피부결리셋]리쥬란 더마 힐러 포어 타이트닝 토너 패드 220ml(60매),24900,제조일로부터 24개월,"세안 후, 패드로 피부 결을 따라 부드럽게 닦아 낸 후 에센스를 흡수시켜줍니다. 특히 모공 고민이 큰 부위에는 팩으로 사용하여 집중적으로 케어해줍니다.",DermoCosmetics,mask pack
[나나PICK] 센텔리안24 마데카랩 히알 워터풀 글로우 겔 마스크팩 1매,3500,제품 별도표기일까지 / 제조일로부터 30일 / 개봉 후 6개월,"1. 세안 후 피부 결을 정돈한 뒤, 상하로 분리된 겔 마스크 시트의 필름을 각각 떼어 줍니다. 2. 시트 상단은 눈을 중심으로 얼굴 모양에 맞춰 붙여 주고, 하단은 입을 중심으로 얼굴 모양에 맞춰 붙여줍니다. 3. 약 20-30분 후, 시트를 떼어내고 피부에 남아있는 에센스를 가볍게 두드려 흡수 시켜 줍니다.",DermoCosmetics,mask pack
[급속쿨링/열감케어] 셀퓨전씨 포스트 알파 퍼스트 쿨링 마스크 1P,1500,"제조일로부터 1년6개월 이내의 상품을 순차적으로 발송, 유통기한 개봉후 즉시",1. 세안 후 토너로 피부결을 정돈해줍니다. 2. 파우치를 개봉하여 얼굴에 맞춰 잘 부착 시켜줍니다. 3. 약 20~30분 후 마스크를 제거하고 피부에 남은 내용물을 가볍게 두드려 흡수 시켜줍니다. ※ 10℃ 이하의 온도에서 냉장 보관하여 사용하시면 더욱 효과적입니다.,DermoCosmetics,mask pack
파티온 노스카나인 트러블 세럼 마스크팩 1매,1900,"제조일로부터 36개월, 개봉 후 12개월(2024년 4월 28일 이후 제조된 상품만을 취급)",1. 세안 후 토너로 피부 결을 정돈해 줍니다. 2. 파우치 개봉 후 마스크 시트를 꺼내 얼굴에 맞게 부착합니다. 3. 10~20분 후 시트를 떼어내고 남은 에센스는 가볍게 두드려 흡수시켜 줍니다.,DermoCosmetics,mask pack
[붙이는리쥬란_이중턱케어] 리쥬란 힐러 퍼펙트 힐링 V 타이터 4매,32900,"개봉 전 24개월, 개봉 후 12개월",마스크 시트를 꺼내어 눈 주위부터 얼굴 형태에 맞춰 접히는 부분이 없도록 꼼꼼히 붙여줍니다. 약 10~20분 경과 후 마스크를 제거 해줍니다,DermoCosmetics,mask pack
[즉각모공축소/데일리필링] 셀퓨전씨 트리악 모공톡스 패드 (60매),15100,"제조일로부터 1년6개월 이내의 상품을 순차적으로 발송, 유통기한 개봉후 12개월",1. 세안 후 스킨케어 첫 단계에서 엠보싱 면으로 모공 고민 부위를 포함한 얼굴 전체를 피부결 방향으로 부드럽게 닦아냅니다. *눈가 제외 2. 부드러운 반대쪽 면으로 한번 더 닦아내며 피부결 정돈을 해줍니다. 3. 피부에 남은 내용물은 가볍게 두드려 흡수시켜 줍니다. 4. 사용 후 뚜껑을 닫아 보관합니다.,DermoCosmetics,mask pack
[진정수딩/광채톤업] 필킨X약손명가 모델링팩 5매입 2종 택1,12900,제조일로부터 36개월,1. 팩볼에 팩 파우더와 정제수를 계량해 주세요. 2. 스파츌라를 이용해 고르게 섞어 주세요. 3. 스파츌라로 얼굴에 얹어 주세요. 4. 15~20분 후 떼어내세요,DermoCosmetics,mask pack
[리쥬란 독자소재_저자극 안심성분]리쥬란 더마힐러 모이스처 트리트먼트 마스크팩 1매,5600,2년,"1. 세안 후 토너로 피부 결을 정돈해 줍니다. 2. 파우치를 열어 시트의 필름을 제거한 뒤, 얼굴 형태에 맞게 잘 부착해줍니다. 3. 약 10-20분 후 마스크를 제거하고, 얼굴에 남은 에센스를 가볍게 두드려 흡수시켜줍니다.",DermoCosmetics,mask pack
[한정기획] 피지오겔 사이언수티컬즈 디멜라나이저 토닝 앰플 세럼 마스크 3+1매,12000,개봉전 36개월,"세안 후 피부결을 정돈해 준 후, 눈, 코 부분에 맞추어 얼굴 전체에 고르게 밀착시켜줍니다. 10~20분 후 떼어내고 피부 위에 남은 내용물을 흡수시켜줍니다.",DermoCosmetics,mask pack
[진정쿨링/민감피부추천] 셀퓨전씨 포스트 알파 시카 쿨링 마스크 5매입,7500,"제조일로부터 1년6개월 이내의 상품을 순차적으로 발송, 유통기한 개봉후 즉시",1. 세안 후 토너로 피부결을 정돈해줍니다. 2. 파우치를 개봉하여 얼굴에 맞춰 잘 부착 시켜줍니다. 3. 약 20~30분 후 마스크를 제거하고 피부에 남은 내용물을 가볍게 두드려 흡수 시켜줍니다. ※ 10℃ 이하의 온도에서 냉장 보관하여 사용하시면 더욱 효과적입니다.,DermoCosmetics,mask pack
[탄력/리프팅] 톡스앤필 리프팅마스크 포 페이스 앤 넥 1매/5매,7000,제조일로부터 730일,"세안 후, 깨끗한 피부에 시트 마스크를 턱과 목 위치에 맞추어 고르게 밀착 시킵니다. 고리를 귀에 걸어 리프팅을 강화하고 20~30분 동안 휴식 후 시트를 제거 합니다.",DermoCosmetics,mask pack
[민감 피부 진정 보습]SVR 센시파인 SOS 크림 마스크 75ml,24300,제조일로부터 3년(개봉 후 12개월),"일주일에 1-2회, 세안 후 얼굴에 적당량을 덜어 고르게 펴 발라 준 뒤, 5분에서 10분이 지난 다음 닦아 줍니다. 혹은 수면팩으로 사용하셔도 좋습니다.",DermoCosmetics,mask pack
후시다인 더마 포어 4D콜라겐 랩핑 마스크 100ml,21000,36개월,"세안 후, 스킨케어 마지막 단계까지 충분히 흡수시킨 후 적당량을 덜어 피부에 펴발라 줍니다. 약 10~20분 후 팩이 완전히 건조되면 투명한 막을 아래에서 위로 떼어내 줍니다.",DermoCosmetics,mask pack
아이디플라코스메틱 페이스핏 마이너스 밴드 V3 4매,15920,제조일자로 부터 36개월,"1. 세안 후 화장수로 피부 결을 정돈해줍니다. 2. 파우치를 개봉하여 턱 부분 절개선이 ⌒ 모양이 되도록 향한뒤 투명 필름을 제거합니다. 3. 필름이 제거된 면이 피부쪽을 향하도록 한 뒤, 절개선을 턱 끝에 맞추어 줍니다. 4. 마스크 끝을 천천히 잡아당겨 늘린 후, 양쪽 귀에 걸어줍니다. 5. 약 20-30분 후 마스크를 제거 해준 다음, 가볍게 두드려 흡수시켜 줍니다.",DermoCosmetics,mask pack
[잡티마스크] 센텔리안24 마데카 멜라 캡처 앰플 마스크팩 1매,2500,"제조일로부터 30개월, 개봉 후 즉시 사용",본 품을 피부에 붙이고 10~20분 후 지지체를 제거한 다음 남은 제품을 골고루 펴 바른다.,DermoCosmetics,mask pack
[한정기획] 피지오겔 사이언수티컬즈 데일리뮨 앰플 마스크팩 3+1매,12000,개봉전 36개월,"세안 후 피부결을 정돈해 준 후, 눈, 코 부분에 맞추어 얼굴 전체에 고르게 밀착시켜줍니다. 10~20분 후 떼어내고 피부 위에 남은 내용물을 흡수시켜줍니다.",DermoCosmetics,mask pack
닥터디퍼런트 더마 릴렉싱 마스크 5매,11400,"개봉전 24개월, 개봉 후 즉시 사용","세안 후 토너를 이용하여 피부를 가볍거 정돈한 후, 마스크를 꺼내어 얼굴에 맞게 붙여줍니다. 10분~15분 후 시트를 떼어낸 후 남아 있는 내용물을 가볍게 두드려 흡수시켜 줍니다.",DermoCosmetics,mask pack
[단독기획] 아이디플라코스메틱 페이스핏 플라스터 마스크 기획 (4+1매),10430,제조일자로 부터 36개월,"1. 세안 후 토너로 피부결을 정리하여 줍니다. 2. 마스트 시트를 개봉하여 비닐 부분을 제거한 뒤 눈과 코를 맞추어 얼굴에 부착하고 반대편 불투명한 비닐면을 제거합니다. 3. 동일한 방법으로 입 부분에 맞추어 아랫 부분을 부착하고 약20~25분 정도 시트가 완전히 건조될 때까지 기다립니다. 4. 시트가 건조되면 상, 하 시트를 같이 얼굴 측면 부분부터 부드럽게 떼어낸 후 가벼운 물 세안으로 피부에 남은 잔여물을 닦아냅니다. 5. 필요 시 앰플, 크림 등으로 골고루 펴 발라 흡수시켜 줍니다.",DermoCosmetics,mask pack
[진정장벽] 유세린 울트라센시티브 리페어 진정 마스크팩 1매,3500,"1,095일","세안 후 깨끗한 피부에 울트라 센시티브 마스크팩을 얹어 15분 가량 기다린 후, 떼어내고 충분히 흡수시켜줍니다.",DermoCosmetics,mask pack
[피부특화 DNA성분] 리쥬란 힐러 스킨 프로텍션 마스크 1매,2900,제조일로부터 24개월,본 품을 피부에 붙이고 10~20분 후 지지체를 제거한 다음 남은 제품을 골고루 펴 바른다.,DermoCosmetics,mask pack
파티온 리얼핏 콜라겐 퍼밍 마스크 1매,1200,"제조일로부터 36개월, 개봉 후 12개월 (2022년 9월 4일 이후 제조된 상품만을 취급)",1. 세안 후 화장수로 피부 결을 정돈해 줍니다. 2. 파우치 개봉 후 마스크 시트를 꺼내 얼굴에 맞게 부착합니다. 3. 10~20분 후 시트를 떼어내고 남은 에센스는 가볍게 두드려 흡수시켜 줍니다.,DermoCosmetics,mask pack
피토메르 올리고포스 이드라땅 마스크 1매,6110,"개봉 전 36개월, 개봉 후 즉시 사용",마스크를 꺼내 얼굴 모양에 맞게 부착한 뒤 10~20분 후 남아있는 잔여물을 골고루 흡수시켜줍니다.,DermoCosmetics,mask pack
[나나PICK] 센텔리안24 마데카랩 PDRN 스킨 타이트닝 글로우 겔 마스크팩 1매,6000,제품 별도표기일까지 / 제조일로부터 30개월 / 개봉 후 6개월,"1. 세안 후 피부 결을 정돈한 뒤, 상ㆍ하로 분리된 겔 마스크 시트의 필름을 각각 떼어줍니다. 2. 시트 상단은 눈을 중심으로 얼굴 모양에 맞춰 붙여 주고, 하단은 입을 중심으로 얼굴 모양에 맞춰 붙여줍니다. 3. 약 20-30분 후, 시트를 떼어내고 피부에 남아있는 에센스를 가볍게 두드려 흡수시켜 줍니다.",DermoCosmetics,mask pack
파티온 포도당 하이드로 마스크 1매,2000,"36개월, 개봉 후 12개월 (2025년 1월 28일 이후 제조된 상품만을 취급)",1. 세안 후 토너로 피부 결을 정돈해 줍니다. 2. 파우치 개봉 후 마스크 시트를 꺼내 얼굴에 맞게 부착합니다. 3. 10~20분 후 시트를 떼어내고 남은 에센스는 가볍게 두드려 흡수시켜 줍니다.,DermoCosmetics,mask pack
에르쯔틴 리제너레이티브 실트 마스크 1매,3500,제조일로부터 36개월,세안 후 토너로 피부 결을 정돈한 후 마스크를 꺼내어 필름을 제거해 줍니다. 피부에 잘 밀착되도록 상단 마스크는 눈을 중심으로 부드럽게 부착합니다. 하단 마스크는 입을 중심으로 부드럽게 볼 쪽으로 끌어올리면서 부착합니다. 10~20분 후 시트를 떼어내고 피부에 남아 있는 크림은 가볍게 두드려 흡수 시킵니다.,DermoCosmetics,mask pack
파티온 리얼핏 쌀겨 브라이트닝 마스크 1매,1200,"제조일로부터 36개월, 개봉 후 12개월 (2022년 5월 2일 이후 제조된 상품만을 취급)",1. 세안 후 화장수로 피부 결을 정돈해 줍니다. 2. 파우치 개봉 후 마스크 시트를 꺼내 얼굴에 맞게 부착합니다. 3. 10~20분 후 시트를 떼어내고 남은 에센스는 가볍게 두드려 흡수시켜 줍니다.,DermoCosmetics,mask pack
[수분/진정] 닥터디퍼런트 카밍 앤 모이스처 마스크(1매/5매),2660,"개봉전 36개월, 개봉후 즉시 사용","세안 후 토너를 이용하여 피부를 가볍거 정돈한 후, 마스크를 꺼내어 얼굴에 맞게 붙여줍니다. 10분~15분 후 시트를 떼어낸 후 남아 있는 내용물을 가볍게 두드려 흡수시켜 줍니다.",DermoCosmetics,mask pack
[수분/진정] 닥터디퍼런트 카밍 앤 모이스처 마스크 5매,11400,"개봉전 36개월, 개봉후 즉시 사용","세안 후 토너를 이용하여 피부를 가볍거 정돈한 후, 마스크를 꺼내어 얼굴에 맞게 붙여줍니다. 10분~15분 후 시트를 떼어낸 후 남아 있는 내용물을 가볍게 두드려 흡수시켜 줍니다.",DermoCosmetics,mask pack
[저자극 모공팩] 에스테덤 젠틀 딥 포어 클렌저 75ml,30700,개봉후 6개월 이내 사용 권장,"세안 후, 깨끗한 얼굴에 눈가와 입가를 피해 펴 바르고 약 30초간 롤링한 후 제품이 뻑뻑해지면 미온수로 씻어냅니다. 피부 상태에 따라 주 1~3회 사용합니다. 피지가 특히 많은 코 등에 부분적으로 더 세심하고 집중적인 케어를 할 수 있습니다.",DermoCosmetics,mask pack
[화잘먹 각질팩] 에스테덤 라이트닝 버핑 마스크 75ml,42750,개봉후 6개월 이내 사용 권장,"세안 후, 깨끗한 얼굴에 눈가와 입가를 피해 펴 바르고 약 1분 후 굳어지기 시작하면 부드럽게 밀어서 제거합니다. 피부 상태에 따라 주 1~3회 사용합니다. 에스테덤 젠틀 딥포어 클렌저 사용 후 사용해주시면 더욱 좋습니다.",DermoCosmetics,mask pack
피지오겔 DMT 크림 마스크,4000,개봉전 36개월,"1. 세안 후 토너로 피부결을 정돈해 준 후, 시트를 꺼내어 접힌 부분을 펼쳐 줍니다. 2. 눈, 코 부분 부터 맞추어 얼굴 전체에 고르게 밀착시킵니다. 3. 10~15분 후에 떼어내고 피부 위에 남은 내용물을 손으로 가볍게 두드려 흡수시켜줍니다.",DermoCosmetics,mask pack
피지오겔 레드수딩 AI 릴리프 마스크,4000,개봉전 36개월,"1. 세안 후 토너로 피부결을 정돈해 준 후, 시트를 꺼내어 접힌 부분을 펼쳐 줍니다. 2. 눈, 코 부분 부터 맞추어 얼굴 전체에 고르게 밀착시킵니다. 3. 10~15분 후에 떼어내고 피부 위에 남은 내용물을 손으로 가볍게 두드려 흡수시켜줍니다.",DermoCosmetics,mask pack
[시카진정/보습] 닥터디퍼런트 더마 릴렉싱 마스크(1매/5매),2660,"제조일로부터 24개월, 개봉 후 즉시","세안 후 토너를 이용하여 피부를 가볍거 정돈한 후, 마스크를 꺼내어 얼굴에 맞게 붙여줍니다. 10분~15분 후 시트를 떼어낸 후 남아 있는 내용물을 가볍게 두드려 흡수시켜 줍니다.",DermoCosmetics,mask pack
[빠른진정] 닥터디퍼런트 시카 메탈 카밍패드 90ml(60매),17280,"개봉전 제조일로부터24개월, 개봉후12개월","세안 후 거즈면으로 얼굴을 전체적으로 가볍게 닦아 내며 피부겨을 정돈해준뒤, 순면을 이용하여 진정이 필요한 곳을 케어해 줍니다.",DermoCosmetics,mask pack
[PDRN수분이불시트] 리쥬란 더마힐러 모이스처 트리트먼트 마스크팩 5매,28000,2년,"1. 세안 후 토너로 피부 결을 정돈해 줍니다. 2. 파우치를 열어 시트의 필름을 제거한 뒤, 얼굴 형태에 맞게 잘 부착해줍니다. 3. 약 10-20분 후 마스크를 제거하고, 얼굴에 남은 에센스를 가볍게 두드려 흡수시켜줍니다.",DermoCosmetics,mask pack
[이중턱케어] 리쥬란 힐러 퍼펙트 힐링 V 타이터 1매,8250,"개봉 전 24개월, 개봉 후 12개월",마스크 시트를 꺼내어 눈 주위부터 얼굴 형태에 맞춰 접히는 부분이 없도록 꼼꼼히 붙여줍니다. 약 10~20분 경과 후 마스크를 제거 해줍니다,DermoCosmetics,mask pack
[NEW] 피지오겔 레드수딩 시카밸런스 플러스 AC 카밍 패드 70매,30000,"개봉 전 36개월, 개봉 후 12개월","세안이나 샤워 후 집중 관리가 필요한 부위의 각질/피지를 엠보싱 면으로 부드럽게 닦아주세요. 부드러운 면으로 피부결을 따라 다시 한 번 닦아주세요. 손바닥으로 가볍게 두드려 마무리 해주세요. 사용 후 패드가 마르지 않도록 반드시 뚜껑을 닫아주세요. 눈가, 입가 및 상처 부위를 제외하고 사용해주세요.",DermoCosmetics,mask pack
[잡티패드] 센텔리안24 마데카 멜라 캡처 앰플 패드 60매,26000,제조일로부터 30개월/개봉 후 6개월,"1. 패드를 한 장 꺼내어 기미, 잡티 고민 부위에 가볍게 올려둡니다. 2. 10~20분 후 내용물이 눈에 들어가지 않도록 가볍게 쓸어내리듯 닦아내며 피부결을 정돈합니다.",DermoCosmetics,mask pack
후시다인 더마 트러블 클리어 토너패드 60매,28000,36개월,"1. 아침, 저녁 세안 후 눈가를 제외한 얼굴 전체에 피부 결들따라 부드럽게 닦아줍니다. 2. 보습과 진정이 필요한 무위에는 패드를 팩처럼 붙인 후 건조되기 전에 떼어내 주세요. 3. 오후에 무너진 메이크업 수정 시 간편하게 닦아낸 후 사용해 주세요.",DermoCosmetics,mask pack
[NEW] 피지오겔 사이언수티컬즈 데일리뮨 앰플 세럼 마스크팩 5매,39900,개봉전 36개월,"세안 후 피부결을 정돈해 준 후, 눈, 코 부분에 맞추어 얼굴 전체에 고르게 밀착시켜줍니다. 10~20분 후 떼어내고 피부 위에 남은 내용물을 흡수시켜줍니다.",DermoCosmetics,mask pack
[탄력/리프팅] 톡스앤필 콜라겐 인텐시브마스크 1매/5매,4500,제조일로부터 1095일,"세안 후, 깨끗한 피부에 시트 마스크를 눈과 입 위치에 맞추어 고르게 밀착 시킨 후, 턱부분을 고정하고 하단 시트를 양쪽 귀 앞으로 당겨 붙여줍니다. 10~20분 휴식 후 시트를 제거하고 남은 에센스를 가볍게 두드리며 흡수 시킵니다.",DermoCosmetics,mask pack
[민감진정/리얼시카패드] 셀퓨전씨 포스트 알파 시카 쿨링 패드 70매,23000,30개월 (개봉후 6개월),"시카 쿨링 패드는 쿨링 및 진정 효과가 필요한 부위에 팩부터 토너패드까지 다양하게 사용 가능합니다. *쿨링팩으로 사용 시, 열감으로 달아오른 고민 부위에 패드를 올려둔 뒤, 약 5~10분 후 떼어내고 피부에 남은 에센스를 가볍게 두드려 흡수시켜 줍니다. *토너패드로 사용 시, 세안 후 눈 주위를 제외한 얼굴 전체를 피부 결을 따라 부드럽게 닦아줍니다.",DermoCosmetics,mask pack
[코어 리프팅] 메디톡스 뉴라덤 리페어 리프팅 크림 마스크팩 5매,27600,제조일로부터 24개,"1. 세안 후 토너로 피부 결을 정돈한 후 3피스로 분리된 마스크팩을 꺼내 필름을 제거 합니다. 2. 상단은 눈을 중심으로, 하단은 입을 중심으로 얼굴과 목에 맞춰 밀착 시켜줍니다. 3. 20분 후 마스크를 떼어낸 다음 남은 크림을 손으로 두드려 흡수시켜 줍니다.",DermoCosmetics,mask pack
[탄력엑소좀+코팅시트] 메디톡스 뉴라덤 리페어 리프팅 크림 마스크팩 1매/5매,5800,제조일로부터 24개,"1. 세안 후 토너로 피부 결을 정돈한 후 3피스로 분리된 마스크팩을 꺼내 필름을 제거 합니다. 2. 상단은 눈을 중심으로, 하단은 입을 중심으로 얼굴과 목에 맞춰 밀착 시켜줍니다. 3. 20분 후 마스크를 떼어낸 다음 남은 크림을 손으로 두드려 흡수시켜 줍니다.",DermoCosmetics,mask pack
[주름방지 펩타이드] 메디톡스 뉴라덤 에이지디펜스 바이오 마스크팩 5매,27600,제조일로부터 24개월,"1. 세안 후 마스크를 꺼내어 양면의 메쉬를 제거한 뒤 얼굴에 맞게 잘 붙입니다. 2. 약 20분 후 마스크를 떼어낸 다음, 피부에 남은 앰플을 손으로 두드려 흡수시켜 줍니다.",DermoCosmetics,mask pack
[특허 주름케어] 메디톡스 뉴라덤 에이지디펜스 바이오 마스크팩 1매/5매,5800,제조일로부터 24개월,"1. 세안 후 마스크를 꺼내어 양면의 메쉬를 제거한 뒤 얼굴에 맞게 잘 붙입니다. 2. 약 20분 후 마스크를 떼어낸 다음, 피부에 남은 앰플을 손으로 두드려 흡수시켜 줍니다.",DermoCosmetics,mask pack
[2주 기미/잡티 삭제] 메디톡스 뉴라덤 하이드로 브라이트닝 마스크팩 1매/5매 (하이드로겔),27600,제조일로부터 30개월,"1. 세안 후 토너로 피부결을 정돈한 후 상, 하로 분리된 마스크팩을 꺼내 필름을 제거합니다. 2. 매끈한 면이 얼굴에 닿도록 상단은 눈을 중심으로, 하단은 입을 중심으로 얼굴에 맞춰 밀착시켜줍니다. 3. 약 30분 후 마스크를 떼어낸 다음 남은 앰플을 손으로 두드려 흡수시켜줍니다.",DermoCosmetics,mask pack
[2주 기미/잡티 삭제] 메디톡스 뉴라덤 하이드로 브라이트닝 마스크팩 1매/5매 (하이드로겔),5800,제조일로부터 30개월,"1. 세안 후 토너로 피부결을 정돈한 후 상, 하로 분리된 마스크팩을 꺼내 필름을 제거합니다. 2. 매끈한 면이 얼굴에 닿도록 상단은 눈을 중심으로, 하단은 입을 중심으로 얼굴에 맞춰 밀착시켜줍니다. 3. 약 30분 후 마스크를 떼어낸 다음 남은 앰플을 손으로 두드려 흡수시켜줍니다.",DermoCosmetics,mask pack
[진정 엑소좀] 메디톡스 뉴라덤 딥 카밍 마스크팩 5매,27600,제조일로부터 36개월,"1. 세안 후 토너로 피부 결을 정돈한 후 마스크팩을 꺼내 얼굴에 맞춰 밀착 시켜줍니다. 2. 약 10-20분 후 마스크를 떼어낸 다음 남은 앰플을 손으로 두드려 흡수시켜줍니다. 사용 Tip : 파우치에 남은 앰플은 보습이 필요한 팔, 다리 등 다양한 부위에 사용하세요!",DermoCosmetics,mask pack
[SOS 응급진정] 메디톡스 뉴라덤 딥 카밍 마스크팩 1매/5매,5800,제조일로부터 36개월,1. 세안 후 토너로 피부 결을 정돈한 후 마스크팩을 꺼내 얼굴에 맞춰 밀착 시켜줍니다. 2. 약 10-20분 후 마스크를 떼어낸 다음 남은 앰플을 손으로 두드려 흡수시켜줍니다.,DermoCosmetics,mask pack
제나벨 PDRN 리쥬비네이팅 마스크팩 5매,12300,제조 후 3년/ 개봉 후 즉시,"1.세안 후 피부 결을 정돈한 후 마스크를 꺼내어 접힌 부분을 완전히 펼쳐줍니다. 2.눈,코,입 부분을 먼저 맞춘 다음 피부에 밀착되도록 고르게 잘 붙여줍니다. 3.약 10~20분간 편안한 휴식을 취한 후 마스크를 떼어내고 얼굴에 남아있는 에센스를 두드려 흡수시켜 줍니다.",DermoCosmetics,mask pack
에르쯔틴 리제너레이티브 실트 마스크 5매,15000,제조일로부터 36개월,세안 후 토너로 피부 결을 정돈한 후 마스크를 꺼내어 필름을 제거해 줍니다. 피부에 잘 밀착되도록 상단 마스크는 눈을 중심으로 부드럽게 부착합니다. 하단 마스크는 입을 중심으로 부드럽게 볼 쪽으로 끌어올리면서 부착합니다. 10~20분 후 시트를 떼어내고 피부에 남아 있는 크림은 가볍게 두드려 흡수 시킵니다.,DermoCosmetics,mask pack
[3분필링] 이지듀 DW-EGF 멜라라필 LHA 원데이 프로그램,15000,제조일로부터 36개월,"*주 1회 사용으로 충분한 스페셜 필링 케어입니다. 1. 멜라라필 스텝1을 브러시로 가볍게 휘핑하여 세안한 맨 얼굴에 부드럽게 펴바릅니다. 2. 각질이 부드럽게 멜팅될 수 있도록 약 3분 후, 미온수로 헹구어 냅니다. 3. 스텝2를 얼굴 전체에 붙이고 10-20분 후 시트를 떼어낸 다음 피부에 남은 에센스는 가볍게 두드려 흡수시켜 줍니다.",DermoCosmetics,mask pack
피토메르 올리고포스 이드라땅 마스크 4매 기획,28000,"개봉 전 36개월, 개봉 후 즉시 사용",마스크를 꺼내 얼굴 모양에 맞게 부착한 뒤 10~20분 후 남아있는 잔여물을 골고루 흡수시켜줍니다.,DermoCosmetics,mask pack
[3일1팩]LBB 인텐시브 케어 인 세럼 마스크 1box (5매),30000,제조일로부터 36개월 / 개봉 후 바로 사용 권장,"1. 세안 후, 토너로 피부결을 정돈해 줍니다. 시트를 꺼내어 눈과 입 주위를 제외한 얼굴 전체에 고르게 밀착시킵니다. 2. 10~20분 후에 시트를 떼어내고 피부에 남아있는 내용물을 가볍게 두드려 흡수시킵니다.",DermoCosmetics,mask pack
[1등 스킨부스터 팩] 메디톡스 뉴라덤 클리닉 마스크팩 1매 (4종 택1),5800,제조일로부터 24개월,"1. 세안 후 토너로 피부 결을 정돈한 후 3피스로 분리된 마스크팩을 꺼내 필름을 제거 합니다. 2. 상단은 눈을 중심으로, 하단은 입을 중심으로 얼굴과 목에 맞춰 밀착 시켜줍니다. 3. 20분 후 마스크를 떼어낸 다음 남은 크림을 손으로 두드려 흡수시켜 줍니다.",DermoCosmetics,mask pack
[1등 스킨부스터 팩] 메디톡스 뉴라덤 클리닉 마스크팩 5매 (4종 택1),27600,제조일로부터 24개월,"1. 세안 후 토너로 피부 결을 정돈한 후 3피스로 분리된 마스크팩을 꺼내 필름을 제거 합니다. 2. 상단은 눈을 중심으로, 하단은 입을 중심으로 얼굴과 목에 맞춰 밀착 시켜줍니다. 3. 20분 후 마스크를 떼어낸 다음 남은 크림을 손으로 두드려 흡수시켜 줍니다.",DermoCosmetics,mask pack
파이코어 디퍼런씨 블루바이옴 리페어 토너패드 70매,25800,36개월 / 개봉 후 12개월,"""① 세안 후 눈가나 상처부위를 제외한 얼굴 전체를 피부 안쪽에서 바깥쪽 방향으로 부드럽게 닦아내어 정돈시킨 뒤 남아있는 내용물을 두드려 흡수시켜 줍니다. ② 진정 · 보습 관리가 필요한 피부 고민 부위에 패드를 마스크팩처럼 올려 집중 케어해줍니다. * 전용 핀셋으로 1장씩 꺼내어 사용하며, 사용 후 패드가 마르지 않도록 뚜껑을 정확히 닫아 밀봉해주세요.""",DermoCosmetics,mask pack
[인보라PICK] 더마펌 수딩 리페어 토닝 패드 R4 70매 기획 (+리필 70매),39000,제조일로부터 36개월,1. 세안 후 기초 첫 단계에서 눈가를 피해 고민 부위에 잘 밀착시키고 3-5분 정도 팩처럼 올려둡니다. (이마 or 턱밑 등 넓은 부위는 얼굴 면적에 맞춰 패드를 늘려 사용 가능합니다.) 2. 떼어낸 후 남은 에센스는 흡수시켜 피부결을 정돈시켜 줍니다. 3. 사용 후 패드가 마르지 않도록 뚜껑을 완전히 닫아 밀봉해줍니다.,DermoCosmetics,mask pack
아이디플라코스메틱 페이스핏 플러스 패치 V3 4매,18590,제조일자로 부터 36개월,"1. 세안 후 화장수로 피부 결을 정돈해줍니다. 2. STEP1 파우치를 개봉하여 케이스를 꺼내줍니다. 3. 케이스의 뚜껑을 열어 평평한 부분이 피부에 잘 밀착되도록 부드럽게 붙여줍니다. 4. 이마, 팔자, 볼, 눈가 등 관리가 필요한 부위에 부착하여 줍니다. 5. STEP2 MCS(미세전류자극)패치를 각 마스크 패치 위에 붙여줍니다. 6. 20~30분 후 패치를 제거하고 피부에 남아있는 내용물은 가볍게 두드려 흡수시켜 줍니다.",DermoCosmetics,mask pack
아이디플라코스메틱 더마스틱 브라이트닝핏 마스크 5매 (온),7740,제조일자로 부터 36개월,1. 세안 후 토너를 이용하여 피부를 정돈해 줍니다. 2. 파우치를 개봉하여 지지체를 제거한 후 얼굴 전체에 알맞게 밀착시켜 줍니다. 3. 10-20분 후 마스크를 떼어내고 피부에 남은 내용물을 가볍게 두드려 흡수시켜 줍니다.,DermoCosmetics,mask pack
아이디플라코스메틱 더마스틱 워터핏 마스크 5매 (온),7740,제조일자로 부터 36개월,1. 세안 후 토너를 이용하여 피부를 정돈해 줍니다. 2. 파우치를 개봉하여 지지체를 제거한 후 얼굴 전체에 알맞게 밀착시켜 줍니다. 3. 10-20분 후 마스크를 떼어내고 피부에 남은 내용물을 가볍게 두드려 흡수시켜 줍니다.,DermoCosmetics,mask pack
아이디플라코스메틱 더마스틱 카밍핏 마스크 5매 (온),7740,제조일자로 부터 36개월,1. 세안 후 토너를 이용하여 피부를 정돈해 줍니다. 2. 파우치를 개봉하여 지지체를 제거한 후 얼굴 전체에 알맞게 밀착시켜 줍니다. 3. 10-20분 후 마스크를 떼어내고 피부에 남은 내용물을 가볍게 두드려 흡수시켜 줍니다.,DermoCosmetics,mask pack
아이디플라코스메틱 리얼애프터케어 마스크 5매,10970,제조일자로 부터 36개월,"1. 세안 후 토너로 피부결을 정돈해줍니다. 2. 마스크 앞/뒤 양면의 필름 중 한 장을 먼저 제거합니다. 3. 제거한 쪽의 마스크를 얼굴에 알맞게 부착하고 겉에 남은 한 장의 필름을 제거합니다. 4. 7~10분 후 마스크를 제거하고 남아있는 에센스는 가볍게 두드려 흡수시켜 줍니다. * 바이오 셀룰로오스 마스크는 코코넛 과일수를 발효하여 제조되어, 두께나 색상에 차이가 있을 수 있으며 코코넛 과일수 발효 향이 날 수 있습니다",DermoCosmetics,mask pack
이지듀 클리어 5 애씨드 필 30ml,41970,36개월,"1. 세안 후, 물기를 살짝 닦아낸 다음 적당량을 덜어 피부 위에 펴 발라 줍니다. 2. 도포 2-3분 경과 후, 해면으로 부드럽게 닦아내고 물로 헹구어내 줍니다. 3.사용 초기, 필링 성분 특유의 따끔함이나 붉어짐이 있을 수 있는데,이는 피부 적응기간에 생기는 일시적인 명현 현상의 일종으로사용할 수록 피부가 적응하며 이러한 증상은 자연스럽게 사라지게 됩니다.",DermoCosmetics,mask pack
올리고더미 카렌듈라 마스크 50ml,29750,제조일로부터 36개월,"정제수, 카올린, 데실올리에이트, 글리세릴스테아레이트에스이, 글리세린, 해수, 세틸알코올, 마그네슘알루미늄실리케이트, 카프릴릭/카프릭트라이 글리세라이드, 티타늄디옥사이드, 징크옥사이드, 미레스-3미리스테이트, 페녹시에탄올, 포트마리골드꽃추출물(0.5%), 프로필렌글라이콜, 밀배아오일, 부틸렌글라이콜, 클로페네신, 향료, 잔탄검, 락틱애씨드, 포타슘솔베이트, 시트릭애씨드, 청색1호, 당호박씨추출물, 기가르티나 스텔라타추출물, 토코페롤, 하이드로제네이티드팜글리세라이즈시트레이트, 해바라기씨오일",DermoCosmetics,mask pack
올리고더미 린덴 마스크 50ml,29750,제조일로부터 36개월,"피부가 비치지 않게 도톰하게 얼굴 전체에 골고루 펴 발라주고 10~15분 후, 미온수로 씻어냅니다.",DermoCosmetics,mask pack
올리고더미 딥클렌징 마스크 50ml,29750,제조일로부터 36개월,올리고더미 딥클렌징 마스크 50ml,DermoCosmetics,mask pack
올리고더미 스트로베리 마스크 50ml,29750,제조일로부터 36개월,"스트로베리 마스크를 피부가 비치지 않게 도톰하게 얼굴 전체에 골고루 펴 발라주고 10~15분 후, 미온수로 씻어냅니다",DermoCosmetics,mask pack
올리고더미 아이시무스 30g,58500,제조일로부터 36개월,"카렌듈라 토닝로션 또는 정제수 20ml에 아이시무스를 5~6회정도 넓게 흩뿌립니다. 샤베트 제형으로 활성화되도록 10초 정도 기다려준 후, 뭉침없이 잘 섞어줍니다. 10~15분 정도 적용 후 손가락으로 가볍게 마사지하여 피부를 순환시킨 다음, 미온수로 씻어냅니다.",DermoCosmetics,mask pack
올리고더미 스트로베리 마스크 125ml,59400,제조일로부터 36개월,"스트로베리 마스크를 피부가 비치지 않게 도톰하게 얼굴 전체에 골고루 펴 발라주고 10~15분 후, 미온수로 씻어냅니다",DermoCosmetics,mask pack
올리고더미 딥클렌징 마스크 110ml,57600,제조일로부터 36개월,"피부에 얇게 얼굴 전체에 골고루 펴 발라주고 10~15분 후, 미온수로 씻어냅니다.",DermoCosmetics,mask pack
올리고더미 카렌듈라 마스크 110ml,57600,제조일로부터 36개월,"피부가 비치지 않게 도톰하게 얼굴 전체에 골고루 펴 발라주고 10~15분 후, 미온수로 씻어냅니다.",DermoCosmetics,mask pack
[비타민부스트] 더말로지카 멀티비타민 파워 리커버리 워시오프 마스크 75ml,75600,별도 표기 / 개봉 후 12개월,세안 후 눈가를 제외한 마른 얼굴과 목에 넉넉하게 펴 발라 줍니다. 10-15분 후 미온수로 깨끗하게 씻어냅니다. 1주일에 1회 또는 피부 진정이 필요할 때 사용해 주세요.,DermoCosmetics,mask pack
셀로라바이 포텐션 모공 더블케어 패드 70매,29000,제조일로부터 30개월 / 개봉후 12개월,"1. 뚜껑을 열고 실링지를 제거합니다 2. 집게를 사용하여 패드를 꺼낸 후, 피부에 3~5분 정도 붙여둡니다 3. 얼굴 안쪽부터 부드럽게 닦아내며 피부결을 정돈합니다 4. 사용 후 패드가 마르지 않도록 뚜껑을 완전히 닫아 밀봉하여 보관합니다",DermoCosmetics,mask pack
피지오겔 사이언수티컬즈 데일리뮨 앰플 세럼 마스크 1매,4000,개봉전 36개월,"세안 후 피부결을 정돈해 준 후, 눈, 코 부분에 맞추어 얼굴 전체에 고르게 밀착시켜줍니다. 10~20분 후 떼어내고 피부 위에 남은 내용물을 흡수시켜줍니다.",DermoCosmetics,mask pack
오가나셀 바이오 액티옴 비타 토닝 하이드로겔 마스크 5매,68000,제조일로부터 36개월,"세안 후, 토너로 피부 결을 정돈한 뒤 마스크를 얼굴 모양에 맞춰 밀착시켜 줍니다 마스크가 투명해지면 부드럽게 떼어 냅니다.",DermoCosmetics,mask pack
[피지 개선 특허성분/가로 모공 개선] 필킨X약손명가 포어솔루션 클리어 패드 70매,28000,제조일로부터 30개월,기초 케어 첫 단계에서 피부에 전체적으로 부착해 줍니다. 패드가 완전히 마르기 전에 떼어낸 후 피부결을 따라 가볍게 닦아내 줍니다.,DermoCosmetics,mask pack
[여행용 미스트증정/모공팩]에스테덤 젠틀 딥 포어 클렌저 75ml 기획(+미스트 30ml 증정),39300,"제조일로부터 3년, 개봉 후 6개월 이내 사용 권장","클렌징 후 물기가 없는 얼굴, 목, 데콜테에 소량씩 도포합니다. 부위별로 원을 그리듯 약 30초간 가볍고 빠르게 마사지합니다. 제품이 뻑뻑해지면 미온수로 씻어냅니다. *  민감도에 따라 주 1-3회 사용",DermoCosmetics,mask pack
"후시다인 PDRN 1,400샷 고탄력 패치",17100,개봉전 24개월 / 개봉후 즉시 사용,"1) 세안 후 토너나 부스팅 에센스로 피부 결을 정돈하여 줍니다. 2) 피부에 스킨케어 단계를 모두 흡수시킨 상태에서 파우치를 개봉하여 패치를 꺼내 패치에 붙어 있는 보호필름을 제거해 줍니다. 3) 미간, 눈가, 입가 등 탄력이 고민되는 부위에 패치의 미세돌기 부분을 피부로 향하여 수직으로 붙인 후 밀착시켜 줍니다. 4) 유효성분이 충분히 흡수되도록 2시간~4시간 동안 부착하고 떼어낸 후 크림 단계로 마무리해 줍니다.",DermoCosmetics,mask pack
[빙하수쿨링패드/화잘먹치트키] 셀퓨전씨 포스트 알파 쿨링 패드 70매 더블세트,29900,사용기한 30개월 / 개봉후 사용기한 6개월,"쿨링 패드는 쿨링 및 진정 효과가 필요한 부위에 팩부터 토너패드까지 다양하게 사용 가능합니다. *쿨링패드로 사용 시, 열감으로 달아오른 고민 부위에 패드를 올려둔 뒤, 약 5~10분 후 떼어내고 피부에 남은 에센스를 가볍게 두드려 흡수시켜 줍니다. 이마, 코 등 국소 부위는 시트를 반으로 나누어 사용해도 좋습니다.",DermoCosmetics,mask pack
[3일1팩]LBB 수딩 케어 인 세럼 마스크 1box (5매),30000,제조일로부터 36개월 / 개봉 후 바로 사용 권장,"1. 세안 후, 토너로 피부결을 정돈해 줍니다. 시트를 꺼내어 눈과 입 주위를 제외한 얼굴 전체에 고르게 밀착시킵니다. 2. 10~20분 후에 시트를 떼어내고 피부에 남아있는 내용물을 가볍게 두드려 흡수시킵니다.",DermoCosmetics,mask pack
[민감진정/리얼시카패드] 셀퓨전씨 포스트 알파 시카 쿨링 패드 70매 더블기획,28400,30개월 (개봉후 6개월),"시카 쿨링 패드는 쿨링 및 진정 효과가 필요한 부위에 팩부터 토너패드까지 다양하게 사용 가능합니다. *쿨링팩으로 사용 시, 열감으로 달아오른 고민 부위에 패드를 올려둔 뒤, 약 5~10분 후 떼어내고 피부에 남은 에센스를 가볍게 두드려 흡수시켜 줍니다. *토너패드로 사용 시, 세안 후 눈 주위를 제외한 얼굴 전체를 피부 결을 따라 부드럽게 닦아줍니다.",DermoCosmetics,mask pack
[올영어워즈1등 크림] 에스트라 아토베리어365 크림 80ml 기획 (+하이드로 에센스25ml+세라-히알 앰플7ml),26700,36개월(개봉 후 1년),"아침, 저녁 적당량의 내용물을 덜어 얼굴에 부드럽게 펴 발라 흡수시켜줍니다.",Skincare,cream
[올영픽]에스트라 아토베리어365 하이드로 수딩크림 100ml 대용량 기획 (+30ml+세라-히알 속수분 앰플3ml),31300,36개월 (개봉 후 1년),"아침, 저녁 적당량을 덜어 얼굴에 부드럽게 펴 발라 흡수시켜줍니다.",Skincare,cream
[추가증정/이영지Pick/수분진정] 닥터지 레드 블레미쉬 클리어 수딩 크림 70ml 증정기획 3종,25950,36개월(개봉 후 12개월),적당량을 덜어 얼굴에 골고루 펴 바른 후 흡수시켜 줍니다.,Skincare,cream
[7월 올영픽] 라로슈포제 시카플라스트 밤 B5+ 100ml 기획 (+히알루 B5 세럼 1.5ml*2 증정),36000,18개월 이상 남아있는 제품부터 순차적으로 발송 / 개봉 후 6개월,"세안 후, 크림 단계에서 피부에 부드럽게 펴 발라 줍니다. 자기 전, 피부에 듬뿍 발라 슬리핑 팩 처럼 사용해 주셔도 됩니다",Skincare,cream
[화해1위/화잘먹모공크림] 오드로이 블랙체리 모공수축크림 로프디 100ml 더블기획,35330,제조일로부터 2년,적당량을 덜어 부드럽게 펴 발라 줍니다.,Skincare,cream
[1+1/더블기획]토리든 다이브인 히알루론산 수딩 크림 더블 기획세트(100ml+100ml),31500,제조일로부터 36개월 / 개봉 후 12개월,본 제품이 적당량을 덜어 피부에 골고루 펴 바른 후 톡톡 두들겨 흡수시켜 줍니다.,Skincare,cream
[7월 올영픽] 라로슈포제 시카플라스트 멀티 리페어 크림 100ml 기획 (+멜라B3 세럼 3ml 증정),40000,18개월 이상 남아있는 제품부터 순차적으로 발송 / 개봉 후 12개월,"시카크림 아침, 저녁, 세안 후 크림 단계에서 적당량을 덜어 얼굴과 목에 동그랗게 원을 그리듯이 부드럽게 펴 발라줍니다.",Skincare,cream
[글로벌1등크림] 닥터엘시아 345 릴리프 크림 50ml,22050,제조일로부터 36개월,"세럼을 바른 후, 적당량을 덜어내어 피부 결을 따라 부드럽게 펴 발라줍니다.",Skincare,cream
[국동호PICK/쿨링진정] 에스네이처 아쿠아 오아시스 수분 젤크림 90ml 기획 (+카밍패드 2매),21760,제조일로부터 36개월,"적당량을 덜어 피부에 골고루 펴발라 흡수시켜 줍니다 피부를 진정시키고 싶을 땐, 잔뜩 얹어 수분진정팩으로 사용해주세요.",Skincare,cream
[한정기획]토리든 다이브인 수딩크림 100ml 더블 한정 기획 (+수딩크림 20ml+세럼 20ml),29400,제조일로부터 36개월 / 개봉 후 12개월,본 제품이 적당량을 덜어 피부에 골고루 펴 바른 후 톡톡 두들겨 흡수시켜 줍니다.,Skincare,cream
[한정기획] 피지오겔 DMT 페이셜 수분크림 100ml 2입 기획,29900,제조일로부터 36개월..,적당량을 취하여 얼굴과 몸의 건조한 부위에 마사지 하듯 두드려 흡수시켜 줍니다.,Skincare,cream
[7월 올영픽] 넘버즈인 1번 판토텐산 액티브 수딩크림 80ml 더블 기획 (태닝 포차코),26800,제조일로부터 36개월 / 개봉 후 12개월 이내 사용,"아침, 저녁 기초케어 마지막 단계에서 얼굴에 부드럽게 펴 바르고 가볍게 두드려 준 뒤 두손으로 감싸듯 흡수시켜 줍니다.",Skincare,cream
[화해1위/수분광채크림] 아누아 피디알엔 히알루론산 100 수분 크림 60mL 기획 (+30mL),18900,제조일로부터 36개월,스킨케어 마무리 단계에서 내용물을 적당량 덜어 피부에 골고루 펴 발라줍니다.,Skincare,cream
[1+1/탄력보습] 닥터지 블랙 스네일 크림 50ml 1+1 증정 기획 (+15ml)(영양크림),25330,개봉전 36개월(개봉 후 12개월 이내 사용을 권장드립니다.),스킨케어 마지막 단계에 적당량을 덜어 피부 결을 따라 부드럽게 펴 발라줍니다.,Skincare,cream
[1등탄력] 바이오힐 보 프로바이오덤 3D 리프팅크림 50ml 리필기획,29200,제조일로부터 36개월,"매일 아침 저녁, 크림 사용 단계에 내용물을 적당량 덜어 피부결을 따라 부드럽게 펴 바른 후, 피부를 지그시 감싸 흡수시켜줍니다.",Skincare,cream
"[단독기획] 파티온 노스카나인 트러블 크림 45ml 기획(+크림5ml, 세럼15ml 증정)",19350,"제조일로부터 36개월, 개봉 후 12개월 (2022년 10월 14일 이후 제조된 상품만을 취급)",크림 단계에서 피부에 골고루 펴 발라 가볍게 두드려 흡수시켜 줍니다.,Skincare,cream
[SNS 대란템]바이오더마 세비엄 포어 리파이너,19900,"제조일로부터 3년 이내의 상품을 순차적으로 발송,  개봉 후 6개월이내 사용 권장",세안 후 적당량을 덜어 얼굴 전체 혹은 번들거림이 많은 T-zone 부위에 발라줍니다.,Skincare,cream
[NEW] 아누아 어성초 센텔라 레드 스팟 크림 30g,15900,제조일자로 부터 36개월 / 개봉 후 12개월,1. 적당량을 덜어 피부에 골고루 펴 발라 줍니다. 2. 자극 받은 국소 부위에 도톰하게 얹듯이 사용해도 좋습니다.,Skincare,cream
[폭탄듀오] 빌리프 더 트루 크림 모이스춰라이징 밤/아쿠아 밤 30ml 1+1 기획,24100,"개봉전 제조일로부터 36개월, 유통기한 개봉후 12개월","에센스 또는 로션 사용 후, 적당량을 취하여 부드럽게 펴 발라주세요.",Skincare,cream
[수분진정] 메이크프렘 인테카 수딩크림 50ml 기획(+크림 31ml),16910,개봉 전 36개월 / 개봉 후 12개월,적당량을 덜어내어 얼굴에 펴 바릅니다.,Skincare,cream
[NEW] 브링그린 티트리시카수딩크림플러스100ml (단품/2입),18800,"■ 제조일로부터 36개월, 개봉 후 12개월","■ 기초 마지막 단계에서 적당량을 취해 얼굴 안쪽에서 바깥쪽으로 부드럽게 바른 후, 지그시 감싸며 흡수시켜 줍니다.",Skincare,cream
[여름수분크림/화잘먹크림] 메디큐브 PDRN 핑크 히알루로닉 수분크림 50ml 더블기획,25000,"개봉전 24개월, 개봉후 12개월",세안 후 적당량을 덜어 피부결에 따라 부드럽게 펴 바르고 가볍게 두드리며 흡수시켜 줍니다.,Skincare,cream
[NCT 재민PICK] 이즈앤트리 어니언 뉴페어 겔크림 50ml 기획 (+20ml +패드2매),19500,개봉전 30개월/개봉후 12개월,스킨케어 마무리 단계에서 얼굴 전체에 가볍게 펴 발라 흡수시켜 줍니다.,Skincare,cream
[판매량 1억개 돌파/대용량] AHC 텐 레볼루션 리얼 아이크림 포 페이스 더블 기획,26520,개봉 전 : 3년 이내 / 개봉 후: 즉시 사용 권장,· 아이 스팟 트리트먼트 : 토너로 피부결 정돈 후 적당량을 덜어 눈가에 가볍게 톡톡 두드리며 흡수시켜줍니다. · 페이셜 토탈 트리트먼트 : 스킨케어 마지막 단계에서 충분한 양을 덜어내어 얼굴 전체에 고루 펴 발라 흡수시켜줍니다.,Skincare,cream
[수분캡슐크림/PDRN 원액캡슐]메디큐브 PDRN 핑크 콜라겐 캡슐크림 55g,33300,"개봉전 30개월, 개봉후 12개월","스킨케어 마지막 단계에서 분홍색 캡슐과 투명한 젤을 손등에서 섞어 피부 결에 따라 부드럽게 펴 발라 줍니다. 가벼운 사용감을 원할 때에는 젤의 비율을 높게, 더욱 높은 보습감과 탄력감을 원할 때에는 캡슐의 비율을 높게 하여 사용해 주세요.",Skincare,cream
한율 어린쑥 수분진정 크림 55ml 기획 (+25ml+랩핑시트팩 1매),28800,"사용기한 36개월, 개봉후 12개월 이내 사용","스킨케어 마지막 단계에서 사용하며, 피부 결을 따라 얼굴 안쪽에서 바깥쪽으로 부드럽게 펴 바르면서 흡수시켜 주세요.",Skincare,cream
[리뉴얼] 구달 청귤 비타C 잡티케어 크림 알파 75ml 기획 (+25ml),22900,개봉 전 36개월,"1) 화장품 사용 시 또는 사용 후 직사광선에 의하여 사용부위가 붉은 반점, 부어오름 또는 가려움증 등의 이상 증상이나 부작용이 있는 경우에는 전문의 등과 상담할 것 2) 상처가 있는 부위 등에는 사용을 자제할 것 3) 보관 및 취급 시 주의사항 가) 어린이의 손이 닿지 않는 곳에 보관 할 것 나) 직사광선을 피해서 보관할 것",Skincare,cream
[단독기획] 제로이드 인텐시브 크림 80ml 기획 (+크림 클렌저 25ml+데일리 선크림 10ml),27360,"개봉 전 제조일로부터 36개월,  개봉 후에는 12개월 이내",1일 중 수회 적당량을 취해 얼굴이나 팔다리 등 필요한 부위에 골고루 펴 바릅니다.,Skincare,cream
[1등크림/올영단독] 더하르나이 시카이드 크림 100ml+30ml 기획,22040,제조일로부터 36개월 /개봉 후 6개월 이내 사용 권장,기초 손질 마지막 단계에서 얼굴과 목 등 보습이 필요한 피부에 부드럽게 펴발라 줍니다.,Skincare,cream
[한정기획/강력진정크림] 닥터자르트 시카페어 인텐시브 수딩 리페어 크림 50ml 1+1 기획,37500,36개월(상품 발송 시 기준으로 사용기간 12개월 이상 제품을 발송),1. 아침 저녁으로 하루에 두 번 사용하세요. 2. 스킨케어의 마지막 단계에서 충분하게 발라주세요.,Skincare,cream
[단독기획] 제로이드 수딩 크림 80ml 기획 (+수딩 로션 25ml+ 데일리 선크림 10ml),25500,"개봉 전 제조일로부터 36개월,  개봉 후에는 12개월 이내",1일 중 수회 적당량을 취해 얼굴이나 팔다리 등 필요한 부위에 골고루 펴 바릅니다.,Skincare,cream
[1+1/한정기획] 아이소이 모이스춰 닥터 장수진 수분크림 50ml 1+1 기획 (+10ml),25200,제조일자로부터 3년 개봉 후 6개월 사용권장.,스킨케어 마무리 단계에서 내용물을 적당히 덜어 피부어 부드럽게 흡수 시켜 줍니다.,Skincare,cream
[속보습/수분진정] 닥터지 레드 블레미쉬 클리어 모이스처 크림 70ml+30ml 기획,29250,개봉 전 36개월 (개봉 후 12개월),적당량을 덜어 얼굴에 골고루 펴 바른 후 흡수시켜 줍니다.,Skincare,cream
[단독기획] 토리든 다이브인 저분자 히알루론산 크림 80ml 기획(+크림 20ml 추가증정),15700,제조일로부터 36개월 개봉 후24개월,본 제품이 적당량을 덜어 피부에 골고루 펴 바른 후 톡톡 두들겨 흡수시켜 줍니다.,Skincare,cream
[7월 올영픽/리뷰이벤트] 퍼셀 픽셀바이옴 히알 콜라겐 스플래쉬 크림 50ml 기획 (+25ml),23000,제조일로부터 36개월/개봉 후 12개월,스킨케어 마지막 단계에서 적당량을 덜어 골고루 펴 발라 줍니다.,Skincare,cream
[7월 올영픽] 에스트라 에이시카365 리페어 크림 pH4.5 60ml 기획 (+에이시카 세럼 7ml 증정),21400,36개월 (개봉 후 1년),피부결에 따라 얼굴 전체에 부드럽게 펴 발라 흡수시켜 줍니다.,Skincare,cream
바이오더마 시카비오 크림+ 100ml(딥 리페어 크림),34400,"제조일로부터 3년, 개봉 후 6개월이내 사용 권장",크림 단계에서 적당량을 피부에 펴 바른 후 흡수시켜 줍니다.,Skincare,cream
[모공축소] 풀리 그린 토마토 크림 90ml,26800,개봉 전 36개월 / 개봉 후 12개,스킨케어 마지막 단계에서 적당량을 덜어 바른 후 두드려 흡수시켜줍니다.,Skincare,cream
[2600만개 판매] 유세린 하이알루론 3X 나이트크림 50ML,40900,제조일로부터 1080일,매일 저녁 기초 케어 마지막 단계에서 적당량을 덜어 얼굴과 목 부위에 펴 발라줍니다.,Skincare,cream
[7겹보습크림/한정기획] 닥터자르트 세라마이딘 울트라 모이스처라이징 크림 50ml 1+1 기획,40800,36개월(상품 발송 시 기준으로 사용기간 12개월 이상 제품을 발송),적당량을 덜어 얼굴에 펴 바릅니다.,Skincare,cream
[7월올영픽] 빌리프 아쿠아 밤 프로즌 크림 기획(크림50ml+31ml+세라믹괄사),25600,"개봉전 제조일로부터 36개월, 유통기한 개봉후 12개월","매일 아침, 저녁 세럼 사용 후 얼굴과 목에 적당량을 취해 부드럽게 펴 발라주세요.",Skincare,cream
[수분광즉각톤업/단독기획]나인위시스 비건 화이트 톤업 크림 50ml 기획 (+20ml 증정),15800,제조일로부터 3년,기초 제품 사용 후 적당량을 얼굴과 목에 골고루 펴 발라줍니다. 필요에 따라 덧발라도 좋습니다.,Skincare,cream
[토너 200ml 본품증정] 피지오겔 DMT 리제너러티브 수분크림 100ml 한정기획,26900,제조일자로부터 36개월.,본 품 적당량을 취해 피부에 골고루 펴바릅니다.,Skincare,cream
[올영 어워즈 1등 크림]에스트라 아토베리어365 크림 80ml,26700,36개월 (개봉 후 1년),"아침, 저녁 적당량의 내용물을 덜어 얼굴에 부드럽게 펴 발라 흡수시켜줍니다.",Skincare,cream
바이오더마 시카비오 포마드 100ml(리페어 리치 밤),38000,"제조일로부터 3년 , 개봉 후 6개월","1) 손상피부 사용방법 : 아침, 저녁 클렌징 후 손상 부위에 단독으로 사용합니다. *피부가 완전히 개선될 때까지 매일 한 번 혹은 두 번 사용합니다. 2) 건성피부 사용방법 : 아침, 저녁 클렌징 후 크림 단계에 시카비오 포마드를 사용합니다.",Skincare,cream
[7월올영픽/주름모공] 코스알엑스 더 레티놀 0.1 모공탄력 크림 20ml,16700,상품 발송일 기준으로 사용기한이 18개월 이상 남아있는 제품부터 순차적으로 판매 (유통기한 36개월 / 개봉 후 12개월 이내 사용 권장),"1. 구매 시 사용해주시고, 냉장 보관해주세요. 2. 캡을 열고 뒤집어 뾰족한 부분으로 토출구의 씰을 뚫어줍니다. 3. 적응기간 2주간 저녁에 격일로 사용해주세요. 고민되는 부위에 쌀알 크기만큼 도포한 후 펴발라주세요. 4. 3주차부터는 매일 저녁 완두콩 크기를 얼굴 전체에 적당량 펴발라주세요.",Skincare,cream
[수분] 아벤느 이드랑스 아쿠아 크림-인-젤 EX 수분 크림 50ml 2입 기획,37910,"개봉전 3년, 개봉 후 1년이내 사용권장","아침,저녁 토너로 피부 결 정돈 후,적당량을 덜어 얼굴과 목 전체에 부드럽게 펴 바른 다음 가볍게 두드려 흡수시켜 줍니다.",Skincare,cream
[수분와락/수분진정] 리얼베리어 워터리 히알 크림 70ml 기획 (+25ml),19500,"개봉 전 제조일로부터 36개월간, 개봉 후에는 12개월 이내",적당량을 덜어 피부결을 따라 얼굴 전체에 부드럽게 펴바르고 체온으로 감싸 흡수시켜 줍니다.,Skincare,cream
피지오겔 레드수딩 시카밸런스 크림 80ml 대용량,25000,"개봉 전 36개월, 개봉 후 12개월",적당량을 취하여 얼굴 피부에 마사지하듯 두드려 흡수지켜 줍니다.,Skincare,cream
[대용량/한정기획] 라운드랩 자작나무 수분 크림 80ml 기획 (+리필 50ml),25600,"제조일로부터 36개월, 개봉 후 12개월",스킨케어 마무리 단계에서 내용물을 적당히 덜어 피부에 수분막을 입히 듯 부드럽게 흡수시켜줍니다.,Skincare,cream
[급행보습] 리얼베리어 익스트림 크림 70ml 기획 (+30ml),28500,"개봉 전 제조일로부터 36개월간, 개봉 후에는 12개월 이내",적당량을 덜어 피부결을 따라 얼굴 전체에 부드럽게 펴 바르고 체온으로 감싸 흡수시켜 줍니다.,Skincare,cream
[깜자콜라보/쿨링캡슐] 라네즈 워터뱅크 젤 크림 45ml 기획 (+깜자 인형키링),27550,"제조일로부터 36개월, 개봉 후 12개월 이내 사용","1) 세럼 혹은 아이크림을 바른 다음 단계에서 사용해줍니다. 2) 내장된 전용 스파츌러를 사용해 내용물을 적당량 취해줍니다. 3) 피부결을 따라 얼굴 안쪽에서 바깥쪽으로 부드럽게 펴바른 후, 양 손바닥으로 두 볼, 이마와 턱을 차례대로 가볍게 눌러 흡수 후 마무리합니다.",Skincare,cream
제로이드 인텐시브 오인트 크림 80ml,30800,"개봉 전 제조일로부터 36개월간, 개봉 후에는 12개월 이내",1일 중 수회 적당량을 취해 얼굴이나 팔다리 등 필요한 부위에 골고구 펴 바릅니다. (Tip : 제형 특성상 적당히 손에서 롤링한 후 필요 부위에 적용하시면 사용이 더 편리합니다.),Skincare,cream
[400만개돌파/1등수분크림] 비욘드 엔젤아쿠아 수분진정크림 더블기획(150mlX2개입)(비건),26000,"개봉전 제조일로부터 36개월, 유통기한 개봉후 9개월",손바닥에 적당량을 취한 뒤 얼굴에 부드럽게 펴 발라 줍니다.,Skincare,cream
[진정토너증정]라운드랩 소나무 진정 시카 크림 플러스 60ml 기획(+토너20ml+누누씨빅사이즈스티커),22900,"[본품] 제조일로부터 36개월, 개봉 후 12개월 [구성품] 제조일로부터 30개월, 개봉 후 12개월",사용 전 손바닥에 2~3번 톡톡 쳐준 뒤 튜브의 중앙을 눌러 적당량 덜어내어 부드럽게 펴 발라 흡수시켜 줍니다.,Skincare,cream
[진정크림/총100ml] 웰라쥬 리얼 시카카밍 95 크림 80ml 기획 (+20ml),22400,제조일로부터 36개월 / 개봉 후 12개월,스킨케어 마지막 단계에서 내용물을 적당량 덜어 피부 결에 따라 골고루 펴 바른 후 가볍게 두드리듯이 흡수시켜 줍니다.,Skincare,cream
바이오힐 보 프로바이오덤 3D 리프팅 아이&링클 크림 25ml 더블 기획,24500,제조일로부터 36개월,"매일 아침과 저녁, 내용물을 적당량 덜어 눈가 등 탄력, 주름이 고민인 부위에 부드럽게 펴 바른 후 가볍게 두드려 흡수시켜 줍니 다.",Skincare,cream
라로슈포제 시카플라스트 밤B5+ 40ml,23400,18개월 이상 남아있는 제품부터 순차적으로 발송 / 개봉 후 6개월,자극 및 손상받은 피부 전체에 부드럽게 펴 발라줍니다. (얼굴 전체에 바를 시 얇게 도포합니다.),Skincare,cream
[손상/장벽 리페어] 아벤느 시칼파트 플러스 SOS 리페어 크림 100ml 2입 기획,37910,"개봉전 3년, 개봉 후 1년이내 사용권장","1) 데일리 케어: #빠른손상***진정 외부 자극으로 거칠고 건조한 피부에 얇게 펴발라 주세요. 2) 인텐스 케어: #트러블****집중관리 트러블****부위에 발라 성난 피부를 진정시켜 주세요. 3) 스페셜 케어: #나이트케어수면팩 피부에 특별한 케어가 필요할 때 얇게 여러겹 펴발라 수면팩으로 활용해 보세요.   """,Skincare,cream
[10년연속1위] 유세린 하이알루론 3X 아이크림 15ml,37900,제조일로부터 1095일,토너로 정돈된 눈가 피부에 적당량을 덜어 펴 발라줍니다.,Skincare,cream
[10년연속1위] 유세린 하이알루론 3X 아이크림 15ml (기프트패키지),37900,1095일,적당량을 덜어 얼굴과 목 부위에 펴 발라줍니다.,Skincare,cream
에르쯔틴 리제너레이티브 실트 크림 50g,22900,제조일로부터 30개월 / 개봉후 12개월 이내 사용,아첨 저녁 크림 단계에 본품 적당량 덜어 피부결을 따라 균일하게 발라주고 흡수시켜 줍니다.,Skincare,cream
[얼음물광크림/1+1] 비플레인 녹두 모공 타이트업 수딩 크림  60ml 1+1 기획,26000,제조일로부터 36개월,"토너, 세럼 사용 후 아침, 저녁 1일 2회 적당량을 취해 피부에 골고루 펴 바릅니다.",Skincare,cream
[총100ml/화잘먹크림] 웰라쥬 리얼 히알루로닉 100 크림 50ml 더블 기획,25700,제조일로부터36개월(개봉후12개월),내용물을 적당량 덜어 피부결을 따라 부드럽게 펴 발라준 후 가볍게 두드려 흡수시켜 줍니다.,Skincare,cream
[160만개판매]CKD 레티노콜라겐 저분자 300 괄사 목주름 크림 50ml 1+1 기획,29900,"제조일로부터 36개월, 개봉후 12개월","내용물이 나올 때까지 튜브를 꼭 눌러준 후, 원하는 부위에 크림을 도포하면서 부드럽게 마사지해줍니다. *괄사를 이용한 목주름 관리 TIP ① 쇄골부터 턱까지 가볍게 쓸어 올려줍니다. ② 어깨선을 따라 위아래로 롤링해줍니다. ③ 쇄골 아래 윗가슴 부분을 가로로 롤링해줍니다.",Skincare,cream
[수분크림1+1] 유세린 아쿠아포린 액티브 리치크림 건성피부용 50ml,35900,제조일로부터 18개월 이내의 상품을 순차적으로 발송합니다.,"매일 아침,저녁 토너 사용후 적당량을 덜어 얼굴과 목 부위에 펴 발라 줍니다.",Skincare,cream
[손상/장벽 리페어] 아벤느 시칼파트 플러스 SOS 리페어 크림 40ml,18900,사용기한 36개월,"아침 저녁 세안 후, 적당량을 덜어 손상된 피부에 부드럽게 펴 발라 주세요.",Skincare,cream
[1+1/모공 수분천재크림] 에스네이처 아쿠아 스쿠알란 수분크림 60ml 더블기획(60ml+60ml),43000,제조일로부터 3년,"세안 후, 토너 또는 에센스 사용 후 얼굴에 펴 발라 줍니다.",Skincare,cream
[진정/수분] 센텔리안24 마데카 크림 타임 리버스 50ml 더블 기획(+15ml*2),33890,제조일로부터 30개월 / 개봉 후 12개월,"아침, 저녁 세안 후 스킨케어 마지막 단계에서 적당량을 덜어 얼굴 전체에 부드럽게 펴 발라 흡수시켜 줍니다.",Skincare,cream
[아이백볼륨] 성분에디터 실크 펩타이드 인텐시브 리프팅 아이크림 30ml,19900,개봉 전 36개월 / 개봉 후 12개월 이내,본품 적당량을 취해 피부에 골고루 펴 바른다. 주름 및 탄력 케어가 필요한 부위에 도포하여 바른다.,Skincare,cream
차앤박(CNP) 프로폴리스 앰플 액티브 샷크림 1+1 기획(50ml+50ml),39000,36개월/개봉 후 12개월,스킨케어 마지막 단계에서 적당량을 덜어 천천히 로링하며 얼굴에 흡수시켜 줍니다.,Skincare,cream
[NEW/단독선런칭] 바이오던스 포어 퍼펙팅 콜라겐 펩타이드 크림 50ml,25500,제조일로부터 36개월/개봉 후 12개월,적당량을 취해 피부에 골고루 펴 발라줍니다.,Skincare,cream
[화잘먹크림/모공케어] 성분에디터 그린토마토 NMN 포어 리프팅 크림 50ml,12900,"제조일로부터 36개월, 유통기한 개봉후 12개월",본품 적당량을 취해 피부에 골고루 펴 바른다.,Skincare,cream
[보습탄력] 아비브 부활초 크림 뉴트리션 튜브 75ml 기획 (+30ml 추가 증정),24500,"개봉전 24개월, 개봉후 12개월",적당량을 덜어 피부결을 따라 부드럽게 펴 바른 후 가볍게 두들겨 흡수시켜 줍니다.,Skincare,cream
[피부장벽] 이니스프리 레티놀 시카 흔적 장벽 크림 50ml 기획 (+30ml),24500,사용기한 36개월 / 개봉 후 12개월 (상품 발송일 기준으로 사용기한이 12개월 이상 남은 상품만을 판매합니다),[사용법] 적당량을 덜어 얼굴과 목에 부드럽게 펴발라 줍니다.,Skincare,cream
[쿨링진정] 아비브 어성초 크림 카밍 튜브 75ml,35000,"제조일로부터 36개월, 개봉후 12개월",적당량을 덜어 피부결을 따라 부드럽게 펴 바른 후 가볍게 두들겨 흡수시켜 줍니다.,Skincare,cream
[장벽보습크림]닥터지 더모이스처 배리어 D 인텐스 크림 100ml 기획 3종,22800,36개월 (개봉 후 12개월),적당량을 덜어 골고루 펴 바른 후 두드리 듯이 흡수시켜 줍니다. *건조하고 민감한 얼굴과 몸에 모두 사용 가능한 제품으로 건조함이 느껴지는 부위에 덧발라 사용해주세요.,Skincare,cream
[쿨링진정] 라네즈 워터뱅크 젤 크림 45ml 기획 (+25ml),27550,"제조일로부터 36개월, 개봉 후 12개월 이내 사용","1) 세럼 혹은 아이크림을 바른 다음 단계에서 사용해줍니다. 2) 내장된 전용 스파츌러를 사용해 내용물을 적당량 취해줍니다. 3) 피부결을 따라 얼굴 안쪽에서 바깥쪽으로 부드럽게 펴바른 후, 양 손바닥으로 두 볼, 이마와 턱을 차례대로 가볍게 눌러 흡수 후 마무리합니다.",Skincare,cream
[단독기획/레티날0.1%] 닥터디퍼런트 비타리프트 에이 포르테 2입 기획,67490,"개봉전 24개월, 개봉 후 12개월",스킨케어 마지막 단계에서 본품 적당량을 취해 피부에 골고루 펴발라줍니다. 이 제품은 밤에사용하는 나이트트리트먼트 크림입니다.,Skincare,cream
[속수분크림] 라운드랩 자작나무 수분 크림 80ml 기획 (+20ml),25600,"제조일로부터 36개월, 개봉 후 12개월",스킨케어 마무리 단계에서 내용물을 적당히 덜어 피부에 수분막을 입히 듯 부드럽게 흡수시켜줍니다.,Skincare,cream
샤이샤이샤이 바나나 컨실 아이크림 15g,17820,제조일로부터 30개월 / 개봉 후 12개월,스킨케어 마지막 단계에서 본 품을 적당량 취해 눈가에 부드럽게 펴 발라 흡수시켜줍니다.,Skincare,cream
[한정기획] 피지오겔 DMT 페이셜 수분크림 150ml + 75ml 추가 증정,31900,제조일로부터 36개월..,적당량을 취하여 얼굴과 몸의 건조한 부위에 마사지 하듯 두드려 흡수시켜 줍니다.,Skincare,cream
마녀공장 판테토인 크림 80ml,20700,"제조일로부터 3년, 개봉 후 12개월",적당량을 취해 피부 결에 따라 골고루 발라준 후에 가볍게 두드리며 흡수시켜 줍니다,Skincare,cream
닥터멜락신 아이팔트 아이백 크림 10ml,24900,개봉 전 36개월 / 개봉 후 12개월 이내,"""1. 쌀 크기 정도의 소량의 크림을 짜냅니다. 2. 눈 밑 부위에 3~4회 정도 가볍게 바른 후, 약 2분간 그대로 두었다가 말립니다. *잠들기 전에 1일 1회 나이트 루틴으로 사용하는 것이 좋습니다. *외츨 시 바르고 20분간 말린 후 화장을 합니다. *스피큘이 함유되어 있으므로 건조한 피부는 따끔거릴수 있으므로 기초케어 후 사용하는 것이 좋습니다.""",Skincare,cream
[단독기획]에뛰드 순정 수분 베리어 크림 75ml 트리오기획,19910,개봉전 36개월 / 개봉후 12개월,적당량을 덜어 얼굴 안쪽에서 바깥쪽으로 부드럽게 펴 발라 흡수시켜 줍니다.,Skincare,cream
[1+1] 더마토리 히알샷 베리어 크림 B5 70ml 1+1 기획,27000,개봉전 36개월/ 개봉후 : 12개월,건조함이 심한 부위에 부드럽게 펴발라주세요.,Skincare,cream
[화해1위/미소정PICK] 비원츠 펩타이드X 퍼밍 아이세럼스틱 리필기획(15ml+15ml),27600,36개월,"사용방법 한 번 펌핑하여 눈가와 팔자 주위에 부드럽게 롤링하며 흡수시켜 줍니다. 스틸볼 어플리케이터로 마사지하듯 사용하면 피부에 탄탄한 생기를 더할 수 있습니다. TIP. 시원한 메탈볼과 청량감 가득한 수분 텍스처가 만나 건조하고 지친 눈가에 즉각적인 수분충전을 도와줍니다. *사용 후, 가볍게 티슈로 닦아 건조 후 보관하시길 바랍니다.",Skincare,cream
[안티에이징/밀착보습막] 셀퓨전씨 레이저 리쥬버네이션 크림 50ml 더블 기획,28900,개봉 전 30개월 / 개봉 후 12개월,세안 후 스킨케어 마무리 단계에서 적당량을 얼굴 전체에 펴 발라 흡수시킵니다.,Skincare,cream
[업그레이드/슬로우에이징] 달바 비타 토닝 캡슐 크림 55g 기획 세트,58000,"제조일로부터 30개월, 개봉 후 12개월",적당량을 덜어 피부에 펴 바른 뒤 손으로 부드럽게 문지르며 흡수시켜 줍니다.,Skincare,cream
[7겹보습크림/한정기획] 닥터자르트 세라마이딘 스킨 베리어 모이스처라이징 크림 기획(50ml+15ml*2),37500,36개월(상품 발송 시 기준으로 사용기간 12개월 이상 제품을 발송),"아침, 저녁 크림단계에 바르고 손바닥의 체온으로 흡수시켜 줍니다.",Skincare,cream
[데이PICK/레티날0.1%] 닥터디퍼런트 비타리프트 에이 포르테 20g 기획,37440,"개봉전 24개월, 개봉 후 12개월",스킨케어 마지막 단계에서 본품 적당량을 취해 피부에 골고루 펴발라줍니다. 이 제품은 밤에 사용하는 나이트트리트먼트 크림입니다.,Skincare,cream
[오리지널PDRN/광채크림] 리쥬란 힐러 턴오버 액티브 크림 50ml 기획(+더마힐러앰플 1ml*7ea),27400,제조일로부터 36개월 이내,"step1. 세안 후 토너 등으로 피부 결을 정돈해 수분 바탕을 만들어줍니다. step2. 리쥬란 힐러 턴오버 앰플 듀얼 이펙트를 적당량 덜어 피부 결을 따라 부드럽게 펴 바른 후 가볍게 두드려 흡수시켜줍니다. step3. 리쥬란 힐러 턴오버 택티브 크림을 적당량 덜어 피부 결을 따라 부드럽게 펴 발라, 얇고 숨쉬는 영양 보습막을 만들어 줍니다. TIP. 보습이 필요한 부위에 덧 바르셔도 좋습니다.",Skincare,cream
[수분크림1+1] 유세린 아쿠아포린 액티브 라이트크림 복합성용 50ml,35900,제조일로부터 18개월 이내의 상품을 순차적으로 발송합니다.,매일 아침 기초 케어 마지막 단계에서 적당량을 덜어 얼굴과 목 부위에 펴 발라줍니다.,Skincare,cream
[사이즈UP] 아이소이 블레미쉬 케어 흔적크림 50ml 한정기획 (+잡티로즈세럼 5ml),26000,제조일자로부터 3년 개봉 후 6개월 사용권장.,"기초 스킨케어 후, 크림 사용 단계에서 적당량을 덜어 얼굴과 목에 부드럽게 흡수시켜주세요. 아이소이 잡티세럼과 함께 사용하시면 더욱 좋습니다.",Skincare,cream
[화해1위/100시간보습] 프리메이 진정한 수분 크림 100ml + 30ml 기획,13900,제조일로부터 36개월,적당량을 취하여 얼굴 피부에 마사지 하듯 두드려 흡수시켜 줍니다.,Skincare,cream
[NEW] 브링그린 사철쑥카밍EX베리어크림 100mL 더블기획,19900,"■ 제조일로부터 36개월, 개봉 후 12개월","■ 기초 마지막 단계에서 적당량을 취해 얼굴 안쪽에서 바깥쪽으로 부드럽게 펴 바른 후, 지그시 감싸며 흡수시켜줍니다.",Skincare,cream
[한정기획/리프팅]아벤느 HAB3 탄력 액티브 안티에이징 크림 50ml + 리필+괄사 기획,49900,"개봉전 3년, 개봉 후 1년이내 사용권장",스킨케어 단계에서 소량을 덜어 얇게 레이어링하듯 발라줍니다.,Skincare,cream
[리뉴얼] 구달 청귤 비타C 잡티케어 아이크림 30ml 1+1 기획,18900,- 개봉전 : 36개월,"토너패드 -> 세럼 -> 아이크림 -> 크림 순서로 사용하시면 됩니다. 아이패치와 함께 사용하실 경우, 아이패치를 먼저 사용하신 후 아이크림을 사용하시길 바랍니다. 얼굴 전체에 사용하기에 부담이 없는 실키한 제형으로, 얼굴 전체나 팔자주름, 이마, 목 등 다양한 부위에 사용하셔도 됩니다.",Skincare,cream
키엘 울트라 훼이셜 크림 4.0세대 50ml/28ml,49000,배송되는 제품은 사용기한이 12개월 이상 남아있는 제품부터 순차적으로 배송됩니다.,"아침, 저녁 에센스 단계 후 적당량을 얼굴과 목에 펴 발라주세요.",Skincare,cream
잇츠스킨 시크릿 솔루션 웨딩 드레스 퓨어 크림 100ml,9600,개봉 후 12개월,본 품 적당량을 취해 원하는 부위에 원을 그리며 내용물이 모두 흡수될 때까지 마사지해 줍니다,Skincare,cream
라로슈포제 에빠끌라 MAT 세보 컨트롤링 모이스춰라이저,31500,제조일로부터 3년 이내 / 개봉후 12개월 이내,세안 후 로션/크림 단계에서 적당량을 덜어 얼굴과 목에 부드럽게 펴 발라줍니다.,Skincare,cream
[단독기획/리프팅]AHC 프로 샷 콜라 쥬비네이션 아이크림 포페이스 30ml 기획 (+세럼10ml),31000,개봉 전: 3년 이내 (개봉 후: 즉시 사용 권장),"[페이셜 토탈 케어] - 눈가, 얼굴 전체, 목에 손이나 어플리케이터로 펴 바르며 흡수시켜준 뒤, 끌어올리며 마사지해 줍니다. 매일 아침, 저녁으로 사용해 주세요. [시너지 트리트먼트 케어] - 인트라 세럼을 먼저 바르고 아이크림 포 페이스를 레이어링하면 더욱 시너지 효과를 느끼실 수 있습니다. 사용 중단 48시간 후에도 얼굴 전체 피부 리프팅 효과 유지에 도움",Skincare,cream
닥터멜락신 아이팔트 아이백 크림 7g + 10g 듀오세트,30900,개봉 전 36개월 / 개봉 후 12개월 이내,"1. 쌀 크기 정도의 소량의 크림을 짜냅니다. 2. 눈 밑 부위에 3~4회 정도 가볍게 바른 후, 약 2분간 그대로 두었다가 말립니다. *잠들기 전에 1일 1회 나이트 루틴으로 사용하는 것이 좋습니다. *외츨 시 바르고 20분간 말린 후 화장을 합니다. *스피큘이 함유되어 있으므로 건조한 피부는 따끔거릴수 있으므로 기초케어 후 사용하는 것이 좋습니다.",Skincare,cream
피지오겔 DMT 인텐시브크림 100ml,29900,제조일자로부터 24개월,■적당량을 취하여 피부에 마사지하듯 두드려 흡수시켜줍니다.,Skincare,cream
[온라인몰 한정기획]바이오더마 하이드라비오 젤크림 2입 기획,45390,제조일로부터 3년 이내의 상품을 순차적으로 발송/ 개봉 후 6개월 사용 권장,"1) 아침, 저녁으로 토너,에센스 로션,세럼 다음단계에 사용하세요. 2) 적당량을 손에 덜어 얼굴과 목에 마사지하듯 발라 주세요.",Skincare,cream
[수분캐치/화잘먹크림] 구달 어성초 히알루론 수딩 크림 75ml 기획 (+20ml+랜덤 파우치키링),21500,개봉 전 36개월 개봉 후 12개월,적당량을 덜어 피부결에 따라 부드럽게 펴 발라줍니다.,Skincare,cream
비욘드 엔젤아쿠아 수분진정크림 트리오기획(120ml * 3ea),29000,"개봉전 제조일로부터 36개월, 유통기한 개봉후 12개월",손바닥에 적당량을 취한 뒤 얼굴에 부드럽게 펴 발라 줍니다.,Skincare,cream
NDP 비타민 B9 톤업 미백 크림 65ml,29000,개봉 전 36개월 / 개봉 후 6개월,본품의 적당량을 취해 피부에 골고루 펴 발라 흡수시켜 줍니다.,Skincare,cream
제로이드 인텐시브 크림 80ml,27360,"개봉 전 제조일로부터 36개월간,  개봉 후에는 12개월 이내",1일중 수회 적당량을 취해 얼굴이나 팔다리 등 필요한 부위에 골고루 펴 바릅니다. (Tip : 세안 또는 목욕 후 3분 이내에 보습제를 사용하는 것이 좋습니다.),Skincare,cream
[모공탄력] 바이오힐 보 프로바이오덤 콜라겐 리모델링 크림 기획세트 (+세럼13ml증정),38000,제조일로부터 36개월,"매일 아침 저녁, 크림 단계에서 내용물을 적당량 덜어 얼굴 전체에 도포하여 피부 결을 따라 부드럽게 마사지하듯 롤링하여 흡수시켜 줍니다.",Skincare,cream
[화해1위/화잘먹모공크림] 오드로이 블랙체리 모공수축크림 로프디 100ml,28000,제조일로부터 24개월,적당량을 덜어 부드럽게 펴 발라 줍니다.,Skincare,cream
[단독/대용량] 라운드랩 자작나무 수분 크림 120ml 기획 (+수분패드 4매),42000,"제조일로부터 36개월, 개봉 후 12개월",스킨케어 마무리 단계에서 내용물을 적당히 덜어 피부에 수분막을 입히듯 부드럽게 흡수시켜줍니다.,Skincare,cream
[1+1] 차앤박 프로폴리스 에센셜 아이크림 50ml 더블기획 (50ml+50ml),42000,36개월/개봉 후 12개월,"기초 크림 전 단계에서 눈가, 목, 팔자주름에 소량씩 펌핑하여 사용해주시고, 필요한 경우 얼굴 전체에도 얇게 펴바른후 충분히 흡수시켜 줍니다.",Skincare,cream
라로제 안티퍼티그 아이 컨투어 스틱 15ml (수분스틱),41800,개봉 후 12개월,"1. 눈가가 건조하거나 뻐근할 때 수시로 바릅니다. 2. 입술, 목, 손등 등 건조한 부위에 수시로 바릅니다.",Skincare,cream
메디큐브 레드 이레이징 크림 2.0 50ml,19900,제조일로부터 30개월,세안 후 적당량을 덜어 피부 결에 따라 부드럽게 펴 바르고 가볍게 두드리며 흡수시켜 줍니다.,Skincare,cream
몰바니 아티초크 카밍 케어 수딩 크림 100ml,19900,제조일로부터 36개월,앰플 사용 후 본 품 적당량을 덜어 피부결을 따라 얼굴 전체에 부드럽게 펴 발라 흡수시켜 줍니다.,Skincare,cream
토리든 솔리드인 세라마이드 크림 70ml,19600,별도표기 / 30개월 (개봉 후 12개월),본 제품의 적당량을 덜어 피부에 골고루 펴 바른 후 톡톡 두드려 흡수시켜 줍니다.,Skincare,cream
[반반크림/사계절맞춤]달바 더블 세럼 앤 크림 70g,39900,개봉 전 36개월 / 개봉 후 12개월,"세안 후 기초 케어 마지막 단계에서 동봉되어 있는 스파츌라로 피부 상태에 따라 세럼과 크림을 적정 비율로 믹스하여 얼굴 전체에 부드럽게 펴 발라 흡수시켜 줍니다. [비율 TIP 참고] ▶수분이 부족한 날 & 지성 피부 타입 아쿠아 세럼 : 인텐스 크림 = 2: 1 비율 ▶유,수분 균형이 필요한 날 & 복합성 피부 타입 아쿠아 세럼 : 인텐스 크림 = 1: 1 비율 ▶보습과 영양 공급이 필요한 날 & 건성 피부 타입 아쿠아 세럼 : 인텐스 크림 = 1: 2 비율",Skincare,cream
[NEW] 브링그린 사철쑥카밍EX수분크림 100mL,18900,"■ 제조일로부터 36개월, 개봉 후 12개월","■ 기초 마지막 단계에 적당량을 취해 얼굴 안쪽에서 바깥쪽으로 부드럽게 펴 바른 후, 지그시 감싸며 흡수시켜 줍니다.",Skincare,cream
[NEW[ 아이오페 XMD 스템3 클리니컬 리커버리 크림 50ml 기획 (+세럼 5ml +크림 5ml),80000,개봉 전 36개월  개봉 후 24개월,본 품 적당량을 취해 피부에 골고루 펴바른다.,Skincare,cream
[7월올영픽] 크리니크 모이스춰 써지 쏙보습크림 50ml (+15ml*2ea),39200,제조일로부터 36개월,"- 모든 피부타입 사용 가능 - 하루에 두 번 깨끗한 얼굴에 사용하세요. 스킨케어 마지막 단계에서 충분하게 발라주세요. - 혹은 메이크업 아래, 건조한 부위에 5분용 마스크로 사용하세요",Skincare,cream
[NEW/한정기획]스킨앤랩 베리어덤 인텐시브 크림 50ml 1+1 기획,18400,"제조년월일로부터 3년, 개봉 후 12개월 이내","크림을 적당량 덜어 이마,볼,턱 순으로 발라주세요. 손바닥으로 피부 안쪽에서 바깥쪽으로 피부결을 따라 부드럽게 롤링해 주세요. 손바닥으로 한번 더 톡톡 두드리며 깊숙이 채워주세요",Skincare,cream
[PDRN]에스트라 리제덤365 밀도탄력 캡슐크림 50ml,38200,36개월 (개봉 후 1년),"아침, 저녁 세안 후 적당량을 취하여 마사지하듯 얼굴 전체에 골고루 펴 발라 흡수시켜 줍니다.",Skincare,cream
[햄랑이 이모티콘 증정/ 순진오트크림] 아비노 오트 젤 크림 50ml 1+1 (수분크림),24900,3년,"얼굴에 바르고 완전히 흡수시켜 주십시오. 하루에 두 번, 아침과 저녁에 사용할 수 있습니다.",Skincare,cream
[증량] 닥터지 로얄 블랙스네일 아이크림 30ml+10ml 기획,38000,3년(개봉후 12개월 이내 사용을 권장해 드립니다.),"적당량을 손 끝에 덜어 눈 안쪽에서 바깥쪽으로 원을 그리며 부드럽게 펴 바른 후 가볍게 두드리듯이 흡수시켜 줍니다. 눈가 외에도 팔자, 이마, 목선 등 주름이 신경 쓰이는 부위에 덧발라 줍니다.",Skincare,cream
키엘 울트라 훼이셜 크림 (28ml/50ml),25500,개봉 전 제조일로부터 36개월,"아침, 저녁 에센스 단계 후 적당량을 얼굴과 목에 펴 발라주세요.",Skincare,cream
[재유 PICK] 코스알엑스 더 세라마이드 스킨 베리어 모이스처라이저 80ml,20000,유통 기한 36개월 / 개봉 후 12개월 이내 사용 권장,"아침, 저녁 적당량의 내용물을 덜어 얼굴에 부드럽게 펴 발라 흡수시켜줍니다.",Skincare,cream
[괄사증정] 한율 빨간쌀 보습탄력 크림 55ml,34300,"사용기간 36개월, 개봉후 12개월 이내 사용",피부 결을 따라 얼굴 안쪽에서 바깥쪽으로 부드럽게 펴 바르면서 흡수시켜줍니다.,Skincare,cream
에센허브 티트리 수딩 인 카밍 크림 80ml 기획(+크림 30ml),34000,제조일로부터 36개월,본품 적당량을 덜어 얼굴에 골고루 펴 바른 후 흡수시켜 줍니다.,Skincare,cream
[3천원페이백] 마미케어 바다포도 레티놀 모공탄력 크림 50g,15900,개봉 전 36개월 / 개봉 후 12개월 이내,본 품 적당량을 취해 피부에 골고루 펴 바른다.,Skincare,cream
아누아 복숭아 77 나이아신 인리치드 크림 50ml 기획 (+복숭아 세럼 10ml),21500,제조일로부터 36개월 / 개봉 후 12개월,스킨케어 마무리 단계에서 내용물을 적당량 덜어 피부에 골고루 펴 발라줍니다.,Skincare,cream
[스티치에디션/화잘먹크림] 구달 어성초 히알루론 수딩 크림 75ml 리필 기획 (+75ml 리필+미니백),21500,제조일로부터 36개월/ 개봉 후 12개,적당량을 덜어 피부결에 따라 부드럽게 펴 발라줍니다.,Skincare,cream
[1+1] 프리메라 알파인 베리 워터리 크림 리필기획/단품,30700,"사용기한 36개월, 개봉후 12개월 이내 사용",적당량을 취해 얼굴에 펴 발라 줍니다.,Skincare,cream
[30시간 보습지속/민감피부 장벽케어]리쥬란 더마힐러 모이스처 크림 60g 한정기획(+10g),32000,제조일로부터 30개월,스킨케어 마지막 단계에서 크림 적당량을 덜어 피부 결을 따라 부드럽게 펴 발라줍니다.,Skincare,cream
바이오던스 스킨 글로우 에센스 크림 50ml,31500,제조일로부터 3년,"사용법 ) 적당량을 취해 피부에 골고루 펴 발라줍니다. TIP) 피부에 활력을 불어넣어주는 스킨 글로우 바이탈 앰플과 함께 사용해보세요! 1. 세안 후, 토너로 피부결을 정돈해줍니다. 2. 앰플을 적당량 발라 충분히 흡수 시켜줍니다. 3. 에센스 크림으로 피부 위를 부드럽게 덮어줍니다.",Skincare,cream
[피부장벽/진정] 닥터디퍼런트 시카 메탈 크림 50g(기획/단품),29930,"개봉전 30개월, 개봉후 12개월",크림 단계에서 적당량을 취해 거칠고 민감해진 피부 부위에 부드럽게 펴발라 흡수시켜 줍니다,Skincare,cream
라로슈포제 똘러리앙 덤알레르고 크림 40ml,29700,제조일로부터 3년 이내 / 개봉 후 12개월,"아침, 저녁 세안 후 크림 단계에 적당량을 덜어 얼굴과 목에 동그랗게 원을 그리듯이 부드럽게 펴 발라줍니다.",Skincare,cream
[레티날0.05%] 닥터디퍼런트 비타리프트 에이 20g,29480,"개봉전 24개월, 개봉 후 12개월",스킨케어 마지막 단계에서 본품 적당량을 취해 피부에 골고루 펴발라줍니다. 이 제품은 밤에사용하는 나이트트리트먼트 크림입니다.,Skincare,cream
반코르 닥터 세라마이드 크림 60ml,19130,제조일로부터 2년,"적당량을 덜어 펴 바른 후, 가볍게 두드리며 흡수시켜 줍니다.",Skincare,cream
[손상/흔적 리페어]아벤느 시칼파트+ 블레미쉬 크림 40ml 더블 기획,29360,"개봉전 3년, 개봉 후 1년이내 사용권장","아침 저녁 세안 후, 적당량을 덜어 손상된 피부에 부드럽게 펴 발라 주세요.",Skincare,cream
[민감진정] 라운드랩 포 맨 소나무 진정 시카 크림 75ml,27000,"제조일로부터 36개월, 개봉 후 12개월",내용물을 적당량 덜어 피부에 부드럽게 펴 발라 흡수시켜줍니다.,Skincare,cream
[100시간 속보습] 라네즈 워터뱅크 모이스춰 크림 45ml 기획 (+25ml),29000,"제조일로부터 36개월, 개봉 후 12개월 이내 사용","""세럼 혹은 아이크림을 바른 다음 단계에서 사용해줍니다. 내장된 전용 스파츌러를 사용해 내용물을 적당량 취해 줍니다. 피부결을 따라 얼굴 안쪽에서 바깥쪽으로 부드럽게 펴바른 후, 양손바닥 으로 두볼, 이마와 턱을 차례대로 가볍게 눌러 흡수 후 마무리합니다.""",Skincare,cream
[트러블 급속진정] 셀인샷 EGF 알란테놀 리페어 크림 70ml,28900,36개월 / 개봉 후 12개월,스킨케어 마지막 단계에서 적당량을 덜어 얼굴 전체에 부드럽게 펴 발라줍니다.,Skincare,cream
[흔적/잡티]듀이트리 AC 딥 흔적 진정 크림60ml,28000,제조 후 36개월,크림 사용 단계에서 적당량을 취해 얼굴에 부드럽게 펴 발라 흡수시켜 줍니다,Skincare,cream
[수분속광] 샤이샤이샤이 리포좀 리페어 밀키 크림 50ml,28000,제조일로부터 30개월,스킨케어 마지막 크림 단계에서 적당량을 덜어 얼굴 전체적으로 펴발라줍니다. 유난히 건조한 피부에는 얇게 두번 레이어링하여 나이트팩처럼 사용해 줍니다.,Skincare,cream
[단독기획/대용량] 파티온 노스카나인 트러블 크림 45ml 기획(+20ml+세럼15ml),27900,"제조일로부터 36개월, 개봉 후 12개월 (2022년 10월 14일 이후 제조된 상품만을 취급)",크림 단계에서 피부에 골고루 펴 발라 가볍게 두드려 흡수시켜 줍니다.,Skincare,cream
[산뜻/지성크림] 닥터디퍼런트 113 모이스처라이저 100ml,26600,"개봉전 30개월, 개봉후 12개월",세안후 적당량을 취해 피부에 골고루 펴 바릅니다. 피부상태에 따라 건조함을 느낄 때 수시로 덧발라 사용합니다.,Skincare,cream
헤브블루 살몬 PDRN 케어링 센텔라 크림 100ml,25800,"개봉 전 24개월, 개봉 후 12개월",기초 마지막 단계에 적당량을 덜어 피부에 부드럽게 펴 바른 후 두드려 흡수시켜 주세요.,Skincare,cream
[증정기획] 헤브블루 살몬 PDRN 센텔라 크림 100ml 기획 (+연어 토너 25ml),25800,"개봉 전 36개월, 개봉 후 12개월",기초 마지막 단계에 적당량을 덜어 피부에 부드럽게 펴 바른 후 두드려 흡수시켜 주세요.,Skincare,cream
[워터젤리/수분크림]닥터자르트 바이탈 하이드라 솔루션 하이드로 플럼프 워터 크림 50ml,25270,36개월(상품 발송 시 기준으로 사용기간 12개월 이상 제품을 발송),아침저녁으로 스킨케어 마지막 단계에서 피부에 고르게 펴 발라줍니다. 피부에 완전히 흡수될 때까지 톡톡 두드려 줍니다.,Skincare,cream
[자극진정] 더랩바이블랑두 그린 플라보노이드 진정 크림 50ml+30ml 기획,25000,개봉 후 1년 제조일로부터 3년,적당량을 손에 덜어 피부결을 따라 발라주고 손 끝으로 가볍게 두드려 흡수시켜 줍니다.,Skincare,cream
[흔적진정] 마몽드 카밍 샷 아줄렌 크림 60ml 기획/단품,24700,개봉 전 36개월 / 개봉 후 12개월,본품 적당량을 취해 피부에 골고루 펴 바른다.,Skincare,cream
[쿨링진정/화잘먹크림] 디퍼 히알루론산 히알큐브 수분 슬러시 크림 100ml,23280,제조일로부터 3년,스킨케어 마지막 단계에서 적당량을 도포해 흡수시켜줍니다.,Skincare,cream
[한정기획/산뜻수분진정] 닥터자르트 시카페어 인텐시브 수딩 리페어 젤 크림 기획(50ml+15ml*2ea),50000,36개월(상품 발송 시 기준으로 사용기간 12개월 이상 제품을 발송),"1) 아침, 저녁으로  하루에  두  번  사용하세요. 2) 스킨케어의 마지막 단계에서 충분하게 발라주세요",Skincare,cream
[NEW] 브링그린 대나무히알루수분부스팅크림 100ml 2입,15390,"■ 제조일로부터 30개월, 개봉 후 12개월","■ 기초 마지막 단계에서 적당량을 취해 얼굴 안쪽에서 바깥쪽으로 부드럽게 바른 후, 지그시 감싸며 흡수시켜 줍니다.",Skincare,cream
[진정/탄력] 센텔리안24 마데카 크림 타임 리버스 50ml,15010,제조일로부터 30개월 / 개봉 후 12개월,"아침, 저녁 세안 후 스킨케어 마지막 단계에서 적당량을 덜어 얼굴 전체에 부드럽게 펴 발라 흡수시켜 줍니다.",Skincare,cream
바이오더마 아토덤 인텐시브 젤 크림 200ml,23100,제조일로부터 3년 이내의 상품을 순차적으로 발송/ 개봉 후 6개월 사용 권장,"세안 및 샤워 후, 적당량을 덜어 부드럽게 마사지하듯 발라줍니다.",Skincare,cream
[핑크빛생기나이트크림] 눅스 프로디쥬스 부스트 나이트 리커버리 오일 밤 50ml,47310,제조일로부터 3년,"매일 밤, 기초케어 마지막 단계에서 얼굴, 목, 데콜테 부위에 부드럽게 마사지하듯 발라주세요.​",Skincare,cream
마녀공장 브이콜라겐 하트핏 크림 50ml,22800,"제조일로부터 36개월, 개봉 후 12개월",적당량을 취해 피부 결에 따라 골고루 발라준 후에 가볍게 두드리며 흡수시켜 줍니다,Skincare,cream
가히 멀티밤 9g,22600,"제조일로부터 36개월, 개봉 후 12개월","스킨케어 마지막 단계에서 얼굴 또는 건조한 피부 부위를 중심으로 부드럽게 펴 발라 줍니다. 메이크업 전에도 사용 가능하며, 메이크업 후에도 스틱을 피부에 부드럽게 접촉해, 광채 및 보습이 필요한 부위에 덧 발라주면 촉 촉하고, 은은한 물광 피부 표현이 가능합니다.",Skincare,cream
[쿨링 수딩 크림] 리얼베리어 아쿠아 수딩 크림 100ml 기획 (+25ml),22000,"개봉 전 제조일로부터 36개월간, 개봉 후에는 12개월 이내",적당량을 덜어 피부결을 따라 얼굴 전체에 부드럽게 펴 발라 흡수시켜 줍니다.,Skincare,cream
[잡티톤업]이니스프리 비타민C 캡슐 수분크림 50+20ml 기획 (+트위티 스마트톡),21960,제조일로부터 30개월 / 개봉후 12개월,"세럼 사용 후, 크림 단계에서 얼굴 안쪽에서 바깥 쪽으로 손 끝을 이용해 부드럽게 마사지하여 유효 성분이 잘 흡수되도록 해줍니다",Skincare,cream
[한정기획]아벤느 시칼파트 플러스 S.O.S 크림 100ml 2입 기획 (+ 수딩인핸싱 마사저) *손상*장벽 리페어,45000,"개봉전 3년, 개봉 후 1년이내 사용권장","1) 데일리 케어: #빠른손상***진정 외부 자극으로 거칠고 건조한 피부에 얇게 펴발라 주세요. 2) 인텐스 케어: #트러블****집중관리 트러블****부위에 발라 성난 피부를 진정시켜 주세요. 3) 스페셜 케어: #나이트케어수면팩 피부에 특별한 케어가 필요할 때 얇게 여러겹 펴발라 수면팩으로 활용해 보세요.   """,Skincare,cream
[보습장벽] 차앤박 더마앤서 배리어 리셋 크림 80ml 더블기획 (80ml+80ml),44900,제조일로부터 36개월/ 개봉 후 12개월,스킨케어 마무리 단계에서 적당량을 취해 얼굴에 부드럽게 펴 발라 줍니다.,Skincare,cream
[단독기획] 토리든 셀메이징 저분자 콜라겐 탄력 크림 60ml 기획 (+20ml),21000,별도표기 / 36개월 (개봉 후 12개월),적당량을 덜어 골고루 펴바른 후 톡톡 두드려 흡수시켜 줍니다. 도톰히 얹어 수면팩처럼 사용하거나 겔마스크사용 시 사용 시 더욱 깊은 탄력을 느낄 수 있습니다.,Skincare,cream
[주름 강력개선]LBB 인텐시브 모이스처라이징 아이크림 15ml,43200,제조일로부터 36개월 / 개봉 후 12개월,"매일 저녁 잠들기 전 기초 케어를 마친 후, 눈가에 적당량을 펴발라 손가락으로 두드리며 흡수시켜 줍니다.",Skincare,cream
[고현정 PICK] 코이 플로우 셀코드 크라이오 크림 50ml,40500,제조일자로부터 3년,적당량을 덜어 얼굴에 골고루 펴 바른 후 두드려 흡수시켜 줍니다.,Skincare,cream
[색소침착/미백] 마일드랩 딥 멜라케어 스팟 트리트먼트 오인트겔 20ml,19500,개봉 후 12개월,"적당량을 색소침착, 잡티 스팟 부위에 얇게 도포해 줍니다.",Skincare,cream
[수분/진정] 아벤느 클리낭스 아쿠아크림-인-젤 수분 크림50ml 2입기획,39900,"개봉전 3년, 개봉 후 1년이내 사용권장","- 클리낭스 클렌징 젤로 세안 후, 기초 마지막 단계에서 얼굴에 가볍게 두들기며 펴발라주세요. - 피부 고민이 진정이 필요할 땐, 아벤느 파워 컨트롤 세럼을 사용 후 클리낭스 클렌징 젤을 사용해주세요.",Skincare,cream
[진정/쿨링] 닥터디퍼런트 시카 메탈 퀵 수딩 크림 50g,19040,"개봉전 36개월, 개봉후 12개월",크림 사용 단계에 적당량을 덜어 부드럽게 펴 발라 흡수시켜줍니다.,Skincare,cream
[트러블/여드름]닥터지 에이클리어 밸런싱 모이스처라이저 70ml 기획 (+세럼 10ml),19000,36개월(개봉 후 12개월),적당량을덜어얼굴에골고루펴바른후가볍게두드려흡수시켜줍니다,Skincare,cream
[수분진정]이니스프리 그린티 씨드 히알루론산 크림 50ml,18900,사용기한 36개월 / 개봉 후 12개월,[사용법] 적당량을 덜어 얼굴과 목에 부드럽게 펴발라 줍니다.,Skincare,cream
유세린 볼륨 리프팅 아이크림 15ml,39200,제조일로부터 36개월 이내의 제품의 상품을 순차적으로 발송합니다.,"매일 아침, 저녁 토너로 정돈된 눈가 피부에 적당량을 덜어 아주 부드럽게 펴 바릅니다.",Skincare,cream
[수분진정] 라운드랩 포 맨 자작나무 수분 크림 75ml,26000,"제조일로부터 30개월, 개봉 후 12개월",내용물을 적당량 덜어 피부에 부드럽게 펴 발라 흡수 시켜줍니다.,Skincare,cream
바이오더마 아토덤 인텐시브 밤 500ml,38400,"제조일로부터 36개월, 개봉 후 6개월 사용 권장","세안 및 샤워 후, 적당량을 덜어 피부에 부드럽게 마사지 하듯 발라줍니다. *페이스부터 바디까지 사용",Skincare,cream
[장벽탄력] 지피덤 셀트리온 EGF 스킨 베리어 하이드레이팅 수분크림 80ml,38000,사용기한 36개월 (본 제품은 제품 입고 일자별 제조연월일이 상이하여 정확한 정보 제공이 어렵습니다. 자세한 문의는 소비자 상담번호 및 Q&A 게시판으로 문의 주시기 바랍니다.),스킨케어 마지막 단계에 적당량을 덜어 골고루 펴 발라줍니다.,Skincare,cream
바이오더마 세비엄 센서티브 30ml,18000,제조일자로부터 3년/ 개봉 후 6개월 사용 권장,세안 후 적당량을 얼굴 전체에 발라줍니다. 아침 & 저녁 사용,Skincare,cream
토리든 다이브인 저분자 히알루론산 수딩 크림 100ml,18000,제조일로부터 36개월 / 개봉 후 12개월,본 제품이 적당량을 덜어 피부에 골고루 펴 바른 후 톡톡 두들겨 흡수시켜 줍니다.,Skincare,cream
[레티날0.1%] 닥터디퍼런트 비타리프트 에이 포르테 20g,37440,"개봉전 24개월, 개봉 후 12개월",스킨케어 마지막 단계에서 본품 적당량을 취해 피부에 골고루 펴발라줍니다. 이 제품은 밤에사용하는 나이트트리트먼트 크림입니다.,Skincare,cream
[국제 모공 특허성분/세로 모공 개선] 필킨X약손명가 포어솔루션 타이트닝 크림 50ml,37400,제조일로부터 30개월,기초 케어 마지막 단계에서 제품의 적당량을 덜어 피부 아래에서 위로 마사지하듯 쓸어 올려 발라줍니다.,Skincare,cream
[장벽보습] 퍼셀 픽셀바이옴 애프터레이저 리부팅 크림 50ml,39000,제조일로부터 30개월 / 개봉 후 12개월,스킨케어 마지막 단계에 발라 마무리합니다. 강한 자극을 받은 날에는 두껍게 올려 마스크로 사용합니다. 20억/mL 픽셀바이옴 원액과 블렌딩하여 사용하면 더욱 좋습니다.,Skincare,cream
토리든 셀메이징 저분자 콜라겐 탄력 아이크림 30ml 기획 (+아이마사저),17500,36개월 (개봉 후 12개월),"저녁 세안 후 스킨케어 마지막 단계에서 적당량을 덜어 눈 밑, 입가,미간,목 등 주름이 고민되는 부위에 가볍게 두르려 발라줍니다.",Skincare,cream
[쫀득물떡크림] 스킨푸드 블루 캐모마일 히알루로닉 수분크림 기획(70ml+30ml),17500,36개월,스킨케어 마지막 단계에서 적당량을 덜어 얼굴 전체에 부드럽게 펴 바르고 흡수시켜 줍니다.,Skincare,cream
[온라인단독] 아이소이 모이스춰 닥터 장수진 수분크림 70ml+15ml 기획,36000,제조일자로부터 3년 개봉 후 6개월 사용권장,"기초 스킨케어 후, 크림 사용 단계에서 적당량을 덜어 얼굴과 목에 부드럽게 흡수시켜주세요.",Skincare,cream
리얼베리어 익스트림 크림 라이트 70ml 기획 (+30ml),36000,"개봉 전 제조일로부터 36개월간, 개봉 후에는 12개월 이내",적당량을 덜어 피부결을 따라 얼굴 전체에 부드럽게 펴 바르고 체온으로 감싸 흡수시켜 줍니다.,Skincare,cream
[장벽광채크림] 유리아쥬 제모스 PSO 150ml 기획 (+오떼르말 50ml 증정),36000,개봉 전 제조일로부터 3년/개봉 후 6개월,손에 적당량을 덜어내어 피부에 부드럽게 흡수시켜주세요. (건조하여 각질이 올라오는 피부 & 건성피부),Skincare,cream
[민감피부진정/쿨링수분크림] 셀퓨전씨 포스트 알파 시카 카밍 다운 크림 50ml 기획 (+50ml 리필),36000,제조일로부터 30개월 / 개봉 후 12개월,스킨케어 마지막 단계에서 적당량 덜어 피부 결을 따라 부드럽게 펴 발라 흡수시켜줍니다.,Skincare,cream
아크네스 모이스처 크림 60ml,10800,"개봉전 30개월, 개봉 후 12개월",스킨케어의 마지막 단계에 적당량을 덜어 피부에 흡수시켜줍니다. 피부가 건조할 시 얇게 여러 번 덧발라주면 집중 보습케어가 가능합니다.,Skincare,cream
AHC 유스래스팅 리얼 아이크림 포 페이스 스페셜 링클케어 세트 (35ml+7ml),16790,개봉 전: 3년 이내 / 개봉 후: 1년 이내 사용 권장,1) 아이 스팟 트리트먼트 : 토너로 피부결 정돈 후 적당량을 덜어 눈가에 가볍게 톡톡 두드리며 흡수시켜줍니다. 2) 페이셜 토탈 트리트먼트 : 스킨케어 마지막 단계에서 충분한 양을 덜어내어 얼굴 전체에 고루 펴 발라 흡수시켜줍니다.,Skincare,cream
이지듀 EGF 글루타치온 기미잡티 크림 105ml,35010,제조일로부터 36개월,"1. 아침, 저녁 기초 마지막 단계에서 적당량을 덜어 얼굴 전체에 도포해 줍니다. 2. 피부 안쪽에서 바깥쪽으로 골고루 펴 발라 흡수시켜 줍니다.",Skincare,cream
[장벽크림] 유세린 울트라 센서티브 리페어 크림 50ml,35000,제조일로부터 18개월 이내의 상품을 순차적으로 발송합니다.,매일 아침 저녁으로 기초 케어 토너 다음 단계에서 적당량을 덜어 얼굴 전체에 펴 발라줍니다.,Skincare,cream
[속보습/장벽케어] 더랩바이블랑두 저분자 히알루론산 카밍+ 크림 80ml 대용량 기획(+20ml 추가 증정),35000,제조일로부터 3년,얼굴 전체에 도포하여 피부에 수분막을 씌워주세요. 톡톡 두드려 주시면 더 빠른 흡수감을 느끼실 수 있습니다.,Skincare,cream
[24시간수분잠금] 아비브 수분초 히알루론 크림 하이드레이팅 팟 80ml,35000,"제조일로부터 36개월, 개봉후 12개월","세안 후, 물기 없는 얼굴에 적당량을 덜어내여 가볍게 롤링하며 흡수시킵니다.",Skincare,cream
[1등장벽크림] NEW 닥터자르트 파워 더마 베리어 크림 단독 기획 세트(+7ml+틴케이스),35000,36개월(상품 발송 시 기준으로 사용기간 12개월 이상 제품을 발송),"적당량을 덜어 아침, 저녁으로 깨끗한 피부에 펴발라 줍니다.",Skincare,cream
[1+1 기획] 차앤박(CNP) 아쿠아 수딩 크림 1+1 기획,34500,36개월 / 개봉후 12개월,"1) 세안 후, 토너를 바르고 적당량을 얼굴에 골고루 펴 바릅니다. 2) 피부의 온도를 낮추고 싶을 때 수시로 덧발라줍니다.",Skincare,cream
바이오더마 아토덤 인텐시브 밤 75ml,16150,개봉 후 6개월 사용 권장,"세안 및 샤워 후, 적당량을 덜어 피부에 부드럽게 마사지 하듯 발라줍니다. *페이스부터 바디까지 사용",Skincare,cream
바이오더마 아토덤 인텐시브 밤 200ml,33000,개봉 후 6개월 사용 권장,"세안 및 샤워 후, 적당량을 덜어 피부에 부드럽게 마사지 하듯 발라줍니다. *페이스부터 바디까지 사용",Skincare,cream
[대용량] 피캄 카토 크림 80ml,32500,"제조일로부터 36개월, 개봉 후 12개월 이내 사용 권장",본 품 적당량을 취해 피부에 골고루 펴 바른다.,Skincare,cream
[수분부스팅/7중히알루론산] 셀퓨전씨 포스트 알파 아쿠아포린 크림 60ml,15500,개봉 전 30개월 / 개봉 후 12개월,"세안 후 아침, 저녁 스킨케어 마지막 단계에서 적당량을 취해 부드럽게 펴 발라줍니다.",Skincare,cream
피지오겔 시카밸런스 포맨 카밍 크림 70ml,32000,제조일로부터 36개월(개봉후 12개월),적당량을 취하여 얼굴 피부에 마사지하듯 두드려 흡수시켜 줍니다.,Skincare,cream
차앤박(CNP) 프로폴리스 멀티 앰플밤 1+1 기획,30000,30개월/개봉 후 12개월,내용물 적당량을 올려 얼굴 피부와 목 피부에 부드럽게 선을 그리며 골고루 펴 발라줍니다.,Skincare,cream
제로이드 수딩 크림 80ml,25500,"개봉 전 제조일로부터 36개월간,  개봉 후에는 12개월 이내",1일중 수회 적당량을 취해 얼굴이나 팔다리 등 필요한 부위에 골고루 펴 바릅니다. (Tip : 세안 또는 목욕 후 3분 이내에 보습제를 사용하는 것이 좋습니다.),Skincare,cream
[멀티보습밤]닥터지 더모이스처 배리어 D 멀티밤 50ml,29000,36개월(개봉후 12개월 이내 사용 권장),"거칠어지고 민감해지기 쉬운 얼굴, 입 주변, 팔꿈치, 발꿈치, 손톱 큐티클 등에 적당량을 취해 골고루 펴 발라줍니다. *건조하고 민감한 얼굴과 몸에 모두 사용 가능한 제품으로 건조함이 느껴지는 부위에 덧발라 사용해주세요.",Skincare,cream
[꾸덕보습] 라네즈 워터뱅크 인텐시브 크림 45ml 기획 (+10ml*2ea),29000,"제조일로부터 36개월, 개봉 후 12개월 이내 사용","'세럼 혹은 아이크림을 바른 다음 단계에서 사용해줍니다. 내장된 전용 스파츌러를 사용해 내용물을 적당량 취해 줍니다. 피부결을 따라 얼굴 안쪽에서 바깥쪽으로 부드럽게 펴바른 후, 양손바닥 으로 두볼, 이마와 턱을 차례대로 가볍게 눌러 흡수 후 마무리합니다.",Skincare,cream
[모공탄력] 마몽드 포어 슈링커 바쿠치올 크림 60ml 기획/단품,28500,제조후 36개월 / 개봉후 12개월,"아침과 저녁, 크림 사용 단계에서 적당량을 덜어 피부결을 따라 얼굴 전체에 부드럽게 펴 바릅니다. 손바닥에 적당량을 덜어 피부에 부드럽게 흡수시켜주세요.",Skincare,cream
씨널스 씨트러스트 카밍 크림 50ml,13500,36개월,스킨케어 마무리 단계에서 내용물을 적당히 덜어 피부에 수분막을 입히듯 부드럽게 흡수시켜 줍니다.,Skincare,cream
바이오더마 시카비오 크림+ 40ml(딥 리페어 크림),28000,"제조일로부터 3년, 개봉 후 6개월이내 사용 권장",크림 단계에서 적당량을 피부에 펴 바른 후 흡수시켜 줍니다.,Skincare,cream
[단독기획] 파티온 노스카나인 트러블 모공탄력 크림 45ml 기획(+15ml),27800,"제조일로부터 36개월, 개봉 후 12개월 (2024년 8월 6일 이후 제조된 상품만을 취급)",크림 단계에서 피부에 골고루 펴 발라 가볍게 두드려 흡수시켜 줍니다.,Skincare,cream
[1+1리필기획/눙눙이 Pick] 비원츠 펩타이드 엑스 퍼밍 아이세럼스틱 리필기획 (+눙눙이 키링&부적 증정),27600,36개월,"사용방법 한 번 펌핑하여 눈가와 팔자 주위에 부드럽게 롤링하며 흡수시켜 줍니다. 스틸볼 어플리케이터로 마사지하듯 사용하면 피부에 탄탄한 생기를 더할 수 있습니다. TIP. 시원한 메탈볼과 청량감 가득한 수분 텍스처가 만나 건조하고 지친 눈가에 즉각적인 수분충전을 도와줍니다. *사용 후, 가볍게 티슈로 닦아 건조 후 보관하시길 바랍니다.",Skincare,cream
[수분/진정] AHC 프로 샷 히알루로 딥 볼륨 아이크림 포 페이스 30ml 기획 (세럼 +10ml),27000,개봉 전: 3년 이내 / 개봉 후: 즉시 사용 권장,"눈가, 얼굴 전체, 목에 손이나 어플리케이터로 펴 바르며 흡수시켜준 뒤, 위 아래로 눌러주며 마사지해줍니다. 매일 아침, 저녁으로 사용해 주세요.",Skincare,cream
피지오겔 DMT 페이셜 수분크림 150ml,26900,■상품 별도기재,■적당량을 취하여 피부에 마사지하듯 두드려 흡수시켜줍니다.,Skincare,cream
아이디플라코스메틱 엑소브이 프로리프팅 크림 50ml (리뉴얼)(2503),12430,제조일자로 부터 36개월,세안 후 스킨케어 마지막 단계에서 피부에 부드럽게 펴 발라 흡수시켜 줍니다.,Skincare,cream
비욘드 엔젤아쿠아 시카크림 더블기획(150mlX2입)(비건),26000,"개봉전 제조일로부터 36개월, 유통기한 개봉후 12개월",본품 적당량을 취해 피부에 골고루 펴 바른다.,Skincare,cream
미프 비타민 톤업 화이트닝 크림 단독 1+1기획(50ml+50ml),26000,개봉 후 6개월,세안 후 스킨 및 로션으로 피부결을 정돈한 후 적당량을 손바닥에 덜어 얼굴에 잘 펴 발라 줍니다.,Skincare,cream
[케로피콜라보/150+150ml]비욘드 엔젤아쿠아 수분진정크림 150ml 1+1 기획 (체크 파우치 증정),26000,"개봉전 제조일로부터 36개월, 유통기한 개봉후 12개월",손바닥에 적당량을 취한 뒤 얼굴에 부드럽게 펴 발라 줍니다.,Skincare,cream
[한혜진PICK]CKD 레티노콜라겐 저분자 300 크림 1+1 기획,25900,제조일로부터 36개월 / 개봉 후 12개월,"세안 후, 크림 사용 단계에서 적당량을 사용하여 손가락 끝으로 롤링하여 흡수 시켜줍니다. (*1회 0.5ml 사용 시 약 80회 사용 가능/ 개인의 사용량에 따라 다를수 있습니다.)",Skincare,cream
[트러블케어] 닥터디퍼런트 비타아크날 TX 나이트 크림 20g,25840,24개월 (개봉 후 12개월),스킨케어 마지막 단계에서 본품 적당량을 취해 피부에 골고루 펴발라줍니다. 이 제품은 밤에사용하는 나이트트리트먼트 크림입니다.,Skincare,cream
[7겹보습크림] 닥터자르트 세라마이딘 울트라 모이스처라이징 크림 50ml,25500,36개월(상품 발송 시 기준으로 사용기간 12개월 이상 제품을 발송),적당량을 덜어 얼굴에 펴 바릅니다.,Skincare,cream
아크네스 스팟 클리어 크림 패치 18g,7500,"개봉전 30개월, 개봉 후 12개월","1. 트러블, 피부 고민 부위에 도톰하게 얹어주세요. 2. 15분 뒤 굳으면 물로 세안해주세요. 3. 밤에 자기 전 바르고, 아침에 일어나서 세안 시 닦아내도 무방합니다.",Skincare,cream
[한정기획/수분크림] 닥터자르트 바이탈 하이드라 솔루션 하이드로 플럼프 워터 크림 50ml 기획 (+7ml),25270,36개월(상품 발송 시 기준으로 사용기간 12개월 이상 제품을 발송),아침저녁으로 피부에 고르게 펴 발라줍니다. 피부에 완전히 흡수될 때까지 톡톡 두드려 줍니다,Skincare,cream
[한혜진PICK] CKD 레티노콜라겐 저분자 300 괄사 목주름 크림 50ml,24900,제조일로 부터 36개월 / 개봉 후 12개월,"내용물이 나올 때까지 튜브를 꼭 눌러준 후, 원하는 부위에 크림을 도포하면서 부드럽게 마사지해줍니다. *괄사를 이용한 목주름 관리 TIP ① 쇄골부터 턱까지 가볍게 쓸어 올려줍니다. ② 어깨선을 따라 위아래로 롤링해줍니다. ③ 쇄골 아래 윗가슴 부분을 가로로 롤링해줍니다.",Skincare,cream
닥터멜락신 아이팔트 레티놀 아이백 크림 10g,24900,개봉 전 36개월/개봉 후 12개월,"1. 쌀 크기 정도의 소량의 크림을 짜냅니다. 2. 눈 밑 부위에 3~4회 정도 가볍게 바른 후, 약 2분간 그대로 두었다가 말립니다. *잠들기 전에 1일 1회 나이트 루틴으로 사용하는 것이 좋습니다. *외츨 시 바르고 20분간 말린 후 화장을 합니다. *스피큘이 함유되어 있으므로 건조한 피부는 따끔거릴수 있으므로 기초케어 후 사용하는 것이 좋습니다.",Skincare,cream
[화해1위/미소정PICK]비원츠 펩타이드 엑스 퍼밍 아이세럼스틱 15ml,24600,36개월,"사용방법 한 번 펌핑하여 눈가와 팔자 주위에 부드럽게 롤링하며 흡수시켜 줍니다. 스틸볼 어플리케이터로 마사지하듯 사용하면 피부에 탄탄한 생기를 더할 수 있습니다. TIP. 시원한 메탈볼과 청량감 가득한 수분 텍스처가 만나 건조하고 지친 눈가에 즉각적인 수분충전을 도와줍니다. *사용 후, 가볍게 티슈로 닦아 건조 후 보관하시길 바랍니다.",Skincare,cream
셀라딕스 스킨 바이옴 131 캡슐 크림 95ml,24210,제조일로부터 36개월,"세범 리밸런싱 131앰플 사용 후, 그 위에 가볍게 도포해주세요.",Skincare,cream
[트러블로션] 에스트라 테라크네365 수딩 액티브 모이스처라이저 60ml,23800,36개월 (개봉 후 1년),토너 다음 단계에 적당량을 손에 덜어 얼굴 전체에 부드럽게 발라 흡수시켜 줍니다.,Skincare,cream
빌리프 더 트루 크림 모밤/아밤 30ml 기획팩 2종 택1,24100,"개봉전 제조일로부터 36개월, 유통기한 개봉후 12개월","에센스 또는 로션 사용 후, 적당량을 취하여 부드럽게 펴 발라주세요.",Skincare,cream
[NEW] 아비노 리하이드레이팅 나이트크림 50ml,23200,3년,밤에 사용하십시오. 다른 CALM+RESTORE® 제품들과 함께 사용하여 스킨케어 나이트 루틴을 완성해보세요.,Skincare,cream
[보습장벽] 넘버즈인 2번 시카마이드 장벽 딥페어크림 60ml,23000,제조일로부터 30개월 / 개봉 후 12개월,"아침, 저녁 기초케어 마지막 단계에서 얼굴에 부드럽게 펴 바르고 가볍게 두드려 준 뒤 두손으로 감싸듯 흡수시켜 줍니다.",Skincare,cream
[NEW] 바이오힐 보 판테셀 리페어 시카좀 크림 80mL 기획 (+앰플 13ml),22900,제조일로부터 36개월,"[크림] 매일 아침 저녁, 크림 사용 단계에 내용물을 적당량 덜어 피부결을 따라 부드럽게 롤링하듯 펴 발라 흡수시켜줍니다. [앰플] 매일 아침 저녁, 크림 전 단계에 내용물을 적당량 덜어 얼굴 전체에 도포하여 피부 결을 따라 부드럽게 마사지하듯 롤링하여 흡수시켜줍니다.",Skincare,cream
[보습/장벽] 풀리 쌀 세라 캡슐 크림 90ml,23800,개봉 전 36개월 / 개봉 후 12개월,스킨케어 마무리 단계에서 적당량을 취해 얼굴에 부드럽게 펴 발라 줍니다.,Skincare,cream
피지오겔 DMT 리제너러티브 크림 100ml,22000,제조일자로부터 36개월.,본 품 적당량을 취해 피부에 골고루 펴바릅니다.,Skincare,cream
피지오겔 DMT 리제너러티브 크림 100ml 한정기획 (+토너15ml+데일리뮨 앰플4ml),22000,제조일자로부터 36개월,본 품 적당량을 취해 피부에 골고루 펴바릅니다.,Skincare,cream
바이오힐 보 히알셀 하이드라 크림 50ml 기획(+크림30ml증정) /단품,21500,제조일로부터 30개월,"매일 아침 저녁, 크림 단계에 내용물을 적당량 덜어 피부결을 따라 부드럽게 롤링하듯 펴 발라 흡수시켜 줍니다.",Skincare,cream
스킨1004 마다가스카르 센텔라 프로바이오시카 바쿠치올 아이 크림 20ml,21000,제조 후 36개월/개봉 후 12개월,"스킨케어 마지막 단계에서 적당량을 덜어 피부 위에 부드럽게 펴 바른 뒤, 가볍게 두드리며 흡수시켜줍니다.",Skincare,cream
[NEW/모공톤업]메디테라피 포쎄라 리얼 비피다 블러 크림 50ml,19800,36개월,"1. 스킨케어 크림 단계에서, 본품 소량씩을 레이어링 하며 흡수시켜 줍니다.",Skincare,cream
코스알엑스 어드벤스드 스네일 92 올인원 크림 100g,17250,유통 기한 36개월 / 개봉 후 12개월 이내 사용 권장,"적당량을 손에 덜어 가볍게 마사지하듯 얼굴에 바른 후, 남은 내용물을 두드려 흡수 시켜 줍니다.",Skincare,cream
제나벨 PDRN 리쥬비네이팅 크림 70ml,19250,제조 후 3년/ 개봉 후 1년,"""아침, 저녁 세안 후 본품 적당량을 덜어 얼굴에 골고루 펴 발라 잘 흡수시켜 줍니다. 특히 건조하거나 민감한 부위에 수시로 덧발라주면 더욱 좋습니다.""",Skincare,cream
[화잘먹크림] 웰라쥬 리얼 히알루로닉 100 크림 50ml,19200,제조일로부터36개월(개봉후12개월),내용물을 적당량 덜어 피부결을 따라 부드럽게 펴 발라준 후 가볍게 두드려 흡수시켜 줍니다.,Skincare,cream
조선미녀 조선미녀크림 50ml,19200,제조일부터36개월/개봉후12개월이내,적당량을 덜어 얼굴 전체에 펴 바른 뒤 부드럽게 흡수시켜 줍니다.,Skincare,cream
[토탈주름케어] 아비브 콜라겐 아이크림 부활초 튜브 30ml,18200,"개봉전 36개월, 개봉후 12개월","적당량을 토출하여 눈가, 미간 등 고민부위에 펴 발라 부드럽게 흡수시켜줍니다.",Skincare,cream
이니스프리 그린티 히알루론산 글로우 아이&페이스볼 10ml,17250,제조일로부터 36개월 / 개봉후 12개월,크림 전 단계에서 한번 펌핑하여 눈매와 얼굴 표정 라인을 따라 가볍게 마사지하듯 롤링하여 흡수 시켜 줍니다..,Skincare,cream
[눈가탄력/레티날] 조선미녀 인삼아이크림 30ml,17000,제조일부터36개월/개봉후12개월이내,적당량을 덜어 눈가 주위에 펴 바른 뒤 부드럽게 흡수시켜 줍니다. 눈가 이외에 주름이 고민되는 다른 부위에도 사용할 수 있습니다. * 낮에 사용할 때에는 자외선 차단제를 함께 사용해 줍니다.,Skincare,cream
더랩바이블랑두 저분자 히알루론산 카밍+ 크림 50ml,16500,개봉 후 1년/ 제조일로부터 3년,적당량을 손에 덜어 피부결을 따라 발라주고 손 끝으로 가볍게 두드려 흡수시켜 줍니다.,Skincare,cream
스킨1004 마다가스카르 센텔라 수딩 크림 75ml,16000,제조 후 30개월 (개봉 후 12개월),"스킨케어 마지막 단계에서 적당량을 덜어 피부 위에 부드럽게 펴 바른 뒤, 가볍게 두드리며 흡수시켜줍니다.",Skincare,cream
이즈앤트리 히아루론산 아쿠아 젤 크림 100ml,13000,개봉 전 30개월 개봉 후 6개월,스킨케어 마무리 단계에서 얼굴 전체에 가볍게 펴 발라 흡수시켜줍니다.,Skincare,cream
[고보습광채크림] 하다라보 고쿠쥰 크림 50ml,12600,"제조일로부터 (36개월/3년)이내, 개봉 후 12개월","화장수로 피부를 정돈한 후, 적당량을 손바닥에 덜어 얼굴 전체에 펴 바릅니다.",Skincare,cream
김정문알로에 큐어 인텐시브 2X 크림 50g,11900,"개봉 전 30개월, 개봉 후 12개월",적당량을 덜어 건조한 피부에 골고루 펴 발라 줍니다.,Skincare,cream
더마팩토리 레티날 300ppm크림 30ml,9000,제조일로부터 36개월,"저녁 스킨케어 마지막 단계에서 얼굴 전체에 얇게 발라 흡수시켜 줍니다. 레티날 성분 함유로 밤에만 사용할 것을 권장드리며, 초기 적응 기간 동안 피부에 자극이 있을 경우에는 제품을 격일 혹은 3일에 한번 사용하여 피부 적응기를 거쳐 줍니다.",Skincare,cream
[닥터이아소] 트리플 엠 하이드레이팅 크림,33000,개봉후 12개월 내에 최적으로 사용할 수 있습니다. (보관조건: 10~30℃. 직사광선은 피하세요.),기초 화장의 마지막 단계에 적당량을 덜어 얼굴에 고루 펴 발라 줍니다.,Skincare,cream
불독 오리지널 모이스처라이저 100ml,32000,제조일로부터 3년,"아침과 저녁, 세안 후 얼굴과 목에 고르게 바르세요.",Skincare,cream
[수분크림] 유세린 아쿠아포린 액티브 크림 포 드라이 스킨 50ml 건성피부용,21000,제조일로부터 1080일,"매일 아침, 저녁 토너 사용 후, 적당량을 덜어 얼굴과 목 부위에 펴발라줍니다.",Skincare,cream
피지오겔 DMT 페이셜 크림 75ml,19900,■상품기재,■적당량을 취하여 피부에 마사지하듯 두드려 흡수시켜줍니다.,Skincare,cream
[수분크림] 유세린 아쿠아포린 액티브 포 노멀 투 컴비네이션 스킨 50ml 복합성피부용,21000,제조일로부터 1080일,"매일 아침/저녁 토너 사용 후, 적당량을 덜어 얼굴과 목 부위에 펴 발라줍니다.",Skincare,cream
유세린 볼륨리프팅 데이크림 포 드라이스킨 50ml,35900,"주문일로부터 1년 6개월 이내의 제조 상품 배송, 제조일로부터 30개월 이내 사용(상품에는 '제품 사용 기한' 표기)","매일 아침 토너 사용 후, 적당량을 덜어 얼굴과 목 부위에 펴 발라줍니다.",Skincare,cream
미프 미남크림 톤업화이트닝 50ml,17850,제조일로부터 30개월 / 개봉후 12개월,세안 후 스킨 및 로션으로 피부결을 정돈한 후 적당량을 손바닥에 덜어 얼굴에 잘 펴 발라 줍니다.,Skincare,cream
[끝장크림] 시카고 시카 피니쉬 크림 50ml,43000,제조일로부터 3년 / 개봉 후 6개월,"매일 아침, 저녁 기초케어 시 크림 단계에서 적당량을 덜어 얼굴 전체에 부드럽게 흡수시켜주세요.",Skincare,cream
유리아쥬 오 떼르말 워터 크림 40ml,30000,제조일로부터 1년 6개월 이내의 상품 발송 / 개봉후 12개월,"아침, 저녁 세안 후, 크림 단계에서 얼굴과 목에 적당량을 펴 발라줍니다.",Skincare,cream
엠브리올리스 레 크렘 콘센트레 75ml,34300,"제조일로부터 4년, 개봉 후 12개월","세안 후, 물기 없는 얼굴에 사용하세요. 아침, 저녁 스킨으로 피부를 정돈 후 얼굴과 목에 발라주세요.",Skincare,cream
바이오더마 하이드라비오 크림 50ml,33000,"제조일로부터 3년 이내의 상품을 순차적으로 발송, 개봉 후 6개월 사용 권장",저녁에 토너->에센스 로션-> 세럼 다음 단계에 사용하세요. 적당량을 손에 덜어 얼굴과 목에 마사지하듯 발라 주세요. 고밀도의 제형으로 구성되어 있어 아침에 사용 시 충분하게 흡수 한 후에 다음 단계의 제품을 사용해 주세요.,Skincare,cream
바이오더마 하이드라비오 젤크림 40ml,31000,"제조일로부터 3년 이내의 상품을 순차적으로 발송, 개봉 후 6개월 사용 권장","1) 아침, 저녁으로 토너,에센스 로션,세럼 다음단계에 사용하세요. 2) 적당량을 손에 덜어 얼굴과 목에 마사지하듯 발라 주세요.",Skincare,cream
[10년연속1위] 유세린 하이알루론 3X 아이크림 더블기획 (15ml+15ml),78900,제조일로부터 30개월,토너로 정리된 눈가 피부에 적당량을 덜어 부드럽게 펴 발라 줍니다.,Skincare,cream
[응급진정/스팟케어]로벡틴 시카케어 스팟 밤 40ml,18900,"개봉 전 3년, 개봉 후 1년 이내",- 전체 사용시: 민감해진 피부 전체에 보습 크림 대용으로 발라주세요. - 스팟 사용시: 특히 고민인 국소 부위에 도톰하게 얹듯이 발라주세요.,Skincare,cream
마티나겝하르트 아보카도 아이크림 15ml,28000,개봉전 18개월/개봉후 3개월,눈가 주위에 얇게 펴 발라 손가락으로 두드려 흡수시켜 줍니다.,Skincare,cream
[남성아이크림]눅스 맨 포-맨 아이크림 15ml,33000,제조일로부터 1년 6개월 미만의 상품 발송/개봉 후 6개월,"아침, 저녁으로 적당량을 덜어 네 번째 손가락을 이용해 눈가 주변에 가볍게 발라줍니다. ​도포 후, 눈가 주변 혹은 관자놀이 등을 가볍게 마사지하면 더욱 효과적입니다.",Skincare,cream
[장벽크림] 유세린 울트라 센시티브 리페어 젤 크림 50ml,35000,제조일로부터 18개월 이내의 상품을 순차적으로 발송합니다.,매일 아침 저녁으로 기초 케어 토너 다음 단계에서 적당량을 덜어 얼굴 전체에 펴 발라줍니다.,Skincare,cream
닥터자르트 컨트롤에이 티트리먼트 모이스처라이저 50ml (티트리 약산성 보습크림),34000,36개월(상품 발송 시 기준으로 사용기간 12개월 이상 제품을 발송),1) 크림 사용 단계 (토너 및 세럼 사용 후) 에서 적당량을 덜어 얼굴 전체에 골고루 펴 발라줍니다. 2) 내용물이 잘 흡수될 수 있도록 가볍게 두드려 흡수시켜 줍니다.,Skincare,cream
아임프롬 머그워트 크림 50g,25600,개봉 후 12개월 이내 사용,"아침, 저녁 크림단계에 머그워트 크림을 적당량 사용하세요. 머그워트 전라인과 함꼐 사용하면 더욱 좋습니다.",Skincare,cream
크리니크 모이스춰 써지 아이 96-아워 하이드로 컨센트레이트 15ml,70000,제조일로부터 36개월,"콩알 사이즈만큼의 양을 하루 두 번, 아침, 저녁에 발라줍니다. 눈가 전체를 약지로 부드럽게 마사지해주세요. 제품이 눈에 닿지 않도록 주의하세요.",Skincare,cream
엠도씨 울트라 수분 크림 100ml,18400,"제조일로부터 2년이내의 상품을 순차적으로 발송, 유통기한 개봉후 1년",손바닥에 적당량을 덜어 얼굴과 목 등에 부드럽게 펴 바른 후 손바닥으로 가볍게 두드려 흡수시켜 줍니다. (건조함이 느껴질 때 마다 수시로 덧발라 주시면 피부보습 강화에 도움이 됩니다.),Skincare,cream
[43만개 판매/민감피부 구원템] 로벡틴 카밍 연꽃수 크림 60ml,19200,개봉 후 1년이내,스킨케어 마지막단계에 건조하고 민감한 피부 위에 적당량을 덜어 부드럽게 펴 발라 사용합니다,Skincare,cream
비오템 옴므 아쿠아파워 72H 수분 젤 크림 50ml,114750,제조일로부터 36개월,"아침, 저녁 에센스 또는 모이스처라이저를 바른 후, 크림단계에서 얼굴과 목에 부드럽게 바릅니다.",Skincare,cream
디오디너리 카페인 솔루션 5% + EGCG 30ml,14000,개봉 후 12개월(제조연월 별도표기),아침저녁으로 눈가에 소량을 마사지합니다. 자극이 발생할 경우 사용을 중단하고 의사와 상의하시기 바랍니다. 손상되지 않은 피부에 지시된 대로만 사용하세요. 사용 전 패치 테스트를 권장합니다. 패치 테스팅 가이드 카드 또는 당사 웹사이트의 패치 테스트 상세 가이드를 참조하세요. 어린이의 손이 닿지 않는 곳에 보관합니다.,Skincare,cream
[온가족 페이스&바디크림] 유리아쥬 제모스 끄렘 400ml,40800,제조일로부터 2년 이내의 상품을 순차적으로 발송/개봉후 9개월,적당량을 손에 덜어 건조한 얼굴과 몸에 부드럽게 펴 발라 흡수시켜주세요.,Skincare,cream
DR다룸 베리어 크림 75ml,28000,3년 이내,스킨케어 마지막 단계에서 부드럽게 바른 후 손끝으로 가볍게 두드려 흡수시켜 줍니다.,Skincare,cream
더랩바이블랑두 저분자 히알루론산 카밍+ 크림 80ml,35000,개봉 후 1년/ 제조일로부터 3년,적당량을 손에 덜어 피부결을 따라 발라주고 손 끝으로 가볍게 두드려 흡수시켜 줍니다.,Skincare,cream
애즈이즈투비 아쿠아 부스팅 크림 50ml,32000,제조일로부터 3년 (개봉일로부터 1년),"아침/저녁 토너 후, 적당량을 덜어 피부에 골고루 펴 발라준 후 가볍게 두드리며 흡수시켜 줍니다.",Skincare,cream
[저자극] 라운드랩 1025 독도 크림 80ml 기획 (+20ml),32000,"제조일로부터 36개월, 개봉 후 12개월",스킨케어 마무리 단계에서 내용물을 적당량 덜어 피부에 수분막을 입히듯 부드럽게 흡수시켜 줍니다.,Skincare,cream
[레티날0.025%] 닥터디퍼런트 비타리프트 아이앤넥 20g,32300,"개봉전 24개월, 개봉 후 12개월",스킨케어 마지막 단계에서 본품 적당량을 취해 피부에 골고루 펴발라줍니다. 이 제품은 밤에사용하는 나이트트리트먼트 크림입니다.,Skincare,cream
[세라마이드/장벽크림] 닥터디퍼런트 311 모이스처라이저 100ml,26600,"개봉전 30개월, 개봉 후 12개월",세안후 적당량을 취해 피부에 골고루 펴 바릅니다. 피부상태에 따라 건조함을 느낄 때 수시로 덧발라 사용합니다.,Skincare,cream
[탄력/보습크림] 닥터디퍼런트 131 모이스처라이저 100ml,30240,"개봉전 30개월, 개봉 후 12개월",세안후 적당량을 취해 피부에 골고루 펴 바릅니다. 피부상태에 따라 건조함을 느낄 때 수시로 덧발라 사용합니다.,Skincare,cream
[진정영양/장벽크림] 유리아쥬 제모스 페이스 2입 기획 (40ml+40ml+제모스토너 50ml 증정),39000,제조일로부터 2년 이내의 상품 발송/개봉후 12개월,[제모스 페이스] 적당량을 덜어 얼굴에 부드럽게 펴 발라주세요. [제모스 토너] 세안 후 화장솜에 적당량을 덜어 가볍게 닦아내듯 피부결을 정돈해줍니다.,Skincare,cream
스와니코코 펩타이드 아이크림 트리플 기획(20ml+20ml+20ml),32000,제조일로부터 3년,"에센스를 바른 후, 네번째 손가락에 적당량 제품을 덜어 눈가와 고민되는 부위에 마사지 하듯 발라줍니다.",Skincare,cream
크리니크 모이스춰 써지 시베리아 시카크림 50ml,49000,제조일로부터 36개월,"- 하루에 두 번 깨끗한 얼굴에 사용하세요. 스킨케어 마지막 단계에서 충분하게 발라주세요. - 혹은 메이크업 아래, 건조한 부위에 5분용 마스크로 사용하세요. *건성/극건성 또는 만성적 건성 및 건복합성 피부 타입에 적합",Skincare,cream
[진정/피부장벽] 키노닉스 원더 레미디 세라마이드 고보습 크림 50ml,34000,"제조일로부터 3년, 개봉 후 12개월 이내 사용 권장","아침, 저녁 세안 후 토너로 피부결을 정돈한 뒤 적당량을 덜어 부드럽게 펴발라 흡수시켜줍니다.",Skincare,cream
[보습장벽크림] 유세린 우레아 리페어 크림 50ml,24500,제조일로부터 36개월 이내 사용(상품에는 '제품 사용 기한' 표기),매일 세안 후 크림 단계에서 부드럽게 흡수시켜 발라줍니다.,Skincare,cream
[피부장벽/진정] 닥터디퍼런트 시카 메탈 크림 50g,29930,"개봉전 30개월, 개봉후 12개월",크림 단계에서 적당량을 취해 거칠고 민감해진 피부 부위에 부드럽게 펴발라 흡수시켜 줍니다,Skincare,cream
생블랑쉬 바이탈부스트크림 30ml,27000,제조일로부터 3년 개봉일로부터 1년,본품 적당량을 취해 피부에 골고루 펴 발라 줍니다.,Skincare,cream
땡큐파머 강화교동쌀 맑음 젤안에 크림80ml,23800,제조일로부터 3년,스킨케어 마지막 단계에서 젤과 크림 적당량을 스파출러로 덜어 골고루 섞은 뒤 피부결 안쪽에서 바깥쪽으로 부드럽게 펴발라줍니다.,Skincare,cream
[보습탄력] 아비브 부활초 크림 뉴트리션 튜브 75ml,24500,"제조일로부터 36개월, 개봉후 12개월","세안 후, 물기 없는 얼굴에 적당량을 덜어내여 가볍게 롤링하며 흡수시킵니다.",Skincare,cream
휘게 릴리프 캐모마일 크림 85g,11800,제조일로부터 36개월,'크림 단계에서 내용물을 적당히 덜어 피부 결을 따라 부드럽게 발라준 후 흡수시켜 줍니다.,Skincare,cream
땡큐파머 트루워터 딥 모이스처크림 EX 80ml,19600,제조일로부터 3년,적당량을 덜어 얼굴 전체에 고르게 펴 바르고 손바닥으로 감싸 부드럽게 크림을 흡수시킨다. 슬리핑팩 대신 피부에 도톰하게 올려 피부 수분 충전 및 피부 컨디션을 회복 시킨다.,Skincare,cream
마녀공장 비피다 바이옴 아쿠아 배리어 크림 80ml 증정기획 (+20mlx2ea),20800,"제조일로부터 2년, 개봉 후 6개월",적당량을 취해 피부 결에 따라 골고루 발라준 후에 가볍게 두드리며 흡수시켜 줍니다.,Skincare,cream
[수분크림] 에스트라 아토베리어365 하이드로 수딩크림 60ml,29700,36개월 (개봉 후 1년),- 연약하고 건조해진 피부 부위에 사용하는 제품입니다. - 적당량을 덜어 얼굴에 부드럽게 펴 발라주고 가볍게 두드려 충분히 흡수시켜 줍니다.,Skincare,cream
달팡 인트랄 수딩 크림 50ml,86000,제조일로부터 36개월,세럼 사용 후 적당량을 덜어 얼굴 전체에 바른 후 마사지하듯 펴발라 흡수 시켜 주세요,Skincare,cream
[SOS 손상개선크림] 유리아쥬 배리어덤 시카 크림 40ml,19200,제조일로부터 2년 이내의 상품을 순차적으로 발송/개봉후 6개월,크림 단계에서 적당량을 덜어 얼굴과 몸에 부드럽게 펴 발라줍니다.,Skincare,cream
[한혜진PICK]CKD 레티노콜라겐 저분자 300 크림 40ml 기획(+5ml*2개),38000,제조일로부터 36개월 / 개봉 후 12개월,"세안 후, 크림 사용 단계에서 적당량을 사용하여 손가락 끝으로 얼굴 안쪽에서 바깥쪽으로 롤링하여 흡수 시켜줍니다.",Skincare,cream
CKD 레티노콜라겐 저분자 300 집중크림 25ml,38000,제조일로부터 36개월 / 개봉 후 12개월,"""[사용법] 이 제품은 밤에 사용하는 나이트 케어 크림입니다. 스킨케어 마지막 단계에서  완두콩 크기 정도를 덜어 얼굴 전체에 얇게 펴발라 흡수시켜 주고,  주름이 고민되는 부위에는 한번 더 덧발라줍니다. (*1회 0.4ml 사용 시 약 62회 사용 가능)""",Skincare,cream
[2주 톤업] 라네즈 래디언씨 크림 30ml 기획 (+7+7ml),25600,"제조일로부터 36개월, 개봉 후 12개월 이내 사용","아침, 저녁 크림 단계에서 적당량을 덜어 볼, 이마, 코, 입가, 목 순으로 안에서 밖으로 가볍게 바른 후, 흡수가 잘되도록 가볍게 눌러줍니다.",Skincare,cream
더마픽스 리얼 콜라겐 텐션업 멀티스틱밤,20000,"1,095일","""건조한 부위에 수시로 발라주세요. 제형 특성상 45도씨 이상의 고온에서 내용물이 흐를 수 있으며 스웨팅(물방울같이 맺히는 현상)이 발생할 수 있으나 내용물에는 이상이 없습니다. 해당 제품의 경우 식물성 오일이 함유되어 변취 혹은 변색이 있을 수 있습니다.""",Skincare,cream
[코어탄력크림] 아이소이 인텐시브 에너자이징 크림EX 30ml,33700,제조일자로부터 3년 / 개봉 후 6개월 사용권장,"기초 스킨케어 후, 크림 사용 단계에서 적당량을 덜어 얼굴과 목에 부드럽게 흡수시켜주세요.",Skincare,cream
[코어탄력스팟] 아이소이 인텐시브 리프팅 스팟 25ml,31200,제조일자로부터 3년 개봉 후 6개월 사용권장,"토닉과 에센스 사용후 눈가, 입가, 미간 주름등 탄력이 신경쓰이는 부분에 적당량을 펌핑후 애플리케이터를 이용하여 롤링 하듯 마사지 하여 천천히 흡수시켜 줍니다.",Skincare,cream
가히 아쿠아밤,26300,"제조일로부터 36개월, 개봉 후 12개월","스킨케어 마지막 단계에서 얼굴에 부드럽게 펴 발라 줍니다. 메이크업 전/후 발라주면 두드러진 모공을 매끈하게 커버할 수 있습니다.2-3시간 마다 햇빛에 자주 노출되는 부위에 덧발라주면 산뜻하고 보송한 마무리감을 느끼며 스킨케어+ 자외선 차단 효과를 함께 볼 수 있습니다. 단, 입술에 바르는 걸 삼가해주시기 바랍니다.",Skincare,cream
가히 아이밤,24900,"제조일로부터 36개월, 개봉 후 12개월","스킨케어 마지막 단계에서 얼굴 또는 건조한 피부 부위를 중심으로 부드럽게 펴 발라 줍니다. 메이크업 전에도 사용 가능하며, 메이크업 후에도 스틱을 피부에 부드럽게 접촉해, 광채 및 보습이 필요한 부위에 톡톡 덧발라주면 촉촉하고, 은은한 물광 피부 표현이 가능합니다.",Skincare,cream
AHC 에이치 멜라루트 크림 (본품50ml+10ml 증정),39000,개봉 전 3년 이내 / 개봉 후 1년 이내,"아침, 저녁 스킨 케어 마지막 단계에서 적당량을 취하여 피부에 부드럽게 펴 발라 흡수시켜줍니다.",Skincare,cream
[속보습/보송피부결] 더말로지카 딥모이스춰 스킨 스무딩 크림 50ml,46000,별도 표기 / 개봉 후 12개월,스킨과 에센스 사용 후 얼굴과 목에 전체적으로 가볍게 펴 발라줍니다.,Skincare,cream
헤이네이처 어성초 크림 80g,35000,제조일로부터 3년,스킨 케어 마지막 단계에 피부에 부드럽게 흡수시켜줍니다.,Skincare,cream
바비브라운 비타민 인리치드 아이 베이스,100000,제조일로부터 36개월,"손가락 사이에서 살짝 녹인 다음, 눈 주변에 톡톡 두드리듯이 부드럽게 바릅니다. 컨실러를 바르기 전에 아이크림이 충분히 흡수되었는지 확인합니다.",Skincare,cream
[단독기획] 센텔리안24 링클셀 코어 아이크림 더블 기획 (세럼10ml x 2ea 증정),57000,"개봉 전 30개월, 개봉 후 12개월","세럼 사용 전 혹은 후 집중 케어가 필요한 눈가, 입가등의 부위에 적당량을 덜어 부드럽게 펴 발라 흡수시켜 줍니다.",Skincare,cream
[100시간밀착보습/민감장벽보호] 셀퓨전씨 약산성 패리어 크림 55ml,20500,"제조일로부터 1년6개월 이내의 상품을 순차적으로 발송, 유통기한 개봉후 12개월","세안 후 아침, 저녁 스킨케어 마지막 단계에서 적당량을 취해 부드럽게 펴 발라줍니다.",Skincare,cream
[엔하이픈 성훈 PICK] 믹순 콩 크림 50ml,35000,개봉 전 30개월 / 개봉 후 6개월,세안 후 스킨케어 마지막 단계에서 적당량을 취해 피부결을 따라 얼굴에 고르게 펴바르고 가볍게 두드려 흡수시켜줍니다.,Skincare,cream
비오템 아쿠아수르스 수분 젤 크림 30ml,34000,이 제품은 사용기한 1년 이상 남은 제품부터 순차적으로 배송됩니다.,"아침, 저녁 에센스나 밀키 로션을 바른 후, 크림단계에서 얼굴과 목에 부드럽게 바릅니다.",Skincare,cream
비오템 아쿠아수르스 수분 젤 크림 50ml,61200,이 제품은 사용기한 1년 이상 남은 제품부터 순차적으로 배송됩니다.,"아침, 저녁 에센스나 밀키 로션을 바른 후, 크림단계에서 얼굴과 목에 부드럽게 바릅니다.",Skincare,cream
[시카스팟겔] 시카고 시카 스팟 겔 25g,27000,"제조일자로부터 3년, 개봉 후 6개월 사용권장","기초케어 마지막 단계에, 자극 및 손상이 심한 시카 고민 부위에 집중적으로 발라 흡수 시켜주세요. 연고를 바르듯이 다소 도톰하게 바르며 좋습니다.",Skincare,cream
빌리프 스트레스 슈터 시카 밤 크림 50ml,52000,"개봉전 제조일로부터 36개월, 유통기한 개봉후 12개월",에센스 또는 모이스춰라이저 사용 후 적당량을 취하여 부드럽게 펴 발라줍니다.,Skincare,cream
가히 아쿠아밤&아이밤,72900,"제조일로부터 36개월, 개봉 후 12개월","아이밤 : 스킨케어 마지막 단계에서 얼굴 또는 건조한 피부 부위를 중심으로 부드럽게 펴 발라 줍니다. 메이크업 전에도 사용 가능하며, 메이크업 후에도 스틱을 피부에 부드럽게 접촉해, 광채 및 보습이 필요한 부위에 톡톡 덧발라주면 촉촉하고, 은은한 물광 피부 표현이 가능합니다 아쿠아밤 : 스킨케어 마지막 단계에서 얼굴에 부드럽게 펴 발라 줍니다. 메이크업 전/후 발라주면 두드러진 모공을 매끈하게 커버할 수 있습니다.2-3시간 마다 햇빛에 자주 노출되는 부위에 덧발라주면 산뜻하고 보송한 마무리감을 느끼며 스킨케어+ 자외선 차단 효과를 함께 볼 수 있습니다. 단, 입술에 바르는 걸 삼가해주시기 바랍니다.",Skincare,cream
베리홉 바이오틱스 바이탈 아이 크림 20ml,38900,제조일로부터 3년,"스킨케어 마지막 단계에서 적당량을 토출하여, 눈가를 따라 가볍게 마사지하듯 롤링하며 흡수시켜줍니다.",Skincare,cream
밀크터치 글로시 모이스처 크림 50ml,14400,제조일로부터 36개월 / 개봉 후 12개월 이내,스킨케어 마지막 단계에서 적당량을 덜어 피부결을 따라 부드럽게 펴 발라줍니다.,Skincare,cream
바비브라운 엑스트라 리페어 모이스춰 크림 인텐스 50ml,176000,제조일로부터 36개월,"아침 저녁으로 세안 후 토너, 에센스, 아이 크림 사용 후 얼굴 전체에 펴 바릅니다. 눈 주위는 피해주세요.",Skincare,cream
바비브라운 엑스트라 리페어 아이 크림 인텐스 15ml,145000,제조일로부터 36개월,"손가락 사이에서 살짝 녹인 다음, 눈 주변에 톡톡 두드리듯이 부드럽게 바릅니다. 컨실러를 바르기 전에 아이크림이 충분히 흡수되었는지 확인합니다.",Skincare,cream
[반얀트리 스파 테라피스트 PICK] 눅스 레브드미엘 울트라 컴포팅 베리어 크림 50ml,36900,제조일로부터 1년 6개월 이내의 상품을 순차적으로 발송/개봉후 12개월,기초 마지막 단계에서 적당량을 덜어 얼굴과 목에 잘 펴 발라줍니다.,Skincare,cream
바비브라운 미니 비타민 인리치드 페이스 베이스 15ml,39000,제조일로부터 36개월,세안한 피부에 바릅니다. 눈가는 피해 주세요,Skincare,cream
소본 그린 시카 더마 리페어 크림 40ml,23400,제조일로부터 24개월 / 개봉후 12개월,적당량을 덜어 피부결을 따라 부드럽게 펴 발라주세요.,Skincare,cream
차앤박(CNP) 히알루로닉 더마텐션 크림(본품50ml+31ml*2 증정),44000,36개월/개봉 후 12개월,기초케어 마지막 단계에 적당량을 덜어 피부에 골고루 부드럽게 펴 발라 줍니다.,Skincare,cream
스킨앤랩 베리어덤 인텐시브 크림 2세대 50ml,23000,"제조년월일로부터 3년, 개봉 후 12개월 이내","크림을 적당량 덜어 이마,볼,턱 순으로 발라주세요. 손바닥으로 피부 안쪽에서 바깥쪽으로 피부결을 따라 부드럽게 롤링해 주세요. 손바닥으로 한번 더 톡톡 두드리며 깊숙이 채워주세요",Skincare,cream
코스노리 비건 아보카도 아이크림 (본품30ml+15ml 증정),17000,개봉일로부터 36개월/개봉 후 12개월,적당량을 취해 눈가 주위에 펴 바른 후 가볍게 두드려 흡수시켜 줍니다. 눈가 뿐만 아니라 얼굴 전체에도 사용 가능합니다.,Skincare,cream
[온가족 페이스&바디크림] 유리아쥬 제모스 끄렘 200ml,27200,개봉 전 제조일로부터 3년/개봉 후 9개월,적당량을 손에 덜어 건조한 얼굴과 몸에 부드럽게 펴 발라 흡수시켜주세요.,Skincare,cream
클레어스 리치 모이스트 수딩 크림 80ml,19900,제조일로부터 3년 개봉 후 1년 내 사용,세안 후 토너로 피부결을 정돈한 뒤 얼굴에 가볍게 펴발라줍니다.,Skincare,cream
라로슈포제 똘러리앙 덤알레르고 플루이드 40ml,27000,제조일로부터 3년 이내 / 개봉 후 12개월,"아침, 저녁 세안 후 크림 단계에 적당량을 덜어 얼굴과 목에 동그랗게 원을 그리듯이 부드럽게 펴 발라줍니다._",Skincare,cream
[1등수분밀착크림/민감피부개선] 셀퓨전씨 약산성 패리어 수분 크림 80ml,22900,"제조일로부터 1년6개월 이내의 상품을 순차적으로 발송, 유통기한 개봉후 12개월.","세안 후 아침, 저녁 스킨케어 마지막 단계에서 적당량을 취해 부드럽게 펴 발라줍니다.",Skincare,cream
[엔하이픈 PICK] 믹순 기프트 세트(콩 크림 50ml+콩 에센스 50ml),70000,1) 콩 크림 : 개봉 전 30개월 / 개봉 후 6개월   2) 콩 에센스 : 개봉 전 24개월 / 개봉 후 6개월,* 콩 크림: 세안 후 스킨케어 마지막 단계에서 적당량을 취해 피부결을 따라 얼굴에 고르게 펴바르고 가볍게 두드려 흡수시켜줍니다.. * * 콩 에센스: 보습케어: 세안후 토너로 피부결 정리 후 발라서 흡수시킵니다. 피지각질케어(마사지 사용법): 세안후 콩에센스로 둥글둥글 마사지합니다.,Skincare,cream
보나쥬르 비건 그린티 워터크림 100ml,14400,30개월 (개봉후 6개월 사용기간),"튜브를 짜내어 적당량을 덜어낸 후 피부에 도포한뒤, 부드럽게 펴발라 톡톡 두드려 흡수시켜 줍니다.",Skincare,cream
[민감/진정크림]아벤느 똘레랑스 컨트롤 크림 40ml,35000,"개봉전 3년, 개봉 후 1년이내 사용권장","적당량 펌핑하여 피부에 골고루 펴바른 후 가볍게 두드리듯 흡수시켜줍니다. 특히 진정이 필요한 부위, 건조한 부위에 덧바르면 좋습니다.",Skincare,cream
[증정]닥터지 로얄 블랙스네일 크림세트(50ml+15ml),42000,3년(개봉후 12개월 이내 사용을 권장해 드립니다.),스킨케어 마지막 단계에 적당량을 덜어 피부 결을 따라 부드럽게 펴 발라줍니다.,Skincare,cream
[수분진정] 비플레인 시카테롤 크림 60ml,28000,제조일로부터 36개월,"토너와 앰플 사용 후 아침, 저녁 1일 2회 적당량을 취해 피부에 골고루 펴 바릅니다.",Skincare,cream
[스팟진정] 비플레인 시카테롤 스팟 트리트먼트 15ml,22000,제조일로부터 36개월,"- 아침 저녁 또는 수시로 고민 부위에 적당량을 덜어 펴 바르고 톡톡 두드려 흡수시켜줍니다. (다량의 진정 파우더 성분으로 백탁감이 있을 수 있으나, 흡수되며 곧 사라집니다.) - 고민 부위에 도톰하게 올려주시면 진정 효과가 더욱 좋습니다.",Skincare,cream
에스티 로더 어드밴스드 나이트 리페어 아이 컨센트레이트 매트릭스 15ml,145000,대부분 사용기한 10개월 이상 남은 제품을 배송해드립니다.,"눈 아래쪽에 아이 컨센트레이트를 바른 후 크라이오-스틸 쿨링 완드로 마사지해 줍니다. 충분한 마사지 후, 제품이 흡수될 떄까지 가볍게 두드려 마무리해줍니다.",Skincare,cream
[피부특화 DNA성분] 리쥬란힐러 턴오버 액티브 크림 50ml,27400,제조일로부터 36개월 이내,"step1. 세안 후 토너 등으로 피부 결을 정돈해 수분 바탕을 만들어줍니다. step2. 리쥬란 힐러 턴오버 앰플 듀얼 이펙트를 적당량 덜어 피부 결을 따라 부드럽게 펴 바른 후 가볍게 두드려 흡수시켜줍니다. step3. 리쥬란 힐러 턴오버 택티브 크림을 적당량 덜어 피부 결을 따라 부드럽게 펴 발라, 얇고 숨쉬는 영양 보습막을 만들어 줍니다. TIP. 보습이 필요한 부위에 덧 바르셔도 좋습니다.",Skincare,cream
플리프 시카-알로에 프레쉬 수분크림 150ml,21000,제조일로부터 3년,세안 후 적당량을 취해 얼굴에 부드럽게 펴 발라줍니다.,Skincare,cream
믹순 콩 스틱 밤 11.5ml,35000,제조일로 부터 36개월 개봉 후 12개월,"마스크 자국이 남은 부위 물티슈or스킨패드 진정 보습 수정화장이 필요한 부위 쇄골, 얼굴, 눈가, 목 부위에 가볍게 지나가듯 바른다.",Skincare,cream
믹순 병풀 스틱 밤 11.5ml,35000,제조일로 부터 36개월 개봉 후 12개월,"마스크 자국이 남은 부위 물티슈or스킨패드 진정 보습 수정화장이 필요한 부위 쇄골, 얼굴, 눈가, 목 부위에 가볍게 지나가듯 바른다.",Skincare,cream
어바웃미 숲 진정 수분 크림 80ml (100시간 수분지속 진정크림),30000,"제조일로 부터 36개월, 개봉 후 12개월",스킨케어 마무리 단계에서 적당량을 덜어 피부결을 따라 부드럽게 펴 바른 후 손바닥으로 지긋이 누르며 흡수시켜 줍니다. ※사용전에 반드시 사용법 및 사용시의 주의사항을 숙지 하신 후 사용하십시오,Skincare,cream
에스티 로더 리바이탈라이징 수프림+ 유스 파워 크림 30ml,118000,제조일로부터 36개월,"매일 아침/저녁, 세안 후 토너, 로션 또는 에센스 다음 단계에 사용. 얼굴 전체에 골고루 펴 발라 주세요.",Skincare,cream
[슬로우에이징]바이오더마 센시비오 디펜시브 40ml,30000,제조일로부터 3년 이내의 상품을 순차적으로 발송/ 개봉 후 6개월 사용 권장,클렌징 워터로 세안 후 적당량을 덜어 얼굴과 목에 충분히 도포합니다.,Skincare,cream
비판톨 더마 리플레니싱 데일리 모이스처 페이스 크림 50ml,22400,제조일로부터 2년,매일 세안 후 적당량을 취하여 얼굴 전체에 부드럽게 펴 발라줍니다.,Skincare,cream
OOTD AM 인텐스 아이세럼 30ml,23100,제조 후 36개월,적당량을 살짝 덜어 눈가 피부결을 따라 안쪽에서 바깥쪽으로 원을 그리며 마사지하듯 흡수시켜주세요,Skincare,cream
OOTD PM 오버나잇 아이크림 25ml,30000,제조 후 36개월,적당량을 살짝 덜어 눈가 피부결을 따라 안쪽에서 바깥쪽으로 원을 그리며 마사지 하듯 흡수시켜주세요,Skincare,cream
[괄사 아이세럼] 에스테덤 히알루로닉 아이세럼 15ml (주름개선기능성),61000,제조일로부터 3년 / 개봉후 6개월이내 사용 권장,적당량을 덜어 눈가에 부드럽게 펴발라줍니다. 전용 어플리케이터를 사용하여 마사지하면 더욱 좋습니다.,Skincare,cream
미구하라 화이트닝 인텐시브 크림 30ml,31500,제조일자로부터 30개월(개봉 후 6개월),"본품 적당량을 취해 피부에 골고루 펴 바른다. 팔꿈치, 무릎 등 색소침착이 고민인 부위에도 사용해주시면 좋다.",Skincare,cream
피지오겔 DMT 포맨 페이셜 크림 80ml,24000,제조일자로부터 36개월 / 개봉 후 12개월,"세안, 면도 후 스킨케어 단계에서 적당량을 취하여 얼굴 피부 위에 마사지하듯 두드려 흡수시켜 줍니다.",Skincare,cream
[쿨링/진정] 잇츠스킨 파워10 포뮬라 엘아이 수딩 젤크림 감초줄렌 55ml,25000,제조일로부터 36개월 / 개봉 후 12개월,적당량을 덜어 피부 결에 따라 부드럽게 펴 바르고 가볍게 두드리며 흡수시켜 줍니다.,Skincare,cream
[24시간수분잠금] 아비브 수분초 히알루론 크림 하이드레이팅 팟 80ml 기획(+수분초 패드 10매 증정),35000,"제조일로부터 36개월, 개봉후 12개월","세안 후, 물기 없는 얼굴에 적당량을 덜어내여 가볍게 롤링하며 흡수시킵니다.",Skincare,cream
유세린 이븐래디언스 다크서클 아이크림 15ml,27300,제조일로부터 30개월,"[아이크림(15ml)] 매일 아침/저녁, 토너로 피부 결을 정돈한 뒤 다크서클 고민이 있는 눈가에 적당량을 덜어 톡톡톡 부드럽게 펴 발라주세요.",Skincare,cream
디오디너리 멀티-펩타이드 래쉬 앤 브로우 세럼 5ml,22600,개봉 후 6개월 (제조연월 별도표기),아침저녁으로 도포할 부위를 클렌징하고 건조시킨 후에 눈썹과 속눈썹 라인에 얇게 도포해주세요. 자극이 발생할 경우 사용을 중단하고 의사와 상의하시기 바랍니다. 손상되지 않은 피부에 지시된 대로만 사용하세요. 사용 전 패치 테스트를 권장합니다. 패치 테스팅 가이드 카드 또는 당사 웹사이트의 패치 테스트 상세 가이드를 참조하세요. 어린이의 손이 닿지 않는 곳에 보관하세요.,Skincare,cream
허블룸 콤부차 비건 콜라겐 크림 50ml,30400,제조일로부터 24개월 / 개봉 후 6개월,본 품 적당량을 취해 피부에 골고루 펴 바릅니다.,Skincare,cream
닥터하스킨 미라클아토 하이드로 크림 50ml,19800,"제조일로부터 36개월, 2025.05.09 까지",적당량을 덜어 피부에 골고루 펴 발라줍니다.,Skincare,cream
[속건조/민감보습]비건이펙트 청보리 수분크림 50g,21600,제조일로부터 36개월 / 개봉 후 12개월,적당량을 취해 피부에 골고루 펴 바릅니다.,Skincare,cream
울트라브이 이데베논 크림 50ml,32000,제조일로부터30개월(개봉후12개월),본 품 적당량을 취해 피부에 골고루 펴 바른다.,Skincare,cream
메디올가 메디 아하 크림 스트롱 1+1 기획(30ml+30ml),23600,제조일로부터36개월(개봉후12개월),크림 사용단계에서 본품을 적당량 취해 하루 2-3번 각질 관리가 필요한 부위에 발라줍니다.,Skincare,cream
메디올가 브라이트닝 크림 플러스 1+1 기획(30ml+30ml),21000,제조일로부터 36개월 / 개봉 후 12개월,기초 마지막 단계에서 내용물을 마사지하듯 부드럽게 펴발라주어 흡수시켜줍니다.,Skincare,cream
루트리 오디베리 5중 모공 리프팅 크림 50ml,28900,제조일로부터 36개월 / 개봉 후 12개월,"매일 아침, 저녁 기초 스킨케어 마지막 단계에서 적당량을 취하여 얼굴과 목에 부드럽게펴 발라 줍니다.",Skincare,cream
수페 버치 리치 오리진 크림 50ml,36000,제조일로부터 36개월,본품 적당량을 취해 피부에 골고루 펴 바른다.,Skincare,cream
[피지40%감소] 라타플랑 미나리 시카트러블 진정 수분크림 75ml,24000,제조 후 30개월 / 개봉 후 12개월,스킨케어 마무리 단계에서 적당량을 덜어 피부 결을 따라 부드럽게 바른 뒤 가볍게 두드려 흡수시켜 줍니다.,Skincare,cream
메디큐브 레드 크림 2.0 50ml,34300,"개봉전 24개월, 개봉후 12개월",세안 후 적당량을 덜어 피부 결에 따라 부드럽게 펴 바르고 가볍게 두드리며 흡수시켜 줍니다.,Skincare,cream
[수분/진정]아벤느 클리낭스 아쿠아크림-인-젤 수분 크림 50ml,32000,"개봉전 3년, 개봉 후 1년이내 사용권장","- 클리낭스 클렌징 젤로 세안 후, 기초 마지막 단계에서 얼굴에 가볍게 두들기며 펴발라주세요. - 피부 고민이 진정이 필요할 땐, 아벤느 파워 컨트롤 세럼을 사용 후 클리낭스 클렌징 젤을 사용해주세요.",Skincare,cream
피부미 센텔루션 시카 크림 3X 100ml [지복합성],23500,제조일로부터 36개월 / 개봉후 6개월,*촉촉하고 가벼운 수분크림 제형 *바른 즉시 시원한 쿨링진정감으로 자극완화 *유분을 조절한 수분제형으로 산뜻하고 촉촉한 사용감,Skincare,cream
피부미 센텔루션 시카 크림 3X 100ml [건성],23500,제조일로부터 36개월 / 개봉후 6개월,*부드럽고 촉촉한 보습크림 제형 *바른 즉시 시원한 쿨링진정감으로 자극완화 *보습력을 높인 제형으로 유수분 밸런스 조절,Skincare,cream
[화잘먹] 넘버즈인 3번 결케어 벨벳 뷰티크림 60ml,23000,제조일로부터 30개월 / 개봉 후 12개월,"아침, 저녁 기초케어 마지막 단계에서 얼굴에 부드럽게 펴 바르고 가볍게 두드려 준 뒤 두손으로 감싸듯 흡수시켜 줍니다.",Skincare,cream
[영양탄력] 넘버즈인 4번 찰기탱탱 영양코팅 크림 60ml,23000,제조일로부터 30개월 / 개봉 후 12개월,"아침, 저녁 기초케어 마지막 단계에서 얼굴에 부드럽게 펴 바르고 가볍게 두드려 준 뒤 두손으로 감싸듯 흡수시켜 줍니다.",Skincare,cream
일소 데일리 모이스처 푸딩 크림 50ml,21000,제조일로부터 3년,"기초 마지막 단계에서 적당량을 취해 얼굴 중앙에서 바깥쪽으로 부드럽게 펴 발라 흡수시켜 줍니다. 데이케어시, 메이크업이 밀리지 않는 굿모닝 메이크업 착-붙케어 나이트케어시, 냉장 보관 후 자기전 듬뿍 굿 나이트 수면 케어",Skincare,cream
폴라초이스 C5 슈퍼 부스트 수분크림 50ml,52790,12개월,손에 적당량을 펌핑하여 하루에 한두번 얼굴과 목에 펴발라 줍니다.,Skincare,cream
가히 멀티밤 리필형 (본품),30900,"제조일로부터 36개월, 개봉 후 12개월","스킨케어 마지막 단계에서 얼굴 또는 건조한 피부 부위를 중심으로 부드럽게 펴 발라 줍니다. 메이크업 전에도 사용 가능하며, 메이크업 후에도 스틱을 피부에 부드럽게 접촉해, 광채 및 보습이 필요한 부위에 덧발라주면 촉촉하고, 은은한 물광 피부 표현이 가능합니다.",Skincare,cream
가히 멀티밤 리필,17000,"제조일로부터 36개월, 개봉 후 12개월","스킨케어 마지막 단계에서 얼굴 또는 건조한 피부 부위를 중심으로 부드럽게 펴 발라 줍니다. 메이크업 전에도 사용 가능하며, 메이크업 후에도 스틱을 피부에 부드럽게 접촉해, 광채 및 보습이 필요한 부위에 덧발라주면 촉촉하고, 은은한 물광 피부 표현이 가능합니다.",Skincare,cream
[7겹보습크림] 닥터자르트 세라마이딘 스킨 베리어 모이스처라이징 크림 50ml,37500,36개월(상품 발송 시 기준으로 사용기간 12개월 이상 제품을 발송),"아침, 저녁 크림단계에 바르고 손바닥의 체온으로 흡수시켜 줍니다.",Skincare,cream
[리쥬란 독자성분 PDRx]리쥬란 더마 힐러 모이스처 크림 60g,45000,제조일로부터 30개월,스킨케어 마지막 단계에서 크림 적당량을 덜어 피부 결을 따라 부드럽게 펴 발라줍니다.,Skincare,cream
시드물 마다가스카르 리얼 수분크림 80g,23800,제조년월일: 2022년 08월 18일(730일),적당량을 취해 피부에 고루 바르시고 흡수시켜줍니다.,Skincare,cream
에스티 로더 갈색병 아이 젤 크림 15ml,130000,대부분 사용기한 10개월 이상 남은 제품을 배송해드립니다.,"아침 저녁 세안 후, 눈가에 세 번 가볍게 찍어주세요. 약지로 눈 주위를 부드럽게 두들겨 주세요.",Skincare,cream
체이싱래빗 버니 라인 스무더 15ml (괄사아이크림),15000,제조일로부터 36개월 / 개봉 후 12개월,"1. 하단 버튼을 시계 반대 방향으로 돌려 잠금 장치를 해체하여 줍니다. 2. 하단 버튼을 1-2회 클릭하여 내용물 적당량을 취하고, 콧등, 눈가 및 입가 피부를 부드럽게 마사지해 줍니다.",Skincare,cream
체이싱래빗 그린 골든 룰러 크림 100ml (피부장벽 진정크림),17200,제조일로부터 36개월 / 개봉 후 12개월,본 품 적당량을 취해 피부 결을 따라 얼굴 안쪽에서 바깥쪽으로 고루 펴 바르고 가볍게 두드리며 흡수시켜 줍니다.,Skincare,cream
마녀공장 브이콜라겐 하트핏 멀티밤 10ml,17400,"제조일로부터 3년, 개봉 후 12개월",스킨케어 마지막 단계에서 보습이 필요한 부위를 따라 부드럽게 펴 발라 줍니다. 메이크업 후 덧발라주시면 광채 표현에 탁월합니다.,Skincare,cream
아누아 자작나무 70 수분 부스팅 크림 50ml,30000,제조 후 36개월 (개봉 후 12개월),"세안 후, 피부결을 정리한 후 선크림 전 단계에 적당량을 덜어 얼굴 전체에 도톰하게 펴 발라줍니다.",Skincare,cream
[5겹장벽크림] 파티온 노스카나인 트러블 크림 45ml,21500,"제조일로부터 36개월, 개봉 후 12개월 (2022년 10월 14일 이후 제조된 상품만을 취급)",크림 단계에서 피부에 골고루 펴 발라 가볍게 두드려 흡수시켜 줍니다.,Skincare,cream
이즈앤트리 어니언 뉴페어 겔크림 50ml,20900,개봉전 30개월/개봉후 12개월,스킨케어 마무리 단계에서 얼굴 전체에 가볍게 펴 발라 흡수시켜 줍니다.,Skincare,cream
[수분 /보습] 아벤느 이드랑스 아쿠아 크림-인-젤 EX 수분 크림 50ml,32000,"개봉전 3년, 개봉 후 1년이내 사용권장","아침,저녁 토너로 피부 결 정돈 후,적당량을 덜어 얼굴과 목 전체에 부드럽게 펴 바른 다음 가볍게 두드려 흡수시켜 줍니다.",Skincare,cream
코스톡 톡톡 수딩 아쿠아 크림 70ml,28000,별도 표기 / 개봉 후 12개월,세안 후 적당량을 취하여 얼굴에 골로루 펴 바른 후 손바닥으로 두르려 피부에 흡수시켜 줍니다.,Skincare,cream
[판매량 1억개 돌파] AHC 텐 레볼루션 리얼 아이크림 포 페이스 스페셜 퍼밍 세트,23000,개봉 전 : 3년 이내 / 개봉 후: 즉시 사용 권장,사용방법 1) 아이 스팟 트리트먼트 : 토너로 피부결 정돈 후 적당량을 덜어 눈가에 가볍게 톡톡 두드리며 흡수시켜줍니다. 2) 페이셜 토탈 트리트먼트 : 스킨케어 마지막 단계에서 충분한 양을 덜어내어 얼굴 전체에 고루 펴 발라 흡수시켜줍니다.,Skincare,cream
스킨앤랩 베리어덤 인텐시브 크림 50ml 기획 (+ 크림 30ml 증정),14950,"제조년월일로부터 3년, 개봉 후 12개월 이내","크림을 적당량 덜어 이마,볼,턱 순으로 발라주세요. 손바닥으로 피부 안쪽에서 바깥쪽으로 피부결을 따라 부드럽게 롤링해 주세요. 손바닥으로 한번 더 톡톡 두드리며 깊숙이 채워주세요",Skincare,cream
[NEW] 스킨푸드 로열허니 착한 수분 크림 100ml,12600,"제조일로부터 12개월, 개봉 후 6개월 이내 사용",스킨케어 마지막 단계에서 적당량을 덜어 펴 발라줍니다.,Skincare,cream
[화해1위] 샤이샤이샤이 바나나 컨실 아이크림 15g 더블 기획세트,37000,제조일로부터 30개월 / 개봉 후 12개월,스킨케어 마지막 단계에서 본 품을 적당량 취해 눈가에 부드럽게 펴 발라 흡수시켜줍니다.,Skincare,cream
[단독기획] 아이소이 모이스춰 닥터 장수진 수분크림 70ml 기획(+수분앰플 10ml),36000,제조일자로부터 3년 개봉 후 6개월 사용권장,"기초 스킨케어 후, 크림 사용 단계에서 적당량을 덜어 얼굴과 목에 부드럽게 흡수시켜 주세요.",Skincare,cream
디오디너리 멀티-펩타이드 아이 세럼 15ml,38000,개봉 후 6개월(제조연월 별도표기),아침저녁으로 소량을 눈가 피부에 발라주세요.,Skincare,cream
[도토리크림] 스킨푸드 도토리 모공 탄력 크림 70ml,32000,36개월,스킨케어 마지막 단계에서 적당량을 덜어 얼굴 전체에 부드럽게 펴 바르고 흡수시켜 줍니다.,Skincare,cream
[강력진정/산뜻보습] 닥터자르트 시카페어 인텐시브 수딩 리페어 젤 크림 50ml,50000,36개월(상품 발송 시 기준으로 사용기간 12개월 이상 제품을 발송),"1) 아침, 저녁으로  하루에  두  번  사용하세요. 2) 스킨케어의 마지막 단계에서 충분하게 발라주세요",Skincare,cream
비원츠 시카 콜라겐 괄사 리프팅 크림 50ml,38000,36개월(개봉 후 12개월),"튜브를 눌러 크림을 적당량 토출한 후, 얼굴 라인을 따라 부드럽게 롤링하며 펴 발라줍니다.",Skincare,cream
[EGF판테놀/장벽] 마일드랩 블루센텔라 더마 리페어크림 50ml,30000,제조일로부터 30개월 개봉후 12개월,"스킨케어 마지막 단계에서 크림을 적당량 취해, 피부결에 따라 부드럽게 펴 발라 줍니다.",Skincare,cream
에필로우 어성초 히알루시카 수분진정 크림 70ml,18900,제조일로부터 3년,본품 적당량을 취해 피부에 골고루 펴 바릅니다.,Skincare,cream
[한정기획/강력진정] 닥터자르트 시카페어 인텐시브 수딩 리페어 크림 기획(50ml+15ml*2ea),50000,36개월(상품 발송 시 기준으로 사용기간 12개월 이상 제품을 발송),1. 아침 저녁으로 하루에 두번 사용하세요 2. 스킨케어의 마지막 단계에서 충분하게 발라주세요.,Skincare,cream
[탄력강화] 프리메라 파워 모이스처라이징 크림 50ml,37500,개봉 후 12개월 이내 사용.,적당량을 취해 얼굴에 도포하여 줍니다.,Skincare,cream
가히 멀티밤 리필형 기획 (본품1개+리필1개),38500,"제조일로부터 36개월, 개봉 후 12개월","스킨케어 마지막 단계에서 얼굴 또는 건조한 피부 부위를 중심으로 부드럽게 펴 발라 줍니다. 메이크업 전에도 사용 가능하며, 메이크업 후에도 스틱을 피부에 부드럽게 접촉해, 광채 및 보습이 필요한 부위에 덧발라주면 촉촉하고, 은은한 물광 피부 표현이 가능합니다.",Skincare,cream
시모먼트 아이 리프팅 롤러 세럼 15ml,28000,제조일로부터36개월(개봉후12개월),"'펌핑 후 적당량의 내용물로 눈가, 입가 등 주름이 고민되는 부위를 롤러로 부드럽게 마사지하여 흡수시켜 줍니다.",Skincare,cream
[이동욱PICK]더마펌 수분보습 진정 크림 50ml+50ml 기획,27300,제조일로부터 36개월 (개봉 후 12 개월),"아침, 저녁 세안 후 손바닥이나 화장솜에 적당량 덜어 피부결에 따라 부드럽게 발라 줍니다.",Skincare,cream
휴캄 킨츠키 탄력 크림 70g,36000,개봉후 12개월 개봉 전 36개월,적당량을 손에 덜어 얼굴 전체에 골고루 펴 바른 후 흡수시켜 줍니다.,Skincare,cream
배드스킨 콜라겐 밤 하이리프팅 크림100ml,18900,제조일로부터 36개월 개봉 후 12개월,스킨케어 마지막 단계에서 적당량을 덜어 피부결에 따라 부드럽게 펴 바른 후 가볍게 두드려 흡수시켜 줍니다.,Skincare,cream
[수분광즉각톤업] 나인위시스 비건 화이트 톤업 크림 50ml,15800,제조일로부터 3년,기초 제품 사용 후 적당량을 얼굴과 목에 골고루 펴 발라줍니다. 필요에 따라 덧발라도 좋습니다.,Skincare,cream
닥터트웬티프로젝트 리프덤 오토 아이크림20ml,33600,제조일로부터36개월(개봉 후 12개월),1.캡을 제거한 튜브를 기기에 연결해 줍니다. 2.튜브를 적당히 눌러 아이크림을 짜내 줍니다. 3.진동 쿨링 팁에 손을 대면 진동기기가 자동으로 작동됩니다. 4.눈가 주변을 부드럽게 마사지하며 내용물을 흡수시켜 줍니다.,Skincare,cream
[흔적크림] 아이소이 BR 블레미쉬 케어 업 크림 35ml,30400,"제조일자로부터 3년, 개봉 후 6개월 사용권장","기초 스킨케어 후, 크림 사용 단계에서 적당량을 덜어 얼굴과 목에 부드럽게 흡수시켜주세요. 아이소이 잡티세럼과 함께 사용하시면 더욱 좋습니다.",Skincare,cream
디오디너리 내추럴 모이스처라이징 팩터스 + 베타 글루칸 100ml,20500,개봉 후 12개월(제조연월 별도표기),아침저녁으로 소량을 얼굴에 사용해주세요. 자극이 발생할 경우 사용을 중단하고 의사와 상의하시기 바랍니다. 손상되지 않은 피부에 지시된 대로만 사용하세요. 사용 전 패치 테스트를 권장합니다. 패치 테스팅 가이드 카드 또는 당사 웹사이트의 패치 테스트 상세 가이드를 참조하세요. 어린이의 손이 닿지 않는 곳에 보관합니다.,Skincare,cream
숨37 워터풀 마린 릴리프 젤 크림 50ml,87000,"개봉전 제조일로부터 36개월, 유통기한 개봉후 12개월",스킨케어 마지막 단계에서 적당량을 취해 얼굴 안쪽에서 바깥쪽으로 피부결을 따라 부드럽게 펴 발라 줍니다.,Skincare,cream
[PDRN기미크림/광노화케어 신소재] 리쥬란 바이옴 힐러 유스 포뮬러 크림 50ml,49000,제조일로부터 36개월 이내,"아침, 저녁 스킨케어 최종 단계에서 크림 적당량을 덜어 피부 결을 따라 부드럽게 펴 발라줍니다.",Skincare,cream
[가벼운 사용감] 피지오겔 DMT 하이드로 수딩 젤 크림 70ml,23500,제조일로부터 36개월.,적당량을 취하여 얼굴 피부에 마사지하듯 두드려 흡수시켜 줍니다.,Skincare,cream
에스티 로더 뉴트리셔스 멜팅 소프트 크림/마스크,101000,제조일로부터 36개월,"- 데일리 크림으로 사용 시: 아침과 저녁, 트리트먼트 로션과 세럼 다음 단계에서 바르세요. - 위클리 마스크로 사용 시: 피부 광채와 활력을 충전하고 싶다면, 넉넉한 양을 도포하여, 씻거나 닦아낼 필요가 없는 마스크로 사용하세요.",Skincare,cream
[멤버스마켓][가벼운 여름용] 피지오겔 DMT 하이드로 젤 수분크림 70ml+30ml 기획,14750,제조일로부터 36개월.,적당량을 취하여 얼굴 피부에 마사지하듯 두드려 흡수지켜 줍니다.,Skincare,cream
[트러블모공] 이니스프리 레티놀 시카 흔적 장벽 크림 50mL,24500,제조일로부터 36개월 / 개봉후 12개월 (상품 발송일 기준으로 사용 기한이 1년 이상 남은 상품만을 판매 합니다),크림 사용단계에서 적당량을 덜어 얼굴과 목에 부드럽게 펴 발라줍니다. 낮에 사용 시 선크림을 덧발라 주어 피부를 보호해 줍니다.,Skincare,cream
[보습장벽] 라운드랩 약콩 판테놀 크림 80ml 기획 (+약콩 크림 20ml),34000,"제조일로부터 36개월, 개봉 후 12개월 이내 사용",에센스 단계에서 적당량을 덜어 얼굴 전체에 부드럽게 흡수시켜 줍니다.,Skincare,cream
[탱글탄력] 블리브유 콜라겐 바운싱 탄력 크림 80ml,25000,"제조일로부터 30개월, 개봉 후 12개월",적당량을 덜어 얼굴 전체에 부드럽게 흡수시켜 줍니다.,Skincare,cream
[극강보습] 이지듀 베리어 리페어 보습케어 크림 105ml,32000,제조일로부터 36개월,기초 스킨케어 마지막 단계에서 적당한 양을 덜어 얼굴 전체에 펴 발라줍니다.,Skincare,cream
디마르3 시타듀 실드 크림 70g,34000,유통기한 : 912일 / 개봉후 12개월,시타 듀 1.6 버닝과 함께 연구된 제품으로 시타 듀 제품 사용 후 실드크림으로 마무리 해주시면 지성피부 정상화에 더욱 효과적입니다. 적당량을 도포 후 가볍게 마사지하여 흡수시켜 주세요,Skincare,cream
프리메라 오가니언스 씨드 펩타이드 크림 50ml,32200,"개봉 전 36개월, 개봉 후 12개월 이내 사용",적당량을 취해 얼굴과 목에 부드럽게 롤링하며 펴발라줍니다.,Skincare,cream
[보습장벽] 라운드랩 약콩 판테놀 크림 80ml 1+1 기획,32000,"제조일로부터 36개월, 개봉 후 12개월 이내 사용",스킨케어 마무리 단계에서 내용물을 적당히 덜어 피부에 수분막을 입히 듯 부드럽게 흡수시켜줍니다..,Skincare,cream
후시다인 후시드 크림 플러스 45g 2입 기획(45g+45g),25000,제조일로부터 36개월 (개봉 후 12개월),"세안 후 스킨 및 토너로 피부결을 정돈한 후, 스킨 케어의 마지막 단계에서 본 품 적당량을 취하여 가볍게 펴발라 피부에 흡수시켜 줍니다. 고민 부위는 한번 더 레이어드하여 사용하시면 더욱 좋습니다.",Skincare,cream
폴라초이스 클리니컬 0.3% 레티놀 + 2% 바쿠치올 트리트먼트 30ml,81900,개봉 전 24개월 / 개봉 후 6개월,"콩알 크기만큼 덜어 눈가와 입술을 피해 얼굴과 목에 바릅니다. 첫 사용 시, 최대 주 3회 사용을 권장하며 적응 후 매일 사용합니다. 아침에는 SPF 30 이상의 선크림으로 마무리하세요.",Skincare,cream
헤라 하이드로 리플렉팅 마이크로 크림 50ml,58100,"사용기한 36개월, 개봉 후 12개월 이내 사용","아침, 저녁 크림 단계에서 볼, 턱, 이마 등에 덜어놓고 얼굴 중앙에서 바깥쪽으로 부드럽게 펴 바릅니다.",Skincare,cream
어퓨 마데카소사이드 테트라좀시카 크림 120ml,16100,"제조일로부터 36개월, 개봉 후 12개월",크림 단계에서 적당량을 취하여 얼굴 전체에 부드럽게 펴 발라 흡수시켜 줍니다.,Skincare,cream
메디큐브 에이지알 비타 케이 흔적 크림 100ml,27300,"개봉전 36개월, 개봉후 12개월",본품 적당량을 취해 피부에 골고루 펴 바른다. TIP.라인 및 흔적 케어가 필요한 얼굴과 몸에 펴 발라준 후 부드럽게 마사지해 줍니다.,Skincare,cream
[수부지트러블엔] 한율 쑥시카 수분크림 기획 (55ml+25ml+시트팩1매),38000,"사용기한 36개월, 개봉후 12개월 이내 사용","스킨케어 마지막 단계에서 사용하며, 피부 결을 따라 얼굴 안쪽에서 바깥쪽으로 부드럽게 펴 바르면서 흡수시켜 주세요.",Skincare,cream
[핑크빛생기아이크림]눅스 프로디쥬스 부스트 아이 밤 젤 15ml,38700,제조일로부터 3년,눈가 고민 부위를 중심으로 가볍게 펴 발라줍니다.​,Skincare,cream
[생기부스팅크림] 눅스 프로디쥬스 부스트 글로우 부스팅 크림 40ml,49800,제조일로부터 3년,세럼 사용 후 적당량을 덜어 피부에 골고루 발라 흡수시켜주세요.​,Skincare,cream
[탄력보습] 이니스프리 콜라겐 세라마이드 탄력 장벽 크림 50ml,29250,제조일로부터 36개월 / 개봉후 12개월 (상품 발송일 기준으로 사용 기한이 1년 이상 남은 상품만을 판매 합니다),적당량을 덜어 얼굴과 목에 부드럽게 펴발라 줍니다. 뺨에서 턱으로 이어지는 중안부는 가볍게 덧발라 주면 좋습니다,Skincare,cream
[트러블모공] 이니스프리 레티놀 시카 흔적 장벽 크림 50ml 기획 (+15ml),24500,제조일로부터 36개월 / 개봉후 12개월 (상품 발송일 기준으로 사용 기한이 1년 이상 남은 상품만을 판매 합니다),크림 사용단계에서 적당량을 덜어 얼굴과 목에 부드럽게 펴 발라줍니다. 낮에 사용 시 선크림을 덧발라 주어 피부를 보호해 줍니다.,Skincare,cream
[탄력보습] 이니스프리 콜라겐 세라마이드 탄력 장벽 크림 50ml 기획 (+크림 15ml),29250,제조일로부터 36개월 / 개봉후 12개월 (상품 발송일 기준으로 사용 기한이 1년 이상 남은 상품만을 판매 합니다),스킨케어 마지막 크림단계에서 얼굴 피부 위에 넓게 펴 발라줍니다.,Skincare,cream
[판매량 1억개 돌파] AHC 텐 레볼루션 리얼 아이크림 포 페이스 35ml,23000,개봉 전 : 3년 이내 / 개봉 후: 즉시 사용 권장,· 아이 스팟 트리트먼트 : 토너로 피부결 정돈 후 적당량을 덜어 눈가에 가볍게 톡톡 두드리며 흡수시켜 줍니다. · 페이셜 토탈 트리트먼트 : 스킨케어 마지막 단계에서 충분한 양을 덜어내어 얼굴 전체에 고루 펴 발라 흡수시켜 줍니다.,Skincare,cream
[38% 여드름 개선] 로벡틴 시카케어 블레미쉬 클리어링 크림 50ml 리필기획 (+리필 40ml),29400,"개봉 전 3년, 개봉 후 1년 이내",- 전체 사용시: 민감해진 피부 전체에 보습 크림 대용으로 발라주세요. - 스팟 사용시: 특히 고민인 국소 부위에 도톰하게 얹듯이 발라주세요.,Skincare,cream
오휘 미라클 모이스처 세라마이드 부스팅 크림 50ml,54000,"개봉전 제조일로부터 36개월, 유통기한 개봉후 12개월",진주알 크기 정도를 덜어 얼굴 중심에서 부터 바깥쪽 방향으로 피부결을 따라 롤링하며 부드럽게 펴 발라줍니다.,Skincare,cream
[잡티케어] 디마르3 에트셀 멜라케어 크렘 65ml,58300,제조일로부터 3년,"아침, 저녁 세안 후 토너 처리 후 얼굴과 목에 펴 발라 주세요. 진한 촉촉함이 필요할 땐 손바닥에 덜어 여러 번 덧발라 주어도 좋습니다.",Skincare,cream
[모공 감소] 디마르3 시그니처 실트 벨 크렘 2.7 50ml,38400,제조일로부터 3년,"토너 사용 후 충분히 펴 발라줍니다. 그 후, 자외선 차단제/메이크업 제품을 바를 수도 있습니다. 피부가 매우 건조할 경우 크림 전 단계에서 앰플을 사용해도 좋습니다.",Skincare,cream
후시다인 더마 트러블 밸런싱 크림 50ml,35000,36개월,적당량을 손에 덜어 얼굴 전체에 골고루 펴발라 흡수시켜 줍니다.,Skincare,cream
시모먼트 브이 리프팅 롤러 크림 150ml (교체형),28600,개봉 전 30개월 / 개봉 후 12개월 이내 (제품별도 표기),1) 캡을 좌우로 돌려 본 품을 짜면 크림이 롤러 중앙에서 나옵니다. 2) 턱 라인에 따라 적당량을 덜어 롤러로 부드럽게 마사지하여 흡수시켜줍니다.,Skincare,cream
MAC 하이퍼 리얼 스킨캔버스 밤,86000,제조일로부터 36개월,적당량을 덜어 손가락이나 하이퍼 리얼 001 모이스처라이저 브러시를 사용하여 얼굴에 부드럽게 발라 줍니다.,Skincare,cream
[모공/수분] 메디필 히알루론산 레이어 물톡스 크림 50g 더블 기획,28800,제조일로부터 30개월 / 개봉 후 12개월,스킨 케어 마지막 단계에 적당량을 덜어 피부 결을 따라 부드럽게 펴 발라 흡수시켜 줍니다.,Skincare,cream
SNP 골드 콜라겐 엑스퍼트 크림 50ml,24000,제조일로부터 3년(개봉후1년),적당량을 덜어 얼굴 전체에 부드럽게 펴 발라 흡수시켜 줍니다.,Skincare,cream
몰바니 볼륨 인크리징 프로틴 크림 100ml,25200,제조일로부터 36개월,앰플 사용 후 본 품 적당량을 덜어 피부결을 따라 얼굴 전체에 부드럽게 펴 발라 흡수시켜 줍니다.,Skincare,cream
[수분광채/깐달걀 크림] 로벡틴 아쿠아 히알루로닉 수딩 크림 60ml,28800,개봉 후 1년 이내,스킨케어 마지막단계에 건조하고 민감한 피부 위에 적당량을 덜어 부드럽게 펴 발라 사용합니다,Skincare,cream
어바웃미 숲 진정 수분크림 80ml 기획 (+10ml),30000,"제조일로부터 36개월, 개봉후 12개월",스킨케어 마무리 단계에서 적당량을 덜어 피부결을 따라 부드럽게 펴 바른 후 손바닥으로 지긋이 누르며 흡수시켜 줍니다. ※사용전에 반드시 사용법 및 사용시의 주의사항을 숙지 하신 후 사용하십시오,Skincare,cream
오가나셀 펩타이드 리커버리 크림 50ml,51000,제조일로부터 36개월,본품 적당량을 취해 피부에 골고루 펴 바릅니다.,Skincare,cream
닥터멜락신 아쿠아 이온 플라즈마 수분 크림 50ml,13210,제조일로부터 36개월,본 품 적당량을 취해 피부에 골고루 펴 바른다.,Skincare,cream
닥터멜락신 비피 포어 베리어 크림 50g,14900,제조일로부터 36개월,본 품 적당량을 취해 피부에 골고루 펴 바른다.,Skincare,cream
라네즈 워터뱅크 인텐시브 크림 45ml,29000,"제조일로부터 36개월, 개봉 후 12개월 이내 사용","'세럼 혹은 아이크림을 바른 다음 단계에서 사용해줍니다. 내장된 전용 스파츌러를 사용해 내용물을 적당량 취해 줍니다. 피부결을 따라 얼굴 안쪽에서 바깥쪽으로 부드럽게 펴바른 후, 양손바닥 으로 두볼, 이마와 턱을 차례대로 가볍게 눌러 흡수 후 마무리합니다.",Skincare,cream
[초장벽보습]비레디 시카페인 트러블리셋 크림 70ml,27900,"개봉전 36개월, 개봉후 12개월 이내 사용",적당량을 손에 덜어 피부에 도포하여 흡수시키며 발라줍니다.,Skincare,cream
플라스킨 오트밀 리페어 단백질 크림 80ml,21000,제조 후 사용 기한 36개월 (개봉 후 12개월),"아침, 저녁 기초케어 마지막 단계에서 얼굴에 부드럽게 펴 바르고 가볍게 두드려 준 뒤 두손으로 감싸듯 흡수시켜 줍니다.",Skincare,cream
[민감/진정크림]아벤느 똘레랑스 하이드레이팅 플루이드 40ml,35000,"개봉전 3년, 개봉 후 1년이내 사용권장","적당량 펌핑하여 피부에 골고루 펴바른 후 가볍게 두드리듯 흡수시켜줍니다. 특히 진정이 필요한 부위, 건조하고 민감한 부위에 덧바르면 좋습니다.",Skincare,cream
닥터하우쉬카 로즈 데이 크림 오리지널 30ml,46800,제조일로부터 24개월,적당량을 피부에 도포하여 부드럽게 펴 발라 흡수시켜 줍니다.,Skincare,cream
닥터하우쉬카 로즈 데이 크림 라이트 30ml,46800,제조일로부터 24개월,적당량을 피부에 도포하여 부드럽게 펴 발라 흡수시켜 줍니다.,Skincare,cream
[수딩진정] 넘버즈인 1번 판토텐산 액티브 수딩크림 80ml 기획 (+패드 6매),30000,제조일로부터 36개월 / 개봉 후 12개월 이내 사용,"아침, 저녁 기초케어 마지막 단계에서 얼굴에 부드럽게 펴 바르고 가볍게 두드려 준 뒤 두손으로 감싸듯 흡수시켜 줍니다.",Skincare,cream
[10분진정] 이지듀 베리어 리페어 보습케어 크림 50ml,34000,제조일로부터 36개월,기초 스킨케어 마지막 단계에서 적당한 양을 덜어 얼굴 전체에 펴 발라줍니다.,Skincare,cream
[미백잡티특허/임상증명] 성분에디터 머루포도 비타 C 잡티크림 50g,19120,제조일로부터 36개월,본품 적당량을 취해 피부에 골고루 펴 바른다.,Skincare,cream
잇츠스킨 파워 10 포뮬라 엘아이 크림 감초줄렌 75ml,17500,제조일로부터 36개월 / 개봉 후 12개월,적당량을 덜어 피부 결에 따라 부드럽게 펴 바르고 가볍게 두드리며 흡수시켜 줍니다.,Skincare,cream
[손상/장벽 리페어] 아벤느 시칼파트 플러스 SOS 리페어 크림 100ml 기획 (+40ml),40000,"개봉전 3년, 개봉 후 1년이내 사용권장","1) 데일리 케어: #빠른손상***진정 외부 자극으로 거칠고 건조한 피부에 얇게 펴발라 주세요. 2) 인텐스 케어: #트러블****집중관리 트러블****부위에 발라 성난 피부를 진정시켜 주세요. 3) 스페셜 케어: #나이트케어수면팩 피부에 특별한 케어가 필요할 때 얇게 여러겹 펴발라 수면팩으로 활용해 보세요.   """,Skincare,cream
[화잘먹 결크림] 마몽드 플로라 글로우 로즈 스무딩 크림 50ml,25900,제조후 36개월 / 개봉후 12개월,"아침과 저녁, 크림 사용 단계에서 적당량을 덜어 피부결을 따라 부드럽게 펴 바릅니다.",Skincare,cream
리얼베리어 익스트림 크림 65ml 기획 (+25ml),38500,"개봉 전 제조일로부터 36개월간, 개봉 후에는 12개월 이내",적당량을 덜어 피부결을 따라 얼굴 전체에 부드럽게 펴 바르고 체온으로 감싸 흡수시켜 줍니다.,Skincare,cream
로우퀘스트 에키네시아 카밍 모이스처 젤 크림 50ml,23900,"사용기한 미개봉 상태에서 제조일로부터 3년, 개봉 후 1년",앰플 사용 후 본품 적당량을 덜어 피부결을 따라 얼굴 전체에 부드럽게 펴 발라 흡수시켜 줍니다.,Skincare,cream
[진정보습/장벽케어] 톡스앤필 판테놀 밤30ml,39000,제조일로부터 1095일,적당량을 고민 부위에 부드럽게 펴 바릅니다.,Skincare,cream
[에이든팍 PICK] 다슈 보이 파란 수분초 수분크림 150ml 기획 (+수분크림 50ml),23000,■ 유통기한: 제조일로부터 3년.,기초 마지막 단계에서 적당량 덜어 바르고 가볍게 두드려 흡수시켜줍니다.,Skincare,cream
[미백/잡티] 라운드랩 비타 나이아신 잡티크림 50ml,30000,"제조일로부터 36개월, 개봉 후 12개월",내용물을 적당량 덜어 피부에 부드럽게 펴 발라 흡수시켜줍니다.,Skincare,cream
설화수 탄력크림EX (50ml/75ml 기획),114750,"제조일로부터 36개월, 개봉 후 12개월",제품을 적당량을 덜어 피부에 골고루 펴 바른 후 톡톡 두들겨 흡수시켜 줍니다.,Skincare,cream
더후 로얄레지나 에너제틱 리차징 크림50ml,85000,"개봉전 제조일로부터 36개월, 유통기한 개봉후 12개월","스킨케어 마지막 단계에서 얼굴 피부결을 따라 부드럽게 펴 발라주고, 가볍게 두드리듯 흡수시켜 마무리해줍니다.",Skincare,cream
더후 공진향 탄력 크림 50ml,140400,"개봉전 제조일로부터 36개월, 유통기한 개봉후 12개월",기초 케어 마지막 단계에서 적당량을 취해 얼굴 중앙에서 바깥쪽으로 부드럽게 펴 바릅니다. 얼굴과 목 부분부분마다 아래에서 위로 당겨주듯 펴 바른 후 따듯한 손의 열기로 얼굴과 목을 깊숙이 흡수시켜 마무리 합니다.,Skincare,cream
[미백/단독기획]AHC 프로샷 글루타 브라이트 아이크림 포페이스 30ml기획 (+세럼10ml),29000,개봉 전: 3년 이내 (개봉 후: 즉시 사용 권장),"[페이셜 토탈 케어] - 눈가, 얼굴 전체, 목에 손이나 어플리케이터로 펴 바르며 흡수시켜준 뒤, 원을 그리며 마사지해 줍니다. 매일 아침, 저녁으로 사용해 주세요. [시너지 트리트먼트 케어] - 인트라 세럼을 먼저 바르고 아이크림 포 페이스를 레이어링하면 더욱 시너지 효과를 느끼실 수 있습니다.",Skincare,cream
구달 흑당근 비타A 레티놀 탄력 아이크림 30ml,21000,"개봉전 : 36개월 ,개봉후 : 6개월","눈가, 미간, 이마, 팔자 등 주름 개선과 탄력 케어가 필요한 부위에 펴 바른 후 가볍게 두드려 흡수시켜 줍니다.",Skincare,cream
원진이펙트 콜라겐 물방울 수분 크림 100g,17900,제조일로부터 36개월 / 개봉 후 12개월,스킨케어 마지막 단계에서 적당량을 덜어 얼굴에 골고루 펴 발라주고 가볍게 두드려 흡수시켜 줍니다.,Skincare,cream
이즈앤트리 하이퍼 비타민 C 30 크림 20ml,17900,제조일 기준 30개월,스킨케어 마지막 단계에서 적당량을 덜어 얼굴 전체 혹은 미백 관리가 필요한 부위에 펴 발라 줍니다. * 낮에 사용하실 경우 자외선 차단제를 함께 바르시길 바랍니다.,Skincare,cream
디오디너리 내추럴 모이스처라이징 팩터스 + 피토세라마이즈 30ml,14700,개봉 후 12개월(제조연월 별도표기),아침저녁으로 소량을 얼굴에 사용해주세요. 자극이 발생할 경우 사용을 중단하고 의사와 상의하시기 바랍니다. 손상되지 않은 피부에 지시된 대로만 사용하세요. 사용 전 패치 테스트를 권장합니다. 패치 테스팅 가이드 카드 또는 당사 웹사이트의 패치 테스트 상세 가이드를 참조하세요. 어린이의 손이 닿지 않는 곳에 보관합니다.,Skincare,cream
디오디너리 내추럴 모이스처라이징 팩터스 + 베타 글루칸 30ml,8800,개봉 후 12개월(제조연월 별도표기),아침저녁으로 소량을 얼굴에 사용해주세요. 자극이 발생할 경우 사용을 중단하고 의사와 상의하시기 바랍니다. 손상되지 않은 피부에 지시된 대로만 사용하세요. 사용 전 패치 테스트를 권장합니다. 패치 테스팅 가이드 카드 또는 당사 웹사이트의 패치 테스트 상세 가이드를 참조하세요. 어린이의 손이 닿지 않는 곳에 보관합니다.,Skincare,cream
메디큐브 제로 모공 원데이 크림 50ml,39900,"개봉전 24개월, 개봉후 12개월",스킨케어 마지막 단계 혹은 제로 모공 원데이 세럼 사용 후 본품 적당량을 덜어 피부 결을 따라 부드럽게 펴 발라 두드리듯 흡수시켜 줍니다.,Skincare,cream
[초장벽보습]비레디 시카페인 트러블리셋 크림 70ml 기획 (+크림20ml + 세럼15ml),27900,"개봉전 36개월, 개봉후 12개월 이내 사용",적당량을 손에 덜어 피부에 도포하여 흡수시키며 발라줍니다.,Skincare,cream
[트러블부위 진정케어] 피캄 센텔라 트러블 스팟 15ml,24800,"제조일로부터 36개월, 개봉 후 12개월",관리가 필요한 스팟 부위에 소량을 사용해 발라줍니다.,Skincare,cream
후시다인 더마 트러블 에이씨 카밍 스팟 젤,14400,36개월,스킨케어 마지막 단계에서 고민부위에 얇게 펴 바른 후 건조시켜줍니다.,Skincare,cream
라네즈 워터뱅크 젤 크림 45ml,29000,상품 발송일 기준으로 사용 기한이 12개월 이상 남은 상품만을 판매합니다.,"1) 세럼 혹은 아이크림을 바른 다음 단계에서 사용해줍니다. 2) 내장된 전용 스파츌러를 사용해 내용물을 적당량 취해줍니다. 3) 피부결을 따라 얼굴 안쪽에서 바깥쪽으로 부드럽게 펴바른 후, 양 손바닥으로 두 볼, 이마와 턱을 차례대로 가볍게 눌러 흡수 후 마무리합니다.",Skincare,cream
파파레서피 블레미쉬 크림 100ml,28500,"제조일로부터 30개월, 개봉 후 12개월",적당량을 덜어 피부에 펴 바르고 흡수시켜 줍니다.,Skincare,cream
[NEW]수려한 효비담 수분샘크림 75ml 기획 (+25ml*2ea),37100,"개봉전 제조일로부터 36개월, 유통기한 개봉후 12개월","기초 스킨케어 마지막 단계에서 적당량을 취해 얼굴 전체에 고루 펴 바른 다음, 양 손으로 얼굴을 가볍게 당겨 올리듯 감싸며 흡수시킵니다. 붉게 달아 오른 피부에는 도폼하게 펴바른 다음 10~15분 후 가볍게 두드리면서 흡수시켜 수분 마스크로 활용할 수 있습니다.",Skincare,cream
[대용량진정보습] 에딧비 진정 톡 시카 어성초 크림 100ml,16800,"발송일로부터 최대 36개월 이내 제조 된 제품으로 발송, 개봉 후 12개월",스킨케어 마지막 단계에 적당량을 덜어 피부 결을 따라 부드럽게 펴 발라줍니다.,Skincare,cream
아누아 어성초 70 수딩 크림 50ml,21000,36개월 / 개봉후 12개월,스킨케어 마지막 단계에서 적당량을 덜어 피부에 골고루 펴 발라줍니다.,Skincare,cream
[1등수분크림/420ml특대용량] 비욘드 엔젤아쿠아 수분진정크림(150mlX2+120ml)(비건),35000,"개봉전 제조일로부터 36개월, 유통기한 개봉후 12개월",스킨케어 마지막 단게에서 적당량을 덜어내어 피부에 수분막을 입히듯 부드럽게 펴 발라 흡수시켜 줍니다.,Skincare,cream
[손상/흔적 리페어] 아벤느 시칼파트+ 블레미쉬 크림 40ml,26000,"개봉전 3년, 개봉 후 1년이내 사용권장","아침 저녁 세안 후, 적당량을 덜어 손상된 피부에 부드럽게 펴 발라 주세요.",Skincare,cream
불독 센시티브 모이스처라이저 100ml,32000,제조일로부터 3년,"아침과 저녁, 세안 후 얼굴과 목에 고르게 바르세요.",Skincare,cream
우노 크림 퍼펙션 90g,21000,제조일로부터 3년 이내 상품을 발송합니다. (제조일로부터 36개월 이내 사용가능),적당량을 손에 덜어 얼굴 전체에 펴 발라주고 가볍게 두드려 흡수시켜 줍니다.,Skincare,cream
[리프팅]아벤느 HAB3 탄력 액티브 안티에이징 크림 50ml,39900,"개봉전 3년, 개봉 후 1년이내 사용권장",스킨케어 단계에서 소량을 덜어 얇게 레이어링하듯 발라줍니다.,Skincare,cream
[한정기획] 피지오겔 DMT 페이셜 수분크림 150ml+리젠크림 2ml 3개입 기획,47500,제조일로부터 36개월..,적당량을 취하여 얼굴과 몸의 건조한 부위에 마사지 하듯 두드려 흡수시켜 줍니다.,Skincare,cream
클레어스 미드나잇 블루 카밍 크림 60g,24900,"개봉 전 36개월, 개봉 후 12개월",스킨케어 마지막 단계에서 자극이 느껴지거나 민감한 부위에 소량을 가볍게 펴서 두드려 흡수시켜 줍니다.,Skincare,cream
[리뷰이벤트/지요미PICK] 클리어디어 미나리 딥 쿨 수딩 크림 30ml,23200,제조일로부터 36개월,"아침 저녁 토너로 피부 결 정돈 후, 미나리 진정 젤 세럼 다음 단계에서 적당량을 취해 피부에 골고루 발라줍니다. 피부 컨디션 및 타입에 따라 2-3번 레이어링 해주셔도 좋습니다. 늘어진 모공과 열이 오른 피부에 즉각 쿨링 진정이 필요할 때 얼굴, 몸 피부 상관없이 수시로 덧발라 줍니다. Tip ! 메이크업 전 프라이밍 모이스처라이저로도 활용해보세요.",Skincare,cream
제로이드 더마뉴얼 리페어 크림 15ml,15000,"개봉 전 제조일로부터 36개월간,  개봉 후에는 12개월 이내",1일중 수회 적당량을 취해 필요한 부위에 골고루 펴 바릅니다. (Tip : 외부 요인으로 일시적으로 피부가 건조해졌을 때에는 충분한 보습을 위해 보습제를 수시로 덧발라주는 것이 좋습니다.),Skincare,cream
피토메르 이드라 오리지널 멜팅크림 30ml,36660,"개봉 전 36개월, 개봉 후 12개월 이내 사용","아침, 저녁 세럼 후 적당량을 얼굴 전체에 도포합니다.",Skincare,cream
피토메르 이드라 오리지널 멜팅크림 50ml,74260,"개봉 전 36개월, 개봉 후 12개월 이내 사용","아침, 저녁 세럼 후 적당량을 얼굴 전체에 도포합니다.",Skincare,cream
[올인원보습케어] 달바 맨즈 밸런싱 워터 크림 50ml,36800,"제조일로부터 36개월, 개봉 후 12개월 이내",적당량을 덜어 피부결에 따라 부드럽게 펴 바른 후 흡수시켜 줍니다.,Skincare,cream
[피지캐는크림] 라돌프 퓨어파지 크림 알엑스 80g,39000,제조일로부터 36개월 / 개봉 후 12개월,"아침, 저녁 세안 후 스킨케어 마지막 단계에서 적당량을 취하여 얼굴 전체에 펴 발라줍니다.",Skincare,cream
에스트라 리제덤365 레티노이드 아이세럼 15ml,29700,36개월 (개봉 후 1년),고민이 있는 눈가 피부에 적당량을 콕콕 짜준 후 부드럽게 롤링하며 흡수시켜 줍니다.,Skincare,cream
넘버즈인 5번 글루타치온씨 흔적 토닝 레이저 크림 50ml,30000,제조일로부터 36개월 / 개봉 후 12개월 이내 사용,"아침, 저녁 기초케어 마지막 단계에서 얼굴에 부드럽게 펴 바르고 가볍게 두드려 준 뒤 두손으로 감싸듯 흡수시켜 줍니다.",Skincare,cream
더페이스샵 올티밋 판테놀 2.5% 크림 50ml,18000,제조일로부터 36개월/ 개봉 후 12개월,스킨케어 마지막 단계에서 적당량을 덜어 피부결에 따라 부드럽게 펴발라 줍니다.,Skincare,cream
더페이스샵 올티밋 히알루로닉 스쿠알란 1% 크림 50ml,18000,제조일로부터 36개월/ 개봉 후 12개월,스킨케어 마지막 단계에서 적당량을 덜어 피부결에 따라 부드럽게 펴발라 줍니다.,Skincare,cream
[원우PICK] 더페이스샵 올티밋 비건 뮤신 펩타이드8 크림 50ml,19000,제조일로부터 36개월/ 개봉 후 12개월,스킨케어 마지막 단계에서 적당량을 덜어 피부결에 따라 부드럽게 펴발라 줍니다.,Skincare,cream
파티온 노스카나인 트러블 흔적 리페어 크림 50ml 기획 (+5ml),35000,"제조일로부터 36개월, 개봉 후 12개월 (2024년 8월 이후 제조된 상품만을 취급)",크림 단계에서 피부에 골고루 펴 발라 가볍게 두드려 흡수시켜 줍니다.,Skincare,cream
[슬로우에이징/탄력크림] 닥터자르트 프리쥬비네이션 퍼밍 바쿠치올 크림 50ml,50400,36개월(상품 발송 시 기준으로 사용기간 12개월 이상 제품을 발송),세럼과 크림을 순서대로 흡수시켜준 뒤 볼 라인과 관자놀이를 부드럽게 풀면서 마사지 해주세요,Skincare,cream
[김지영 PICK] NDP 시카 바이오 플라센타 수분진정 크림 50ml,36900,개봉 전 36개월/ 개봉 후 6개월,본품 적당량을 취해 피부에 골고루 펴 발라 흡수시켜 줍니다.,Skincare,cream
[200시간크림] 딕셔니스트 아미노산 크림 50ml,38000,개봉 후 12개월,크림 사용 단계에서 적당량을 취해 얼굴과 목에 부드럽게 펴 발라 흡수시켜 줍니다.,Skincare,cream
[기미잡티 크림]LBB 골드렐라 펩타이드 28 안티 멜라닌 마스크 크림 100ml,49000,제조일로부터 36개월 / 개봉 후 바로 사용 권장,"세안 후, 피부에 적당량을 도포해 가볍게 마사지하며 흡수시켜줍니다.",Skincare,cream
[눈밑/주름케어] 센텔리안24 링클셀 코어 아이크림 알엑스 30ml 기획 (+10ml),39000,"제조일로부터 30개월, 개봉 후 12개월",눈가 부위에 적당량을 덜어 부드럽게 펴 발라 흡수시켜 줍니다.,Skincare,cream
[탄력광채]비원츠 시카콜라겐 리프팅 크림 50ml 기획(+라비토끼 스마트톡),38000,36개월(개봉 후 12개월),"튜브를 눌러 크림을 적당량 토출한 후 , 고민부위(얼굴/넥라인/승모근라인)를 따라 부드럽게 롤링하며 펴 발라줍니다.",Skincare,cream
[1+1/모공 수분천재크림] 에스네이처 아쿠아 스쿠알란 수분크림 60ml 더블기획 (+카밍패드 2매+스티커),43000,제조일로부터 36개월,적당량을 덜어 피부에 골고루 펴발라 흡수시켜 줍니다 더욱 깊은 보습을 원하시면 취침 전 수면팩하듯 듬뿍 발라줍니다. 메이크업 전에 발라주면 화장이 더욱 잘 먹는 화잘먹 수분광 피부를 연출할 수 있습니다.,Skincare,cream
[장벽+탄력강화] 메디톡스 뉴라덤 더마크림 MD 100g,28000,제조일로부터 36개월(개봉후 12개월 이내 사용),적당량을 덜어 피부 안쪽부터 바깥쪽으로 부드럽게 펴 발라 흡수 시켜줍니다.,Skincare,cream
[피부장벽강화크림] 더하르나이 시카이드 밤 100ml기획(+앰플5ml*3p+크림5ml*2p),23200,제조일로부터 36개월 /개봉 후 6개월 이내 사용 권장,기초 손질 마지막 단계에서 얼굴과 목 등 보습이 필요한 피부에 부드럽게 펴발라 줍니다.,Skincare,cream
차앤박 더마앤서 배리어 리셋 크림 80ml 더블기획 (80ml+80ml),56900,제조일로부터 36개월 / 개봉 후 12개월,스킨케어 마무리 단계에서 적당량을 취해 얼굴에 부드럽게 펴 발라 줍니다.,Skincare,cream
피지오겔 DMT 리제너러티브 크림 50ml,12800,36개월 (개봉후 12개월),본 품 적당량을 취해 피부에 골고루 펴바릅니다.,Skincare,cream
빌리프 아쿠아 밤 아이젤 15ml,25200,"개봉전 제조일로부터 36개월, 유통기한 개봉후 12개월",적당량을 눈가에 펌핑한 후 세라믹팁을 이용해 눈가를 부드럽게 마사지해주세요,Skincare,cream
[100시간보습] 비플레인 시카테롤 캡슐 베리어 크림 50ml,32000,제조일로부터 30개월,"토너와 앰플 사용 후 아침, 저녁 1일 2회 적당량을 취해 피부에 골고루 펴 바릅니다.",Skincare,cream
파이코어 디퍼런씨 블루바이옴 리페어 수딩크림 50ml,35000,36개월 / 개봉 후 12개월,적당량의 내용물을 피부 위에 도포한 뒤 마사지하듯 부드럽게 흡수시켜 주세요.,Skincare,cream
파이코어 디퍼런씨 블루바이옴 리페어 멜팅크림 40ml,27000,36개월 / 개봉 후 12개월,적당량의 내용물을 피부 위에 도포한 뒤 마사지하듯 부드럽게 흡수시켜 주세요.,Skincare,cream
[NEW/올영단독] 스킨푸드 캐롯 카로틴 릴리프 크림 기획(70ml+30ml),32000,제조연월 : 발송일로부터 1년이내 제조 / 사용기한 : 제조일로부터 36개월,스킨케어 마지막 단계에서 적당량을 덜어 얼굴 전체에 부드럽게 펴 바르고 흡수시켜 줍니다.,Skincare,cream
[흔적케어크림] 더마펌 수딩 리페어 토닝 크림 R4 50ml 기획 (+30ml),39000,제조일로부터 36개월,적당량을 덜어 얼굴 전체에 골고루 펴 바른 뒤 가볍게 두드려 줍니다.,Skincare,cream
더마라인 디렉소 바이오 액티빙 PDRN 크림 100g,44100,제조일로부터 36개월,"아침 저녁 세안 후 토너, 에멀전 다음 단계에 적당량을 덜어 피부에 발라주세요. 기초 마무리 단계에서 크림에 오일을 1~2방울 섞어 사용하면 촉촉함이 더욱 오래갑니다.",Skincare,cream
[만능 시카밤] 프라나롬 시카롬 리페어 밤 40ml,31000,제조일로부터 60일,피부를 깨끗이 씻은 후 시카롬을 발라 흡수 시켜주세요. 붉어지고 예민해진 모든 부위에 사용할 수 있습니다.,Skincare,cream
키엘 칼렌듈라 세럼-인퓨즈드 워터 크림 50ml,64800,배송되는 제품은 사용기한이 12개월 이상 남아있는 제품부터 순차적으로 배송됩니다.,"세안 후 토너로 피부결을 정돈한 뒤, 얼굴과 목에 펴 발라주세요. 데이와 나이트 모두 사용이 가능합니다.",Skincare,cream
키엘 울트라 훼이셜 크림 28ml,25500,배송되는 제품은 사용기한이 12개월 이상 남아있는 제품부터 순차적으로 배송됩니다.,"아침, 저녁 에센스 단계 후 적당량을 얼굴과 목에 펴 발라주세요.",Skincare,cream
키엘 울트라 훼이셜 오일-프리 젤 크림 50ml,49000,배송되는 제품은 사용기한이 12개월 이상 남아있는 제품부터 순차적으로 배송됩니다.,"아침, 저녁 에센스 사용 후 얼굴과 목에 펴 발라주세요.",Skincare,cream
케어놀로지 리블루 울트라 리페어 크림 50ml,41650,제조일로부터 36개월 (개봉 후 12개월),스킨케어 마지막 단계에서 적당량을 취해 피부에 골고루 펴 발라줍니다.,Skincare,cream
[세븐틴 승관PICK] 그린핑거 포레스트 피톤 수분시카 크림 50ml,27000,사용기한 30개월,본품 적당량을 취해 피부에 골고루 펴 바른다.,Skincare,cream
키엘 파워풀 스트렝스 라인 리듀싱 다크서클 디미니싱 비타민C 아이세럼 15ml,84600,배송되는 제품은 사용기한이 12개월 이상 남아있는 제품부터 순차적으로 배송됩니다.,"매일 아침저녁, 에센스 사용 전 단계에서 손가락에 적당량을 덜어 눈가 주위를 두드리며 흡수 시켜 주세요.",Skincare,cream
[NEW/10층탄력] 라운드랩 동백 딥 콜라겐 탄력 크림 50ml 기획 (+10ml),38000,"제조일로부터 36개월, 개봉 후 12개월 이내 사용",내용물을 적당량 덜어 피부에 보습막을 입히듯 부드럽게 흡수시켜 줍니다.,Skincare,cream
톰 이센셜리 에픽 레디언트 크림 50g,89000,제조일로부터 36개월,1. 본품 적당량을 취해 피부에 골고루 펴 바른다.,Skincare,cream
[7겹보습크림]닥터자르트 세라마이딘 스킨 베리어 모이스처라이징 아이크림 15ml,45000,36개월(상품 발송 시 기준으로 사용기간 12개월 이상 제품을 발송),"아침, 저녁 스킨케어 마지막 단계에서 피부 눈가 주변에 적당량을 덜어내어 약지로 가볍게 톡톡 두드리며 흡수시켜 줍니다. Tip. 눈가 건조함이 느껴질 때마다 부담 없이 적당량을 덧발라주세요.",Skincare,cream
휩드 머그트리 비건 카밍 수플레 크림 50g,28900,개봉 전 제조일로부터 24개월 / 개봉 후 12개월,"피부에 적당량 덜어 발라주세요. 톡톡 터지는 진정 캡슐은 자극으로 예민해진 피부 장벽 진정에 도움을 줍니다. 시럽 앰플과 함께 적당량을 섞어 바르면, 손상 피부 장벽 개선에 도움을 줍니다.",Skincare,cream
[고현정 PICK] 코이 플로우 리프팅 랩핑 크림 50ml 기획 (+미니 크림 10ml 2ea),51300,제조 일자로부터 3년,크림단계에서 스패출러로 적당량을 덜어 얼굴에 골고루 펴 바른 후 충분히 흡수시켜줍니다.,Skincare,cream
앰플엔 히알루론샷 수분 크림 60ml,15900,제조일로부터 36개월,"아침, 저녁 스킨케어 마지막 단계에 적당량을 덜어 얼굴 전체에 두드리듯 펴 바릅니다.",Skincare,cream
[속수분크림/리필] 라운드랩 자작나무 수분 크림 50ml 리필팩,17900,"제조일로부터 36개월, 개봉 후 12개월","세안 후 적당량을 덜어 화장솜에 충분히 적신 뒤, 피부결을 따라 부드럽게 닦아내어 피부를 정돈시켜줍니다.",Skincare,cream
그라운드플랜 크림 50ml,45000,제조일로부터 36개월,"""아침과 저녁, 피부 결 방향으로 마사지하듯 얼굴과 목에 흡수시켜 줍니다. 1) 피부 보습막 피부 건조함이 느껴지는 부위에 피부 결을 따라 여러 번 레이어링 한 후 흡수시켜 보습막을 형성하여 줍니다. 2) 크림 + 자외선 차단제 크림을 충분히 흡수시킨 후 자외선 차단제를 발라주어 자외선이나 열로 인한 피부 건조를 방지하여 줍니다. 3) 크림 + 파운데이션 (파데4 : 크림1) 촉촉한 베이스 메이크업을 원한다면 파운데이션에 크림을 4:1로 섞어 사용하여 줍니다. """,Skincare,cream
[진정/즉각수분] 더말로지카 듀얼 히알루론산 캄 워터 젤 크림 50ml,59900,별도 표기 / 개봉 후 12개월,"기초 스킨케어 후, 적당량을 덜어 얼굴과 목에 부드럽게 흡수시켜줍니다.",Skincare,cream
이지듀 멜라 글루타치온 크림 50ml,34000,제조일로부터 36개월,"1. 아침, 저녁 기초 마지막 단계에서 적당량을 덜어 얼굴 전체에 도포해 줍니다. 2. 피부 안쪽에서 바깥쪽으로 골고루 펴 발라 흡수시켜 줍니다.",Skincare,cream
[7겹보습크림/한정기획] 닥터자르트 세라마이딘 스킨 베리어 모이스처라이징 아이크림 15ml 기획,36000,36개월(상품 발송 시 기준으로 사용기간 12개월 이상 제품을 발송),"아침, 저녁 스킨케어 마지막 단계에서 피부 눈가 주변에 적당량을 덜어내어 약지로 가볍게 톡톡 두드리며 흡수시켜 줍니다. Tip. 눈가 건조함이 느껴질 때마다 부담 없이 적당량을 덧발라주세요.",Skincare,cream
[NEW] 브링그린 슈퍼레몬글루타치온아이크림 30mL 더블기획,25000,"■ 제조일로부터 36개월, 개봉 후 12개월","■ 아침과 저녁, 칙칙함과 주름이 고민되는 눈가와 얼굴 전체에 적당량을 덜어 펴 발라 준 후 가볍게 두드려 흡수시켜줍니다.",Skincare,cream
[대용량+추가증정] 넘버즈인 1번 판토텐산 액티브 수딩크림 130ml 기획 (+ 크림 15ml),36000,제조일로부터 36개월 / 개봉 후 12개월,"아침, 저녁 기초케어 마지막 단계에서 얼굴에 부드럽게 펴 바르고 가볍게 두드려 준 뒤 두손으로 감싸듯 흡수시켜 줍니다.",Skincare,cream
[NEW] 바이오힐 보 비타시너지 기미잡티 토닝 크림 50ml,22500,제조일로부터 36개월,"매일 아침 저녁, 크림 단계에서 내용물을 적당량 덜어 얼굴 전체에 도포하여 피부 결을 따라 부드럽게 마사지하듯 롤링하여 흡수시켜줍니다.",Skincare,cream
[여드름성 피부적합] 헤브블루 피톤 스쿠아 히알 블루 젤크림 110ml,39900,"개봉 전 제조년월로부터 36개월, 개봉 후 6개월",스킨케어 마지막단계에 적당량을 덜어 피부에 골고루 펴 발라 흡수시켜 줍니다. 피부를 빠르게 진정시키고 싶을 때는 듬뿍 얹어 수분 진정 팩으로 사용해주세요.,Skincare,cream
[30ml+30ml+패드2매] 프리메라 나이아시카 수딩글로우 워터리 크림 기획/단품,28000,"개봉 후 12개월 , 개봉 전 36개월 이내 사용",본 품 적당량을 취해 피부에 골고루 펴 바른다.,Skincare,cream
[NEW] 라운드랩 소나무 진정 시카 크림 플러스 60ml 기획 (+토너 20ml),34000,"사용기한 30개월, 개봉 후 12개월",사용 전 손바닥에 2~3번 톡톡 쳐준 뒤 튜브의 중앙을 눌러 적당량 덜어내어 부드럽게 펴 발라 흡수시켜 줍니다.,Skincare,cream
[화해1위/수분광채크림] 아누아 피디알엔 히알루론산 100 수분 크림 60mL,32000,제조일로부터 36개월,스킨케어 마무리 단계에서 내용물을 적당량 덜어 피부에 골고루 펴 발라줍니다.,Skincare,cream
[극건조 피부 개선 보습 크림]SVR 토피알리즈 밤프로텍트+ 400ml,40800,제조일로부터 3년(개봉 후 9개월),적당량을 덜어 건조하고 민감한 얼굴과 몸에 부드럽게 발라주세요.,Skincare,cream
SVR 바이오틱 쎄라 크림 50ml,32500,제조일로부터 3년(개봉 후 9개월),아침∙저녁 앰플 사용 후 크림 단계에서 적당량을 덜어 마사지하듯 펴 발라 흡수시켜 줍니다. 동봉된 스파츌라를 사용해주세요.,Skincare,cream
[애프터 시카 밤]SVR 센시파인 뉴트리밤 40ml,32000,제조일로부터 3년(개봉 후 9개월),아침∙저녁 앰플 사용 후 크림 단계에서 적당량을 덜어 마사지하듯 펴 발라 흡수시켜 줍니다.,Skincare,cream
[관리 효과 극대화 생기 토닝 크림]SVR 바이오틱 C20 크림 50ml,32500,제조일로부터 3년(개봉 후 9개월),아침∙저녁 앰플 사용 후 크림 단계에서 적당량을 덜어 마사지하듯 펴 발라 흡수시켜 줍니다. 고함량 비타민 제품으로 눈가는 피해서 사용해주세요.,Skincare,cream
[관리 전후 손상 피부 개선] SVR 시카비트플러스 크림 100ml,38700,제조일로부터 5년(개봉 후 12개월),아침∙저녁 앰플 사용 후 크림 단계에서 적당량을 덜어 마사지하듯 펴 발라 흡수시켜 줍니다.,Skincare,cream
[단독기획] 파티온 노스카나인 트러블 크림 45ml 기획(+5ml+세럼 5ml),32000,"제조일로부터 36개월, 개봉 후 12개월 (2022년 10월 14일 이후 제조된 상품만을 취급)",크림 단계에서 피부에 골고루 펴 발라 가볍게 두드려 흡수시켜 줍니다.,Skincare,cream
아이디얼포맨 파워쿨링 애프터쉐이브 겔 100mL,10000,개봉전 36개월/ 개봉 후 12개월,"세안, 면도 후 적당량을 덜어 피부 결을 따라 고르게 바르고 가볍게 두르려 흡수시켜 줍니다. TIP) 면도한 모든 부위에 도톰하게 펴 바르면 피부를 진정시키는데 도움을 줍니다.",Skincare,cream
테라로직 레티날 주름탄력 크림 12g+앰플4ml 기획,31200,36개월 (개봉후 사용기한 12개월),본 품 적당량을 취해 피부에 골고루 펴 바릅니다,Skincare,cream
[리프팅] 아벤느 HAB3 탄력 액티브 안티에이징 크림 50ml 기획 (+HAB3 안티에이징 세럼 10ml),39900,"개봉전 3년, 개봉 후 1년이내 사용권장",스킨케어 단계에서 소량을 덜어 얇게 레이어링하듯 발라줍니다.,Skincare,cream
[올영1위/100시간 촉촉] 스튜디오17 워터부스트 히알루론 크림 80ml,20000,제조일자 기준 개봉 전 36개월/개봉 후 12개월,스킨케어 크림 단계에서 적당량을 손바닥에 덜어 얼굴에 마사지하듯 가볍게 두드리며 흡수시켜 줍니다.,Skincare,cream
아이오페 비타민C 엑스퍼트 40% 마스크컨센트레이트 15g 기획 (+PDRN 5ml + 선앰플 10ml),47200,개봉 전 36개월 / 개봉 후 12개월,"1. 아침, 저녁 세럼 사용 단계에서 1~2회 적당량 펌핑하여 얼굴 전체에 부드럽게 펴 발라 흡수시켜 주세요. 2. 아침에는 기초 마지막 단계에 꼭 자외선 차단제를 발라 피부를 보호해 주세요.",Skincare,cream
[단독기획/수분충전템] 파티온 포도당 하이드로 크림 60ml 기획(+10ml),21000,"제조일로부터 36개월, 개봉 후 12개월 (2025년 2월 28일 이후 제조된 상품만을 취급)",피부결 안쪽에서 바깥쪽으로 얼굴 전체에 부드럽게 펴 바르고 가볍게 두드려 흡수시켜 줍니다.,Skincare,cream
[아이스쿨링캡슐/쿨링수분크림] 셀퓨전씨 포스트 알파 쿨링 젤 크림 50ml+20ml 기획세트,36000,제조일로부터 36개월 / 개봉 후 12개월,스킨케어 마지막 단계에서 적당량 덜어 피부 결을 따라 부드럽게 펴 발라 흡수시켜줍니다.,Skincare,cream
[모공밴딩크림] 웰라쥬 하이퍼 펩타이드 밴디지 크림 50ml,20800,제조 후 사용기한 36개월,내용물을 적당량 덜어 피부결을 따라 부드럽게 발라준 후 손바닥으로 지그시 누르듯 흡수시켜 줍니다.,Skincare,cream
[화잘먹크림] 메디톡스 뉴라덤 더마크림 MD 단독기획 (100g+20g 증정),23220,제조일로부터 36개월(개봉후 12개월 이내 사용),적당량을 덜어 피부 안쪽부터 바깥쪽으로 부드럽게 펴 발라 흡수 시켜줍니다.,Skincare,cream
[순진오트크림] 아비노 오트 젤 크림 50ml (수분크림),25000,3년,"얼굴에 바르고 완전히 흡수시켜 주십시오. 하루에 두 번, 아침과 저녁에 사용할 수 있습니다.",Skincare,cream
[모공크림]비긴스 바이 정샘물 포어 타이트닝 크림 50ml,28000,개봉 후 12개월 이내 사용 권장,적당량을 덜어 얼굴에 골고루 펴발라줍니다.,Skincare,cream
숨37 워터풀 젤크림 기획 30ml 헬리녹스 콜라보 기획,40900,"개봉전 제조일로부터 36개월, 유통기한 개봉후 12개월",스킨 케어 마지막 단계에서 적당량을 취해 얼굴 안쪽에서 바깥쪽으로 피부결을 따라 부드럽게 펴 발라 줍니다.,Skincare,cream
숨37 헬리녹스 콜라보 벨벳 선스틱 /젤크림/스킨스테이 쿠션 1호 택1,28900,"개봉전 제조일로부터 36개월, 유통기한 개봉후 12개월","[젤크림] 스킨 케어 마지막 단계에서 적당량을 취해 얼굴 안쪽에서 바깥쪽으로 피부결을 따라 부드럽게 펴 발라 줍니다. [쿠션] 기초 화장 후 파운데이션 단계에서 사용합니다. 퍼프로 스폰지를 눌러 내용물을 얼굴에 골고루 두드리듯이 발라줍니다. 개봉 후 용기 내부에 부착된 스티커를 제거한 후 사용하십시오. 사용 후 반드시 덮개를 닫아 보관하시기 바랍니다. [선스틱] 아침 기초 손질 마지막 단계에서 자외선에 노출되는 얼굴 또는 몸에 적당량을 취해 피부결을 따라 고르게 발라주고, 휴대하면서도 수시로 덧발라 줍니다. 저녁 세안 시에는 얼굴에는 클렌징 키름 또는 오일 등으로 닦아낸 후 클렌징 폼을 사용하는 이중 세안을 하고, 몸에는 바디 클렌저를 이용하여 클렌징하도록 합니다.",Skincare,cream
[수분진정/단독기획] 메이크프렘 인테카 수딩크림 70ml 기획(+크림 31ml),29000,제조일로부터 36개월,"스킨케어 마지막 단계에서, 적당량을 덜어 얼굴 전체에 부드럽게 바르고 흡수 시켜 줍니다.",Skincare,cream
[손상/흔적 리페어] 아벤느 시칼파트 플러스 블레미쉬 크림 40ml 기획 (+오 떼르말 50ml),26000,"개봉전 3년, 개봉 후 1년이내 사용권장","아침 저녁 세안 후, 적당량을 덜어 손상된 피부에 부드럽게 펴 발라 주세요.",Skincare,cream
[리프팅] 아벤느 탄력 액티브 HAB3 안티에이징 크림 50ml 기획 (+리필 50ml),77000,"개봉전 3년, 개봉 후 1년이내 사용권장",스킨케어 단계에서 소량을 덜어 얇게 레이어링하듯 발라줍니다.,Skincare,cream
[리뉴얼/단독] 브이앤에이뷰티 안티옥시던트 시너지 크림 50ml 기획 (+앰플 50ml),34580,"제조일로부터 36개월, 개봉 후 12개월","아침, 저녁 앰플 다음 단계에서 피부결을 따라 부드럽게 펴 바릅니다.",Skincare,cream
[5대 주름개선/시카 PDRN] 필킨X약손명가 링클 솔루션 코렉터 크림 20ml (비건),54000,제조일로부터 36개월/개봉 후 6개월,내용물을 짜내어 어플리케이터 팁을 이용해 주름 부위를 부드럽게 마사지하여 피부에 흡수시켜 줍니다.,Skincare,cream
[강력진정젤크림] 유리아쥬 시카 데일리 리페어 젤크림 40ml,25500,개봉 전 사용기간 제조일로부터 36개월 / 개봉 후 12개월,적당량을 덜어 피부에 골고루 바른 후 지그시 눌러 흡수시켜주세요.,Skincare,cream
[흔적잡티케어/미백광채] 로벡틴 비타 더블 토닝 크림 50ml,27000,"개봉 전 3년, 개봉 후 1년 이내",세안 후 잡티가 고민 되는 부위에 적당량을 덜어 피부 결을 따라 펴 발라줍니다. *고함량 비타민 제품으로 직사광선을 피해 서늘한 곳에서 보관해주세요.,Skincare,cream
[리뉴얼] 브이앤에이뷰티 안티옥시던트 하이드레이션 크림 50ml,52000,"제조일로부터 36개월, 개봉 후 12개월","아침, 저녁 앰플 다음 단계에서 피부결을 따라 부드럽게 펴 바릅니다.",Skincare,cream
[NEW/올영단독] 닥터자르트 파워 더마 베리어 크림 80ml,35000,36개월(상품 발송 시 기준으로 사용기간 12개월 이상 제품을 발송),"적당량을 덜어 아침, 저녁으로 깨끗한 피부에 펴발라 줍니다.",Skincare,cream
설화수 탄력크림 EX 50ml,85000,상품 발송일 기준으로 사용기한이 12개월 이상 남은 상품만을 판매,"아침, 저녁 스킨케어 마지막 단계에서 적당량을 덜어 얼굴과 목의 피부결을 따라 부드럽게 발라줍니다.",Skincare,cream
설화수 탄력크림 EX 75ml 기획,114750,상품 발송일 기준으로 사용기한이 12개월 이상 남은 상품만을 판매,"아침, 저녁 스킨케어 마지막 단계에서 적당량을 덜어 얼굴과 목의 피부결을 따라 부드럽게 발라줍니다.",Skincare,cream
[NEW] 앰플엔 블레미샷 푹잠크림 50ml,27800,사용기한 : 제조일로부터 36개월 및 개봉 후 즉시 사용,"아침, 저녁 스킨케어 마지막 단계에 적당량을 덜어 얼굴 전체에 두드리듯 펴 바릅니다.",Skincare,cream
[NEW] 리엔케이 하이퍼 히알 플럼핑 크림 105ml,33000,30개월,내용물을 적당량을 덜어 얼굴에 골고루 펴 바른 후 흡수시켜 줍니다.,Skincare,cream
[NEW/주연포카증정] 리엔케이 하이퍼 히알 플럼핑 크림 105ml 기획 (+마스크 1매),23280,크림 : 30개월 / 마스크: 36개월,"크림 : 내용물을 적당량을 덜어 얼굴에 골고루 펴 바른 후 흡수시켜 줍니다. 마스크 : 1. 세안 후, 토너로 피부를 깨끗이 정돈합니다. 2. 마스크를 꺼내 얼굴 모양에 맞춰 붙여줍니다. 3. 10~20분 뒤 마스크를 떼어내고, 피부에 남아있는 에센스는 가볍게 두드려 흡수시켜 줍니다.",Skincare,cream
[재입고/패키지 리뉴얼]에스테덤 인텐시브 프로 콜라겐+ 크림 50ml,92000,"제조일로부터 36개월, 개봉 후 6개월 이내 사용 권장","아침, 저녁 크림 단계에서 적당량을 덜어 얼굴 전체에 마사지 하듯 바릅니다. 인텐시브 프로-콜라겐+세럼과 함께 2달 집중 사용을 추천합니다.",Skincare,cream
[장벽개선/쫀쫀크림] 아떼 포스트 레이저 리페어 크림 50ml,35000,개봉 후 1년,"모든 스킨케어의 마무리 단계에서 사용해주세요. 물리적 자극을 피하기 위해, 피부에 먼저 콕콕 찍어준 뒤 부드럽게 롤링하여 펴 발라 주세요.",Skincare,cream
리얼베리어 워터리 히알 크림 70ml,25000,"개봉 전 제조일로부터 36개월간, 개봉 후에는 12개월 이내",적당량을 덜어 피부결을 따라 얼굴 전체에 부드럽게 펴발라 흡수시켜 줍니다.,Skincare,cream
브리올옴므 화이트닝 수분크림 50ml,21000,제조일로부터 2년 6개월,"이마, 코, 목, 양쪽 볼에 찍어 전체적으로 얼굴에 발라주세요",Skincare,cream
[산뜻보습&수분탄력] 어나더페이스 펩타테놀 수분 밸런스 크림 50ml,22500,제조일로부터 36개월,스킨케어의 마지막 단계에서 적당량을 덜어 피부에 골고루 펴 바른 후 흡수시켜줍니다.,Skincare,cream
아비브 글루타치온좀 잡티 크림 비타 튜브 75ml,24500,"개봉 전 36개월, 개봉 후 12개월",세안 후 물기 없는 얼굴에 적당량을 덜어내여 가볍게 롤링하며 흡수시킵니다.,Skincare,cream
[탱글장벽크림/NEW] 퍼셀 픽셀바이옴 히알 콜라겐 스플래쉬 크림 50ml,23000,제조일로부터 36개월/개봉 후 12개월,스킨케어 마지막 단계에서 적당량을 덜어 골고루 펴 발라 줍니다.,Skincare,cream
[피지케어/수분크림] 유리아쥬 이제악 매트 40ml,24000,개봉 전 제조일로부터 36개월 / 개봉 후 12개월,"토너로 피부결을 정돈한 후, 적당량을 덜어 얼굴 전체에 골고루 발라줍니다. 피지 분비가 많은 T존 부위에 중심적으로 사용해주면 좋습니다.",Skincare,cream
아이디얼포맨 파워쿨링 애프터 쉐이브 2종 세트,30000,개봉전 36개월/ 개봉 후 12개월,"[파워쿨링 애프터 쉐이브 워터로션] 세안, 면도 후 적당량을 덜어 피부 결을 따라 고르게 바르고 가볍게 두르려 흡수시켜 줍니다. TIP) 면도 후 피부 자극 집중 케어를 위해 파워쿨링 애프터 쉐이브 겔과 함께 사용하는 것을 추천합니다. [파워쿨링 애프터 쉐이브 겔] 세안, 면도 후 적당량을 덜어 피부 결을 따라 고르게 바르고 가볍게 두르려 흡수시켜 줍니다. TIP) 면도 후 워터로션으로 피부를 정돈한 뒤 적당량을 취해 진정이 필요한 부위에 덧발라 주세요.",Skincare,cream
랑콤 제니피끄 얼티미트 아이 크림 20ml,112500,제조일로부터 36개월,본 품 적당량을 취해 피부에 골고루 펴 바른다.,Skincare,cream
랑콤 이드라젠 모이스처라이징 수딩크림/젤크림 50ml,103500,제조일로부터 36개월,본품 적당량을 취해 피부에 골고루 펴 바른다.,Skincare,cream
랑콤 이드라젠 수딩젤 크림 50ml,103500,제조일로부터 36개월,본품 적당량을 취해 피부에 골고루 펴 바른다.,Skincare,cream
[NEW/흔적장벽크림]비긴스 바이 정샘물 핑크 구아바 글루타치온 흔적 크림 50ml,24000,개봉 후 12개월 이내 사용 권장(제조연월 별도 표기),적당량을 덜어 얼굴에 골고루 펴 발라줍니다.,Skincare,cream
랑콤 이드라젠 모이스처라이징 앤 수딩 크림 50ml,103500,제조일로부터 36개월,본품 적당량을 취해 피부에 골고루 펴 바른다.,Skincare,cream
에스테덤 셀룰러워터 프레쉬 젤 40ml,49000,제조일로부터 3년 사용 가능/개봉 후 6개월 사용 권장,아침과 저녁으로 손바닥에 적당량을 덜어 피부결을 따라 펴발라 줍니다.,Skincare,cream
닥터멜락신 시멘리트 칼슘 볼륨 크림 50ml,25900,개봉 전 36개월 / 개봉 후 12개월 이내,"앰플 사용 후, 적당량의 크림을 눈가와 주름이 고민인 부위에 발라 줍니다. 꺼진 피부에 집중 보습과 영양을 공급해 줍니다.",Skincare,cream
[리뷰이벤트] 제나벨 PDRN 리쥬비네이팅 크림 70ml 기획 (+20ml),23600,제조일로부터 3년,"아침, 저녁 세안 후 본품 적당량을 덜어 얼굴에 골고루 펴 발라 잘 흡수시켜 줍니다. 특히 건조하거나 민감한 부위에 수시로 덧발라주면 더욱 좋습니다.",Skincare,cream
LBB 인텐시브 케어 인 크림 50ml,98000,제조일로부터 36개월 / 개봉 후 12개월,"1. 아침, 저녁으로 세안 후 기초단계에 사용합니다. 2. 3~4회 펌핑하여 얼굴과 목에 피부결을 따라 펴 발라 줍니다.",Skincare,cream
[리뉴얼] 구달 청귤 비타C 잡티케어 톤업 크림 50ml 기획 (+5ml + 세럼 5ml),17600,개봉 전 36개월,"[톤업크림] 청귤비타C 잡티세럼 사용 후 크림으로 가볍게 마무리 해준 뒤, 얼굴과 자외선에 노출되기 쉬운 피부에 골고루 펴 발라줍니다. [세럼] 크림 사용 전 1~2회 펌핑하여 얼굴 전체에 부드럽게 펴발라 줍니다.",Skincare,cream
플로디카 워터백 베리어 크림 50ml,22400,사용 기한 36개월,"아침, 저녁 토너나 에센스 사용 후 적당량을 취해 얼굴과 목에 고르게 펴 바릅니다.",Skincare,cream
피지오겔 아쿠아 포맨 쿨링 젤 크림 80ml (단품/기획),22900,제조일로부터 36개월(개봉후 12개월),"세안, 면도 후 스킨케어 단계에서 적당량을 취하여 얼굴 피부 위에 마사지하듯 두드려 흡수시켜 줍니다.",Skincare,cream
[자외선 손상회복] 리얼베리어 익스트림 크림 70ml 기획 (+30ml) (2507),28500,"개봉 전 제조일로부터 36개월간, 개봉 후에는 12개월 이내",적당량을 덜어 피부결을 따라 얼굴 전체에 부드럽게 펴 바르고 체온으로 감싸 흡수시켜 줍니다.,Skincare,cream
[NEW/단백질 요거트] 에스네이처 아쿠아 스쿠알란 판테놀 아이크림 포 페이스 밤 25g,34000,제조일로부터 3년,적당량을 짜내어 눈가 또는 얼굴 전체에 펴 발라줍니다.,Skincare,cream
블랙몬스터 나이트 크림,19000,제조일로부터 30개월/개봉 후 12개월,"세안 후, 적당량을 덜어 얼굴과 목에 충분히 펴 바른 후 흡수시켜줍니다.",Skincare,cream
[여드름 피부 적합] 반코르 덱스판테놀크림 아데노신 닥터 60ml,19130,제조일로부터 2년,적당량을 덜어 부드럽게 펴 발라줍니다.,Skincare,cream
[수분진정] 닥터지 레드 블레미쉬 클리어 수딩 크림 70ml 기획 3종,26220,36개월(개봉 후 12개월),적당량을 덜어 얼굴에 골고루 펴 바른 후 흡수시켜 줍니다.,Skincare,cream
[단독기획] 토리든 밸런스풀 시카 진정 크림 80ml 기획 (+세럼 10ml),16800,제조일로부터 3년 (개봉 후 12개월),본 제품이 적당량을 덜어 피부에 골고루 펴 바른 후 톡톡 두들겨 흡수시켜 줍니다.,Skincare,cream
클라뷰 리얼 비건 저분자 콜라겐 탄력 크림 50ml,18600,제조일로부터 36개월,"아침, 저녁 세안 후 토너 다음 단계에서 얼굴 전체에 적당량을 취하여 부드럽게 펴 발라줍니다",Skincare,cream
[모공케어/PDRN] 닥터지 레드 블레미쉬 바쿠치올 포어젯 크림 50ml 기획,29930,36개월 (개봉 후 12개월),"아침, 저녁 세안 후 적당량을 덜어 피부결을 따라 부드럽게 펴 바른 후 가볍게 두드려 흡수시켜줍니다.",Skincare,cream
[1+1+그립톡] 라운드랩 자작나무 수분 크림 80ml 1+1 기획 (+누누씨그립톡),28600,"제조일로부터 36개월, 개봉 후 12개월",스킨케어 마무리 단계에서 내용물을 적당히 덜어 피부에 수분막을 입히 듯 부드럽게 흡수시켜줍니다.,Skincare,cream
테라로직 마데셀 더마 리페어 B5 크림 80ml,29700,제조일로부터 36개월 (개봉 후 12 개월),"1. 아침, 저녁 스킨케어 마무리 단계에서 적당량을 덜어 얼굴과 목 등 진정이 필요한 부분에 골고루 발라주세요. 2. 손바닥으로 피부를 지그시 감싸주면 더욱 빠르게 흡수되며, 건조함이 느껴지는 날에는 2-3번 덧발라주세요.""",Skincare,cream
마몽드 블루 캐모마일 크림 60ml 기획 (+30ml),23800,제조후 36개월 개봉후 12개월,"아침과 저녁, 크림 사용 단계에서 적당량을 덜어 피부결을 따라 얼굴 전체에 부드럽게 펴 바릅니다",Skincare,cream
[NEW] 에스트라 에이시카365 리페어 크림 pH4.5 60ml,22500,36개월 (개봉 후 1년),"아침, 저녁 적당량의 내용물을 덜어 얼굴에 부드럽게 펴 발라 흡수시켜줍니다.",Skincare,cream
[단독기획] 토리든 다이브인 수딩크림 100ml 기획(+수딩크림 20ml),18000,제조일로부터 36개월 / 개봉 후 12개월,본 제품이 적당량을 덜어 피부에 골고루 펴 바른 후 톡톡 두들겨 흡수시켜 줍니다.,Skincare,cream
달팡 하이드라스킨 리치 크림 50ml,72000,제조일로부터 36개월,세럼 사용 후 적당량을 덜어 얼굴 전체에 바른 후 마사지하듯 펴발라 흡수 시켜 주세요,Skincare,cream
달팡 하이드라스킨 라이트 크림 50ml,72000,제조일로부터 36개월,세럼 사용 후 적당량을 덜어 얼굴 전체에 바른 후 마사지하듯 펴발라 흡수 시켜 주세요,Skincare,cream
[생기광채톤업/복숭아베이스]나인위시스 VB 톤업 글로우 SPF21,16200,제조일로부터 3년,기초 제품 사용 후 적당량을 얼굴과 목에 골고루 펴 발라줍니다. (필요에 따라 덧발라도 좋습니다),Skincare,cream
닥터지 레드블레미쉬 클리어 수딩 스팟밤 30ml,29000,30개월(개봉후 12개월 이내 사용을 권장해 드립니다.),"집중 케어가 필요한 피부 고민 부위에 적당량을 도포한 뒤, 고르게 펴 발라 흡수시켜 줍니다.",Skincare,cream
코스알엑스 풀핏 프로폴리스 라이트 크림 65ml,16100,상품 발송일 기준으로 사용기한이 18개월 이상 남아있는 제품부터 순차적으로 판매 (유통 기한 36개월 / 개봉 후 12개월 이내 사용 권장),본품 적당량을 취해 피부에 골고루 펴 바릅니다. 자기 전 크림을 도톰하게 발라 수면팩으로 활용,Skincare,cream
[안티에이징/밀착보습막] 셀퓨전씨 레이저 리쥬버네이션 크림 (본품 50ml+20ml 추가 증정),19500,"제조일로부터 1년6개월 이내의 상품을 순차적으로 발송, 유통기한 개봉후 12개월",세안 후 스킨케어 마무리 단계에서 적당량을 얼굴 전체에 펴 발라 흡수시킵니다.,Skincare,cream
코스알엑스 퓨어 핏 시카 크림 50ml,20000,상품 발송일 기준으로 사용기한이 18개월 이상 남아있는 제품부터 순차적으로 판매 (유통 기한 36개월 / 개봉 후 12개월 이내 사용 권장),크림 단계에서 피부에 골고루 펴 발라 가볍게 두드려 흡수시켜 줍니다.,Skincare,cream
[수분진정] 아크웰 리얼 아쿠아 밸런싱 크림 50ml,20000,개봉전 36개월 / 개봉후 12개월,스킨케어 마지막 단계에서 적당량을 취해 얼굴에 펴 발라줍니다.,Skincare,cream
[화해1위/모공 수분천재크림] 에스네이처 아쿠아 스쿠알란 수분크림 60ml,17900,제조일로부터 3년,"세안 후, 토너 또는 에센스 사용 후 얼굴에 펴 발라 줍니다.",Skincare,cream
싸이닉 더 심플 릴리프 수분크림 더블 기획 (80ml+80ml),18000,"제조일로부터 개봉 전 30개월, 개봉 후 12개월",적당량을 덜어 얼굴 전체에 부드럽게 펴 발라 줍니다.,Skincare,cream
가히 키스틴밤,24900,"제조일로부터 36개월, 개봉 후 12개월","메이크업전후 사용 가능하며, 스틱을 피부에 접촉해 부드럽게 펴발라 주세요. 쌍커풀 라인따라 바르면 포인트 쉐도우, 볼에도 동그랗게 쓱쓱, 입술에도 가볍게 사용하면 촉촉하고 탄력&생기있는 피부 표현이 가능합니다",Skincare,cream
[김고은 Pick] 가히 엑스틴C밤,29610,"제조일로부터 15개월, 개봉 후 9개월","스킨케어 마지막 단계에서 얼굴 또는 색소침착이 고민되는 부위를 중심으로 부드럽게 펴 발라 줍니다. 메이크업 전에도 사용 가능하며, 메이크업 후에도 스틱을 피부에 부드럽게 접촉해, 광채 및 보습이 필요한 부위에 덧 발라주면 촉촉하고, 은은한 피부 표현이 가능합니다. 실내에서 수시로 사용해 주시고, 햇빛이 있는 곳에서는 자외선차단제와 함께 사용해주세요.",Skincare,cream
아이소이 블레미쉬 케어 민감다크 아이크림 17ml 기획(+아이크림 3ml),22300,제조일자로부터 3년 개봉 후 6개월 사용권장,"토너로 피부결 정돈 후, 눈가에 적당량을 덜어 톡톡톡 부드럽게 펴 발라주세요. "" 잡티세럼"" 과 함께 사용하면 더욱 효과가 좋습니다.",Skincare,cream
블리블리 인진쑥 리턴 크림,39000,제조일로부터 24개월,스킨케어 마지막 단계에서 적당량 덜어 피부 결을 따라 부드럽게 펴발라 줍니다.,Skincare,cream
블리블리 워터 물광밤 50g,32000,제조일로부터 36개월,스킨케어 마지막 단계에서 적당량 덜어 피부에 펴 발라 빛나는 물광 피부를 연출합니다. *베이스 메이크업 제품과 섞어서 사용하면 더욱 촉촉한 물광 메이크업이 가능합니다.,Skincare,cream
바비브라운 비타민 인리치드 페이스 베이스,108000,제조일로부터 36개월,세안한 피부에 바릅니다. 눈가는 피해 주세요,Skincare,cream
가히 멀티밤 & 멀티밤 듀오,43000,"제조일로부터 36개월, 개봉 후 12개월","스킨케어 마지막 단계에서 얼굴 또는 건조한 피부 부위를 중심으로 부드럽게 펴 발라 줍니다. 메이크업 전에도 사용 가능하며, 메이크업 후에도 스틱을 피부에 부드럽게 접촉해, 광채 및 보습이 필요한 부위에 덧 발라주면 촉 촉하고, 은은한 물광 피부 표현이 가능합니다.",Skincare,cream
밀크터치 서양송악 진정크림 50ml,36000,제조일로부터 36개월/ 개봉 후 12개월 이내,적당량을 덜어 피부결을 따라 부드럽게 펴 발라줍니다.,Skincare,cream
싸이닉 콜라겐 앰플 스틱 더블 기획,22000,"제조일로부터 개봉 전 30개월, 개봉 후 12개월",스킨케어 마지막 단계에서 건조함이 느껴지는 피부 부위에 부드럽게 펴 발라 줍니다.,Skincare,cream
[이동욱 PICK] 더마펌 모이스트 베리어 인텐시브 크림 M4 50ml(철벽보습),31000,"제조일로부터 36개월, 개봉 후 12개월",기초 마지막 단계에서 적당량을 덜어 얼굴에 부드럽게 펴 발라줍니다.,Skincare,cream
[디렉터파이 MADE] 더파이 히알루로닉 수분 장벽 크림 80ml,26000,제조일로부터 24개월 / 개봉 후 12개월,1. 데일리 크림 : 기초 마지막 단계에 적당량을 덜어 피부에 부드럽게 펴 바른 후 두드려 흡수시켜 주세요. 2. 수분 장벽 팩 : 민감하고 건조해진 피부에 듬뿍 올려 수면팩으로 활용 혹은 화장솜에 도톰히 발라 크림팩으로 활용해 주세요.,Skincare,cream
비오템 세라 리페어 장벽 강화 크림 50ml,85000,이 제품은 사용기한 1년 이상 남은 제품부터 순차적으로 배송됩니다.,"아침, 저녁 에센스나 밀키 로션을 바른 후, 크림단계에서 눈과 입술 주위를 피하여 얼굴과 목에 부드럽게 바릅니다.",Skincare,cream
플리프 시카-알로에 프레쉬 수분크림 150ml 기획세트(+50ml 증정),17510,제조일로부터 3년,세안 후 적당량을 취해 얼굴에 부드럽게 펴 발라줍니다.,Skincare,cream
메디필 펩타이드 9 멜라 스틱,24900,36개월(12개월),"스킨케어 마지막 단계에서 얼굴 또는 건조한 피부 부위를 중심으로 부드럽게 펴 발라 줍니다. 메이크업 후에도 사용 가능하며, 광채 및 보습이 필요한 부위에 덧발라주면 촉촉하고, 은은한 물광 피부 표현이 가능합니다.",Skincare,cream
[슬로우에이징]바이오더마 센시비오 디펜시브 리치 40ml,30000,제조일로부터 3년 이내의 상품을 순차적으로 발송/ 개봉 후 6개월 사용 권장,클렌징 워터로 세안 후 적당량을 덜어 얼굴과 목에 충분히 도포합니다.,Skincare,cream
[10주년기념출시] AHC 텐션 아이크림 스틱 포 페이스 기획,28000,개봉 전: 2년 6개월 이내 / 개봉 후 1년 이내,"사용방법 데일리 트리트먼트 1. 용기 아랫부분을 돌려 내용물을 올린 후 얼굴에 고루 펴 발라 줍니다. 2. 주름/탄력등 고민되는 부위나 건조한 부위에 수시로 덧발라 줍니다. BEAUTY TIP 1. 간편한 스틱 타입, 언제 어디서든 꺼내어 덧발라주세요 2. 여러 번 덧발라도 밀리지 않아 피부 고민인 부위는 여러 번 덧발라 주세요",Skincare,cream
비판톨 더마 리제너레이팅 나이트 페이스 크림 50ml,32000,제조일로부터 2년,매일 세안 후 적당량을 취하여 얼굴 전체에 부드럽게 펴 발라줍니다.,Skincare,cream
[겨울철 보습 가성비템] 조성아 티엠 에이치 세럼 스틱 허니 프로틴 10g,13900,개봉 전 30개월 / 개봉 후 12개월,"1. 캡을 연 후, 용기 상단을 돌려 적당량의 내용물을 꺼내어 줍니다. 2. 눈가, 목, 입가 등 건조하거나 주름이 신경쓰이는 곳 위주로 펴 발라 줍니다 TIP 세안 후 기초 케어 시에는 물론, 메이크업 전 후 수시로 사용해 탄력 있는 광채피부로 완성시켜 줍니다.",Skincare,cream
달팡 하이드라스킨 리치/라이트 크림 50ml,72000,제조일로부터 36개월,세럼 사용 후 적당량을 덜어 얼굴 전체에 바른 후 마사지하듯 펴발라 흡수 시켜 주세요,Skincare,cream
도미나스 크림 플러스 20G +10G 기획,28000,"개봉 전 36개월, 개봉 후 12개월",적당량을 취하여 얼굴 피부에 마사지하듯 두드려 흡수지켜 줍니다.,Skincare,cream
벨라수 데콜테 넥크림 50ml,32000,개봉 전 36개월 / 개봉 후 12개월,"튜브를 눌러 크림을 적당량 토출한 후, 롤러를 이용하여 목과 턱, 쇄골, 어깨 주변을 돌면서 부드럽게 마사지하듯 문질러 주세요. 롤러 세척 시 돌러 헤드의 양 옆 버튼을 누른 상태에서 세척하면 토출구가 잠겨 더욱 위생적으로 사용 가능합니다.",Skincare,cream
스킨앤랩 베리어덤 릴리프 밤 50ml,28000,"제조년월일로부터 3년, 개봉 후 12개월 이내","세안 후 크림 단계에서 적당량을 덜어 피부에 펴 발라준 후, 손으로 부드럽게 감싸 흡수시켜 줍니다.",Skincare,cream
디에이브 더마-테카 바이옴 크림 50ml,24500,제조일로 부터 24개월 / 개봉 후 12개월,본 품 적당량을 취해 골고루 펴 바릅니다.,Skincare,cream
[간편하게 쓱] 달바 더블 세럼 올인원 멀티밤 10g,21000,개봉 후 12개월 이내,"캡을 연후, 용기 하단의 핸들을 돌려 내용물을 적당량 꺼낸 뒤 눈가, 목, 입가 등 건조하거나 주름이 신경쓰이는 곳 위주로 펴 발라 줍니다. 세안 후 기초 케어시에는 물론 메이크업 전후에도 사용 가능하여 수시로 광채나는 피부로 연출해줍니다. ※제형 특성상 45℃ 이상의 고온에서 내용물이 흐를 수 있으며 스웨팅(물방울 같이 맺히는 현상)이 발생 할 수 있으나 제품 자체에는 이상이 없으므로 안심하고 사용해주세요. ※직사광선 아래, 히터 근처, 여름철 차량안 등에 보관 시 제형이 녹을 수 있으므로 주의해 주시기 바랍니다. ※해당 제품은 천연 특유의 색상으로 제품별로 약간의 색상차가 있을 수 있으며 고온과 직사광선 아래 오랫동안 노출 시 탈색 현상이 있을 수 있습니다. 제품 자체에는 이상이 없으므로 안심하고 사용해주세요.",Skincare,cream
라로슈포제 시카플라스트 밤 B5+ 100ml,28900,18개월 이상 남아있는 제품부터 순차적으로 발송 / 개봉 후 12개월,자극 및 손상받은 피부 전체에 부드럽게 펴 발라줍니다. (얼굴 전체에 바를 시 얇게 도포합니다.),Skincare,cream
헉슬리 아이 크림 컨센트레이트 온 30ml,45000,제조일로부터 36개월 / 개봉 후 12개월,"스킨케어 마지막 단계에서 적당량을 취해 눈가에 펴 바른 뒤 가볍게 톡톡 두드려 흡수시켜 줍니다. 눈가 외에도 건조함이 느껴지는 부위(얼굴 전체에 사용 가능)에 사용할 수 있으며, 집중 케어가 필요한 부위에는 팩을 하는 것처럼 도톰하게 덧발라 줍니다. 피부 밀착감이 높고 빠르게 흡수되어 아침, 저녁 상관 없이 사용이 가능하며 메이크업 전에 발라도 밀리지 않는 제품입니다.",Skincare,cream
인터미션 레스트 업 세럼 크림 70ml,24500,36개월,적당량을 덜어 피부결을 따라 얼굴 전체에 부드럽게 펴바르고 체온으로 감싸 흡수시켜 줍니다.,Skincare,cream
에스티 로더 리바이탈라이징 수프림+ 유스 파워 소프트 크림 15ml,42000,제조일로부터 36개월,얼굴과 목에 아침 저녁으로 발라줍니다. 리페어 세럼 사용 후 발라주면 더욱 좋습니다.,Skincare,cream
토리든 밸런스풀 시카 진정 크림 80ml,16800,제조일로부터 36개월/개봉 후 12개월,본 제품이 적당량을 덜어 피부에 골고루 펴 바른 후 톡톡 두들겨 흡수시켜 줍니다.,Skincare,cream
AHC 유스 래스팅 리얼 아이크림 포 페이스 35ML,23000,개봉 전 3년 이내 / 개봉 후 1년 이내,1) 아이 스팟 트리트먼트 : 토너로 피부결 정돈 후 적당량을 덜어 눈가에 가볍게 톡톡 두드리며 흡수시켜줍니다. 2) 페이셜 토탈 트리트먼트 : 스킨케어 마지막 단계에서 충분한 양을 덜어내어 얼굴 전체에 고루 펴 발라 흡수시켜줍니다.,Skincare,cream
[100시간수분지속/단독기획] 나인위시스 비건 하이드라 앰플 수딩 크림 50ml 더블기획,19600,제조일로부터 3년,"세안 후, 적당량의 내용물을 취해 얼굴과 목 부위에 바릅니다.",Skincare,cream
닥터자르트 시카페어 쏘 수딩 트리트먼트 30ml,58000,36개월(상품 발송 시 기준으로 사용기간 12개월 이상 제품을 발송),1) 피부가  예민한  부위에  도톰하게  도포해줍니다. 2) 피부가  많이  자극받은  날엔 나이트  팩처럼  얼굴  전체에  얇게  발라  진정시켜줍니다,Skincare,cream
아임프롬 민감초 크림 50ml,16800,제조일로부터 36개월 / 개봉후 12개월이내,"아침, 저녁 크림 단계에서 얼굴에 적당량 펴발라 줍니다.",Skincare,cream
[눈가영양] 비원츠 피토콜라겐 아이크림 20ml,34000,30개월(개봉 후 12개월),"적당량을 토출하여 눈가, 미간, 팔자 등 고민 부위에 펴 바른 후 안쪽에서 바깥쪽으로 부드럽게 마사지하여 흡수시켜 줍니다.",Skincare,cream
[가려움개선기능성] 피지오겔 레드수딩 AI 어드밴스드 릴리프밤 100ml 대용량 기획,29500,제조일자로부터 36개월.,본 품 적당량을 취해 피부에 골고루 펴 바른다.,Skincare,cream
[박은빈 PICK] 한율 어린쑥 수분진정 크림 55ml,38000,"사용기한 36개월, 개봉후 12개월 이내 사용","스킨케어 마지막 단계에서 사용하며, 피부 결을 따라 얼굴 안쪽에서 바깥쪽으로 부드럽게 펴 바르면서 흡수시켜 주세요.",Skincare,cream
[민감피부진정] 세타필 페이셜 수분크림 48g,25000,제조일로부터 36개월,적당량을 덜어 피부결을 따라 부드럽게 펴 바르고 가볍게 두드려 흡수 시킵니다.,Skincare,cream
슬로소피 뉴트리 다이브 크림 50ml,29400,제조일로부터 30개월,본 품을 적당량 취해 피부에 골고루 펴 바른 후 두드려 흡수시켜줍니다. *두드릴수록 광채가 올라옵니다.,Skincare,cream
케어존 리큐어 노르데나우 시카 크림 60ml 더블 기획,18000,"개봉전 제조일로부터 36개월, 유통기한 개봉후 12개월",적당량을 덜어 피부결을 따라 부드럽게 롤링한 후 톡톡 두드려 흡수시켜주세요.,Skincare,cream
마몽드 프로바이오틱스 세라마이드 인텐스 크림 60ml 기획 (+30ml),28800,개봉 전 36개월 / 개봉 후 12개월,"아침과 저녁 세안 후, 크림 사용 단계에서 적당량을 덜어 피부결을 따라 얼굴 전체에 부드럽게 펴 바릅니다.",Skincare,cream
[국동호PICK/쿨링진정] 에스네이처 아쿠아 오아시스 수분 젤크림 90ml,34000,90ml,"적당량을 덜어 피부에 골고루 펴발라 흡수시켜 줍니다 피부를 진정시키고 싶을 땐, 잔뜩 얹어 수분진정팩으로 사용해주세요.",Skincare,cream
비욘드 엔젤아쿠아 수분진정크림 더블기획(150mlX2입+크림30ml)(땡스 에디션),25000,"개봉전 제조일로부터 36개월, 유통기한 개봉후 12개월",스킨케어 마지막 단계에서 적당량을 덜어내어 피부에 수분막을 입히듯 부드럽게 펴 발라 흡수시켜 줍니다.,Skincare,cream
[쿨링진정] 아비브 어성초 크림 카밍 튜브 75ml 1+1 한정기획,35000,"제조일로부터 36개월, 개봉후 12개월",적당량을 덜어 피부결을 따라 부드럽게 펴 바른 후 가볍게 두들겨 흡수시켜 줍니다.,Skincare,cream
[화해3관왕/영양탄력] 에스네이처 아쿠아 소이 요거 아이크림 25g,14160,제조일로부터 3년,눈가 또는 주름 고민 부위에 얇게 펴발라 충분히 흡수 시켜주세요.,Skincare,cream
[눈가생기] 이니스프리 그린티 히알루론산 글로우 아이&페이스볼 10mL,17250,제조일로부터 36개월 / 개봉후 12개월 (상품 발송일 기준으로 사용 기한이 1년 이상 남은 상품만을 판매 합니다),크림 전 단계에서 한번 펌핑하여 눈매와 얼굴 표정 라인을 따라 가볍게 마사지하듯 롤링하여 흡수 시켜 줍니다.,Skincare,cream
라로제 SOS 멀티 리페어 밤 20g,32000,개봉 후 12개월,손가락에 소량을 덜어 체온으로 녹인 후 건조한 부위 또는 진정이 필요한 부위에 수시로 바릅니다.,Skincare,cream
[주름탄력] 코스알엑스 더 레티놀 0.3 크림 20ml,23800,상품 발송일 기준으로 사용기한이 18개월 이상 남아있는 제품부터 순차적으로 판매 (유통 기한 36개월 / 개봉 후 12개월 이내 사용 권장),"1. 구매 시 사용해주시고, 냉장 보관해주세요. 2. 캡을 열고 뒤집어 뾰족한 부분으로 토출구의 씰을 뚫어줍니다. 3. 적응기간 2주간 저녁에 격일로 사용해주세요. 고민되는 부위에 쌀알 크기만큼 도포한 후 펴발라주세요. 4. 3주차부터는 매일 저녁 완두콩 크기를 얼굴 전체에 적당량 펴발라주세요.",Skincare,cream
이니스프리 레티놀 시카 흔적 장벽 크림 50mL 기획(+20ml),24500,제조일로부터 36개월 / 개봉후 12개월 (상품 발송일 기준으로 사용기한이 1년 이상 남은 상품만을 판매합니다),크림 사용단계에서 적당량을 덜어 얼굴과 목에 부드럽게 펴 발라줍니다. 낮에 사용 시 선크림을 덧발라 주어 피부를 보호해 줍니다.,Skincare,cream
리얼베리어 익스트림 크림 라이트 65ml 기획 (+25ml),35500,"개봉 전 제조일로부터 36개월간, 개봉 후에는 12개월 이내",적당량을 덜어 피부결을 따라 얼굴 전체에 부드럽게 펴 바르고 체온으로 감싸 흡수시켜 줍니다.,Skincare,cream
[NEW] 브링그린 대나무 히알루 수분 크림 100mL 2입,19800,"■ 제조일로부터 36개월, 개봉 후 12개월","■ 기초 마지막 단계에서 적당량을 취해 얼굴 안쪽에서 바깥쪽으로 부드럽게 바른 후, 지그시 감싸며 흡수시켜 줍니다.",Skincare,cream
[대용량기획] 한율 쑥시카 수분크림 110ml (+25ml+ 패드2매+흡착팩폼2ml),36000,"사용기한 36개월, 개봉후 12개월 이내 사용","스킨케어 마지막 단계에서 사용하며, 피부 결을 따라 얼굴 안쪽에서 바깥쪽으로 부드럽게 펴 바르면서 흡수시켜 주세요.",Skincare,cream
[수분크림]에스트라 아토베리어365 하이드로 수딩크림 60ml 기획(+하이드로에센스25ml+선크림10ml),29700,36개월 (개봉 후 1년),- 연약하고 건조해진 피부 부위에 사용하는 제품입니다. - 적당량을 덜어 얼굴에 부드럽게 펴 발라주고 가볍게 두드려 충분히 흡수시켜 줍니다.,Skincare,cream
라로슈포제 시카플라스트 밤 B5+ 100ml 기획 (+3ml 추가증정),28900,18개월 이상 남아있는 제품부터 순차적으로 발송 / 개봉 후 12개월,"세안 후, 크림 단계에서 피부에 부드럽게 펴 발라 줍니다. 자기 전, 피부에 듬뿍 발라 슬리핑 팩 처럼 사용해 주셔도 됩니다",Skincare,cream
[24시간수분잠금] 아비브 수분초 히알루론 크림 하이드레이팅 팟 80ml 1+1 기획,35000,"제조일로부터 36개월, 개봉 후 12개월","세안 후, 물기 없는 얼굴에 적당량을 덜어내여 가볍게 롤링하며 흡수시킵니다.",Skincare,cream
메이크프렘 인테카 수딩크림 70ml 기획(+크림 31ml+패드2매*2개),29000,제조일로부터 36개월 (크림: 개봉 후 12개월 이내 / 패드: 개봉 후 즉시 사용),"스킨케어 마지막 단계에서, 적당량을 덜어 얼굴 전체에 부드럽게 바르고 흡수시켜 줍니다.",Skincare,cream
[브랜든콜라보] 토리든 다이브인 수딩크림 더블 한정 기획 (100ml+100ml),29400,별도표기 / 36개월 (개봉 후 즉시),본 제품이 적당량을 덜어 피부에 골고루 펴 바른 후 톡톡 두들겨 흡수시켜 줍니다.,Skincare,cream
이니스프리 레티놀 시카 흔적 장벽 크림 50ml 기획 (+30ml),24500,"제조일로부터 36개월, 개봉후 24개월 (상품 발송일 기준으로 사용기한이 1년 이상 남은 상품만을 판매합니다)",크림 사용단계에서 적당량을 덜어 얼굴과 목에 부드럽게 펴 발라줍니다. 낮에 사용 시 선크림을 덧발라 주어 피부를 보호해 줍니다.,Skincare,cream
[비타톤업크림]닥터자르트 V7 토닝 라이트 50ml,54000,36개월(상품 발송 시 기준으로 사용기간 12개월 이상 제품을 발송),"기초 케어 마지막 단계에서 내용물을 적당량 덜어 얼굴에 골고루 펴 바른 후 흡수시켜줍니다. 목, 팔, 다리 등 밝고 깨끗한 피부 톤으로 표현하고 싶은 부위에도 사용 가능합니다.",Skincare,cream
한율 빨간쌀 보습탄력 크림 30ml+30ml 리필 기획,29400,"사용기간 36개월, 개봉후 12개월 이내 사용",피부 결을 따라 얼굴 안쪽에서 바깥쪽으로 부드럽게 펴 바르면서 흡수시켜줍니다.,Skincare,cream
[속보습입체광] 누텍스처 컴포팅크림 40ml,35700,제조일로부터 36개월 / 개봉 후 12개월,크림 단계에서 적당량을 덜어 부드럽게 펴 바른 다음 피부를 감싸듯이 마사지하여 흡수시켜 줍니다.,Skincare,cream
리얼베리어 익스트림 크림 70ml 1+1 기획 (+선크림 10ml),39000,"개봉 전 제조일로부터 36개월간, 개봉 후에는 12개월 이내",적당량을 덜어 피부결을 따라 얼굴 전체에 부드럽게 펴 바르고 체온으로 감싸 흡수시켜 줍니다.,Skincare,cream
[속보습크림/한정기획] 웰라쥬 리얼 히알루로닉 100 크림 50ml 더블 기획 (+마스크1매),25900,제조 후 사용기한 36개월,내용물을 적당량 덜어 피부결을 따라 부드럽게 펴 발라준 후 가볍게 두드려 흡수시켜 줍니다.,Skincare,cream
[보습탄력] 아비브 부활초 크림 뉴트리션 튜브 75ml 더블 기획,42000,"제조일로부터 36개월, 개봉후 12개월",적당량을 덜어 피부결을 따라 부드럽게 펴 바른 후 가볍게 두들겨 흡수시켜 줍니다.,Skincare,cream
이즈앤트리 어니언 뉴페어 겔크림 50ml 기획 (+겔크림 20ml+스마트톡),32000,개봉 전 36개월 / 개봉 후 12개월,스킨케어 마무리 단계에서 얼굴 전체에 가볍게 펴 발라 흡수시켜 줍니다.,Skincare,cream
차앤박 프로폴리스 앰플 샷크림 75ml 더블기획 (75ml+75ml),26900,제조일로부터 36개월 / 개봉 후 12개월,스킨케어 마지막 단계에서 적당량을 덜어 천천히 롤링하며 얼굴에 흡수시켜 줍니다.,Skincare,cream
아이디플라코스메틱 엑소브이 프로리프팅 크림 50ml,12430,제조일자로 부터 36개월,세안 후 스킨케어 마지막 단계에서 피부에 부드럽게 펴 발라 흡수시켜 줍니다.,Skincare,cream
[1등크림] 에스트라 아토베리어365 크림 80ML 더블기획 (+세라히알 앰플 7ML+에이시카 세럼 3ML),50400,36개월 (개봉 후 1년),"아침, 저녁 적당량의 내용물을 덜어 얼굴에 부드럽게 펴 발라 흡수시켜줍니다.",Skincare,cream
이즈앤트리 어니언 뉴페어 겔크림 50ml 더블기획 (+20ml),49000,개봉 전 36개월/개봉 후 12개월,스킨케어 마무리 단계에서 얼굴 전체에 가볍게 펴 발라 흡수시켜 줍니다.,Skincare,cream
[최대혜택] 리얼베리어 익스트림 크림 70ml 기획 (+크림 50ml + 세럼 10ml),28500,"개봉 전 제조일로부터 36개월간, 개봉 후에는 12개월 이내",적당량을 덜어 피부결을 따라 얼굴 전체에 부드럽게 펴 바르고 체온으로 감싸 흡수시켜 줍니다.,Skincare,cream
메이크프렘 인테카 수딩크림 70ml 기획(+크림 31ml*2개),29000,제조일로부터 36개월,"스킨케어 마지막 단계에서, 적당량을 덜어 얼굴 전체에 부드럽게 바르고 흡수시켜 줍니다.",Skincare,cream
셀올로지 블루 이레이저 크림 50ml,29800,제조일자로부터 3년,본품 적당량을 취해 피부에 골고루 펴 바른다.,Skincare,cream
[관리 효과 극대화 윤기 탄력 크림]SVR 바이오틱 콜라겐 크림 50ml,32500,제조일로부터 3년(개봉 후 6개월),아침∙저녁 앰플 사용 후 크림 단계에서 적당량을 덜어 마사지하듯 펴 발라 흡수시켜 줍니다.,Skincare,cream
리얼베리어 익스트림 크림 라이트 50ml 1+1 기획,24510,"개봉 전 제조일로부터 36개월간, 개봉 후에는 12개월 이내",적당량을 덜어 피부결을 따라 얼굴 전체에 부드럽게 펴 바르고 체온으로 감싸 흡수시켜 줍니다.,Skincare,cream
이니스프리 비타민C 그린티 엔자임 잡티 토닝 크림 50ml,22400,제조일로부터 30개월 / 개봉후 12개월,"세럼 사용 후, 크림 단계에서 얼굴 안쪽에서 바깥 쪽으로 손 끝을 이용해 부드럽게 마사지하여 유효 성분이 잘 흡수되도록 해줍니다",Skincare,cream
바이오더마 시카비오 크림+ 100ml 기획(+시카비오 크림+SPF 5ml),34400,"제조일로부터 3년 이내의 상품을 순차적으로 발송, 개봉 후 12개월",크림 단계에서 적당량을 피부에 펴 바른 후 흡수시켜 줍니다.,Skincare,cream
[1+1] 한율 트러블 진정 쑥시카 수분 크림 기획 (55ml+55ml),28800,"사용기한 36개월, 개봉후 12개월 이내 사용.","스킨케어 마지막 단계에서 사용하며, 피부 결을 따라 얼굴 안쪽에서 바깥쪽으로 부드럽게 펴 바르면서 흡수시켜 주세요.",Skincare,cream
아이오페 비타민C 엑스퍼트 40% 마스크컨센트레이트 15g,47200,개봉 전 36개월 / 개봉 후 12개월,"1. 아침, 저녁 세럼 사용 단계에서 1~2회 적당량 펌핑하여 얼굴 전체에 부드럽게 펴 발라 흡수시켜 주세요. 2. 아침에는 기초 마지막 단계에 꼭 자외선 차단제를 발라 피부를 보호해 주세요.",Skincare,cream
[기미잡티] 달바 비타 토닝 캡슐 크림 55g,58000,"제조일로부터 30개월, 개봉 후 12개월",적당량을 덜어 피부에 펴 바른 뒤 손으로 부드럽게 문지르며 흡수시켜 줍니다.,Skincare,cream
메이크프렘 인테카 수딩크림 70ml,29000,제조일로부터 36개월,"스킨케어 마지막 단계에서, 적당량을 덜어 얼굴 전체에 부드럽게 바르고 흡수시켜 줍니다.",Skincare,cream
아벤느 비타민 액티브 VACg 크림 50ml 기획 (+비타민 Cg 액티브 세럼 10ml),39900,"개봉전 3년, 개봉 후 1년이내 사용권장",스킨케어 단계에서 소량을 덜어 얇게 레이어링하듯 발라줍니다.,Skincare,cream
더마팩토리 바쿠치올 1% 크림 30g,8000,제조일로부터 36개월,스킨케어 마지막 단계에서 본 품 적당량을 덜어 피부에 골고루 펴 발라줍니다.,Skincare,cream
더마팩토리 트라넥삼산 6% 크림 30ml,8000,제조일로부터 36개월,앰플 다음 단계에서 적당량을 덜어 피부결을 따라 부드럽게 바른 뒤 흡수시켜 줍니다.,Skincare,cream
[NEW] 아이오페 XMD 스템3 클리니컬 리커버리 크림 50ml,80000,개봉 전 36개월  개봉 후 24개월,본 품 적당량을 취해 피부에 골고루 펴 바른다.,Skincare,cream
CKD 레티노콜라겐 저분자 300 괄사 목주름 크림 50ml 리필용,36000,"제조일로부터 36개월, 개봉후 12개월","내용물이 나올 때까지 튜브를 꼭 눌러준 후, 원하는 부위에 크림을 도포하면서 부드럽게 마사지해줍니다. *괄사를 이용한 목주름 관리 TIP ① 쇄골부터 턱까지 가볍게 쓸어 올려줍니다. ② 어깨선을 따라 위아래로 롤링해줍니다. ③ 쇄골 아래 윗가슴 부분을 가로로 롤링해줍니다.",Skincare,cream
[관리 효과 극대화 생기 토닝 크림] SVR 바이오틱 C20 크림 50ml,65000,제조일로부터 3년(개봉 후 9개월),"아침∙저녁 앰플 사용 후 크림 단계에서 적당량을 덜어 마사지하듯 펴 발라 흡수시켜 줍니다. 고함량 비타민이 함유된 제품으로 눈가를 피해서 사용해 주세요​ 주의 사항 ㅣ 따끔거림, 발적, 붉어짐 등이 있는 경우에는 반드시 전문의와 상담하시길 바랍니다. 임산부, 수유부의 경우에도 민감한 시기인만큼 전문의와 상당 후 사용하시는 것을 권장드립니다. 손상되지 않은 피부에 사용하세요. 자극이 지속될 경우 사용을 중단하세요.​ 사용 전 팔 안쪽 등 국소부위에 테스트 후 사용하세요",Skincare,cream
[1+1/단독기획] 메디힐 마데카소사이드 흔적 리페어 세럼 40+40ml 더블 기획,21900,제조 후 36M,"토너 사용 후, 적당량을 덜어 피부 결을 따라 부드럽게 펴 바른 뒤, 가볍게 두드리며 흡수시켜 줍니다.",Skincare,Essence Serum Ampoule
[단독기획] 토리든 다이브인 저분자 히알루론산 세럼 50ml 리필기획(+리필팩 50ml),25650,별도표기 / 36개월 (개봉 후 12개월),본 제품이 적당량을 덜어 피부에 골고루 펴 바른 후 톡톡 두들겨 흡수시켜 줍니다.,Skincare,Essence Serum Ampoule
[1등세럼] 브링그린 징크테카 트러블세럼 25ml+25ml리필 / 50ml+25리필 기획,20900,"■ 제조일로부터 30개월, 개봉 후 12개월",■ 내용물을 적당량 덜어 피부결을 따라 부드럽게 펴 발라준 후 흡수시켜 줍니다.,Skincare,Essence Serum Ampoule
[대용량150ml] 웰라쥬 리얼 히알루로닉 블루 100 앰플 75ml 1+1 기획,29400,제조 후 사용기한 36개월 / 개봉 후 12개월,내용물을 적당량 덜어 피부결을 따라 부드럽게 펴 발라준 후 가볍게 두드려 흡수시켜 줍니다.,Skincare,Essence Serum Ampoule
[수분 충전]아벤느 이드랑스 에센스 인 로션 200ml 2입기획,37900,"개봉전 3년, 개봉 후 1년이내 사용권장",스킨케어 사용 전 화장솜에 덜어 발라주세요.,Skincare,Essence Serum Ampoule
[7월 올영픽/리뷰이벤트/총 40ML] 퍼셀 20억/mL 픽셀바이옴 원액 20ml 더블 기획,34400,제조일로부터 36개월 / 개봉 후 6개월,1. 세안직후 맨피부에 도포하여 단독으로 사용하세요. 2. 모든 스킨케어 단계마다 레이어링하여 사용하세요. 3. 기존 스킨케어와 블렌딩하여 효과를 부스팅하세요.,Skincare,Essence Serum Ampoule
[리뷰이벤트/흔적미백앰플]메디큐브 PDRN 핑크 펩타이드 앰플 30ml 리필기획(본품 30ML+리필 50ML),24610,개봉전 24개월 개봉 후 12개월,본품 적당량을 덜어 피부 결에 따라 부드럽게 펴 바르고 가볍게 두드리며 흡수시켜 줍니다.,Skincare,Essence Serum Ampoule
[7월 올영픽/모공에센스]VT 리들샷100에센스50ml기획(+리들샷300 1ml*3개+PDRN에센스 1.5ml*3ea),22000,개봉전 36개월 / 개봉 후 12 개월,"저녁 스킨케어 시, 깨끗하게 세안이 완료된 맨 얼굴에 적당량을 덜어 손가락으로 꾹꾹 누르듯이 펴 발라줍니다.",Skincare,Essence Serum Ampoule
[7월 올영픽][50%용량증정]에스트라 아토베리어365 세라-히알 속수분 앰플 30ML+15ML 기획,24700,36개월 (개봉 후 1년),"아침, 저녁 적당량의 내용물을 덜어 얼굴에 부드럽게 펴 발라 흡수시켜 줍니다.",Skincare,Essence Serum Ampoule
스킨앤랩 베리어덤 링거 앰플70ml,18200,제조일로부터 36개월 / 개봉 후 12개월,"아침, 저녁 적당량을 얼굴에 부드럽게 펴 발라 사용하세요.",Skincare,Essence Serum Ampoule
[라부부키링증정] 셀라딕스 트러블 세범 리밸런싱 RX 131 앰플 30ml,28900,제조일로부터 36개월,"세안 후 기초 첫 단계, 혹은 토너 다음 단계에서 적당량을 취해 피부에 골고루 흡수시켜줍니다.",Skincare,Essence Serum Ampoule
[비타민C 앰플] 피지오겔 사이언수티컬즈 데일리뮨 앰플 세럼 20ml 2입기획 (20ml+20ml),54000,제조일자로부터 24개월,매일 아침 저녁 토너 사용 후 세럼 및 에센스 단계에서 스포이드로 2-3방울을 얼굴 피부에 부드럽게 펴 바르어 줍니다.,Skincare,Essence Serum Ampoule
(7월 올영픽)에스트라 아토베리어365 하이드로에센스 200ml 기획(+크림 10ml+세라-히알 앰플 10ml),24000,36개월 (개봉 후 1년),에센스 단계에서 적당량을 덜어 얼굴에 부드럽게 펴 발라주고 가볍게 두드려 흡수시켜 줍니다,Skincare,Essence Serum Ampoule
[리뉴얼 | 리뷰이벤트] 구달 청귤 비타C 잡티케어 세럼 알파 50ml 기획 (+35ml),25200,개봉전 : 36개월,크림 사용 전 1~2회 펌핑하여 얼굴 전체에 부드럽게 펴 발라 줍니다.,Skincare,Essence Serum Ampoule
[1+1+1] 차앤박 프로폴리스 에너지 액티브 앰플 30ml 트리플 기획,39900,제조일로부터 36개월/ 개봉 후 12개월,"아침, 저녁 세안 후 토너 다음 단계에 얼굴 전체에 적당량을 취하여 부드럽게 펴 발라줍니다.",Skincare,Essence Serum Ampoule
[단독기획/추가증정] 셀리맥스 더 리얼 노니 에너지 앰플 90ml 에디션 (80ml+10ml),29700,제조일로부터 30개월 / 개봉 후 12개월,세안 후 토너로 닦아낸 피부에 적당량 취해 고르게 펴 바릅니다.,Skincare,Essence Serum Ampoule
[수량한정]리쥬란 힐러 턴오버 앰플 듀얼 이펙트 30ml (단품/기획),49900,제조일로부터 30개월 이내,step1. 세안 후 토너 등으로 피부 결을 전동해 수분 바탕을 만들어줍니다. step2. 리쥬란 힐러 턴오버 앰플 듀얼 이펙트의 뚜껑을 연 후 버튼을 눌러 유리관으로 앰플이 적당량 올라올 수 있게 해줍니다. step3. 피부 결을 따라 부드럽게 펴 바른 후 가볍게 두드려 흡수시켜줍니다. step4. 자연스러운 광채와 더 길어진 보습 영양감을 느껴보세요.,Skincare,Essence Serum Ampoule
디오디너리 나이아신아마이드 10% + 징크 1% 60ml,15700,개봉 후 12개월(제조연월 별도표기),아침저녁으로 바릅니다. 자극이 발생할 경우 사용을 중단하고 의사와 상의하시기 바랍니다. 손상되지 않은 피부에 지시된 대로만 사용하세요. 사용 전 패치 테스트를 권장합니다. 패치 테스팅 가이드 카드 또는 당사 웹사이트의 패치 테스트 상세 가이드를 참조하세요. 어린이의 손이 닿지 않는 곳에 보관합니다.,Skincare,Essence Serum Ampoule
[리뉴얼/콜라겐녹는실] 성분에디터 실크펩타이드 EGF 하트핏 볼륨 리프팅 앰플 40ml,18900,"제조일로부터 36개월, 유통기한 개봉후 12개월","1. 앰플 상단의 투명한 뚜껑 캡을 제거해줍니다. 2. 주사기 캡을 분리한 뒤, 앰플 상단 중앙 홈에 밀어 넣어 끼워줍니다. 3. 앰플을 기울여 주사기를 이용해 적당량을 덜어낸 후 피부에 도포해 줍니다.",Skincare,Essence Serum Ampoule
[1+1+스티커] 라운드랩 소나무 진정 시카 앰플 30ml 더블 기획 (+누누씨스티커모음),23800,"제조일로부터 30개월, 개봉 후 12개월",에센스 단계에서 적당량을 덜어 얼굴 전체에 부드럽게 흡수시켜 줍니다.,Skincare,Essence Serum Ampoule
[7월 올영픽] 넘버즈인 1번 판토텐산 액티브업 수딩세럼 50ml 리필 기획 (+50ml+포차코비치볼) (태닝 포차코),25000,제조일로부터 36개월/개봉 후 12개월,"본 품 적당량을 덜어 피부결을 따라 부드럽게 펴바른 후, 가볍게 두드려 흡수시킵니다.",Skincare,Essence Serum Ampoule
[1+1/1등 진정세럼] 파넬 시카마누 92세럼 더블기획(30ml+30ml),31200,"개봉 전 36개월, 개봉 후 12개월",토너 다음 단계에서 내용물을 적당량 덜어 피부결을 따라 부드럽게 펴 발라준 후 가볍게 두드려 흡수시켜 줍니다.,Skincare,Essence Serum Ampoule
[리뉴얼/1등모공앰플] 성분에디터 그린토마토 NMN 포어 리프팅 앰플 40ml,14900,"제조일로부터 36개월, 유통기한 개봉후 12개월",본품 적당량을 취해 피부에 골고루 펴 바른다.,Skincare,Essence Serum Ampoule
[1등레티놀] 아이오페 레티놀 슈퍼 바운스 세럼 30ml 기획 (+세럼 10ml+바이오에센스48ml),42500,개봉 전 36개월  개봉 후 12개월,"*아침, 저녁 세럼 사용 단계에서 1~2회 적당량 펌핑 하여 얼굴 전체에 부드럽게 펴 발라 흡수시켜 주세요. *아침에는 기초 마지막 단계에 꼭 자외선 차단제를 발라 피부를 보호해 주세요.",Skincare,Essence Serum Ampoule
[단독기획] 토리든 다이브인 저분자 히알루론산 세럼 50ml 기획(+멀티패드 10매),16500,별도표기 / 36개월 (개봉 후 12개월),본 제품이 적당량을 덜어 피부에 골고루 펴 바른 후 톡톡 두들겨 흡수시켜 줍니다.,Skincare,Essence Serum Ampoule
[모공+피부결] 넘버즈인 3번 보들보들 결 세럼 80ml 기획(+3번 결 세럼팩),25600,제조일로부터 36개월 / 개봉 후 12개월 이내 사용,"본 품 적당량을 덜어 피부결을 따라 부드럽게 펴바른 후, 가볍게 두드려 흡수시킵니다.",Skincare,Essence Serum Ampoule
[7월 올영픽] 에스트라 에이시카 365 세럼pH4.5 40ml 기획(+크림10ml+토너 25ml)(2507),28500,36개월 (개봉 후 1년),"아침, 저녁 적당량의 내용물을 덜어 얼굴에 부드럽게 펴 발라 흡수시켜줍니다.",Skincare,Essence Serum Ampoule
"브링그린 징크테카트러블세럼 25ml+25ml 리필 폼폼푸린콜라보(+헤어핀,마그넷클립) / 50ml 기획세트",20900,"■ 제조일로부터 30개월, 개봉 후 12개월",■ 내용물을 적당량 덜어 피부결을 따라 부드럽게 펴 발라준 후 흡수시켜 줍니다.,Skincare,Essence Serum Ampoule
닥터지 레드블레미쉬 클리어 수딩 액티브 에센스 80ml,40000,36개월(개봉후 12개월 이내 사용 권장),내용물을 적당량 덜어 얼굴 전체 및 진정이 필요한 부위에 펴 발라 흡수시켜 줍니다.,Skincare,Essence Serum Ampoule
[흔적미백] 넘버즈인 5번 글루타치온C 흔적 앰플 30ml 기획(+패드 6매 증정),19200,[본품] 제조일로부터 36개월 / 개봉 후 12개월 이내 사용,"적당량을 덜어 피부결을 따라 부드럽게 펴바른 후, 가볍게 두드려 흡수시킵니다.",Skincare,Essence Serum Ampoule
이니스프리 레티놀 시카 흔적 앰플 30mL 기획 세트(+25ml+PDRN 5ml),28000,개봉 전 36개월 개봉 후 12개월,에센스 단계에서 1~2펌프의 적당량을 취하여 부드럽게 펴 발라준 후 충분히 흡수 시켜 줍니다.,Skincare,Essence Serum Ampoule
[리필기획] 이니스프리 비타민C 7일 톤업 세럼 30ML 리필 기획(+리필팩 30ML),26600,개봉 전 36개월/ 개봉 후 12개월,에센스 단계에서 얼굴 안쪽에서 바깥 쪽으로 손 끝을 이용해 부드럽게 마사지하여 유효 성분이 잘 흡수되도록 해줍니다.,Skincare,Essence Serum Ampoule
[7월 올영픽/보습 광채탄력] VT PDRN 에센스 100 30ml기획 (+1.5ml*3개+리들샷 100 1ml*3개),23900,개봉 전 36개월 / 개봉 후 12개월,세안 후 에센스 적당량을 취해 피부 결을 따라 부드럽게 발라 흡수시켜 줍니다.,Skincare,Essence Serum Ampoule
[NEW] 아누아 TXA 나이아신 흔적 세럼 30ml 2입,27500,"제조일로부터  36개월, 개봉 후  12개월",적당량을 취해 피부에 펴 바릅니다.,Skincare,Essence Serum Ampoule
[고민영 PICK] 아벤느 이드랑스 에센스 인 로션 200ml 더블 기획 (+클리낭스 클렌징젤 100ml),39900,"개봉전 3년, 개봉 후 1년이내 사용권장",스킨케어 사용 전 화장솜에 덜어 발라주세요.,Skincare,Essence Serum Ampoule
[이영지Pick/수분쿨링] 닥터지 레드블레미쉬 클리어 히알시카 수딩세럼 50ml 2종 (50ml/50ml+10ml*2),18620,36개월 (개봉 후 12개월),"아침, 저녁 세안 후 적당량을 덜어 피부결을 따라 부드럽게 펴 바른 후 가볍게 두드려 흡수 시켜줍니다.",Skincare,Essence Serum Ampoule
[1+1/미백톤업] 코스알엑스 더 비타민C 23 세럼 20g 더블 기획 (20g + 20g),26980,상품 발송일 기준으로 사용기한이 12개월 이상 남아있는 제품부터 순차적으로 판매 (유통기한 24개월 / 개봉 수 2개월 이내 사용 권장),세안 후 세럼 단계에서 적당량을 얼굴에 떨어뜨려 손가락 끝으로 얼굴 안쪽에서 바깥쪽으로 롤링하며 흡수시켜줍니다. 1. 동봉 된 스포이드 체결 후 가볍게 좌우로 1~2번 흔들어주세요.(개봉 전에 흔들게 되면 넘침 현상이 발생할 수 있습니다. 2. 양 볼 광대뼈 부위에 도포해주세요. 3.볼 > 이마 > 턱(목) 순으로 피부의 결을 따라 롤링 동작으로 펴 발라주세요. 4.탄력이 고민인 C존을 중심으로 C컬 리프트 동작을 더해 피부의 단력을 케어해주세요. 5.그 다음 단계 스킨케어 제품을 얼굴 안쪽에서 바깥쪽으로 펴 발라주세요. *본 제품을 낮에 사용하실 경우 자외선차단제를 꼭 함께 바르시길 바랍니다.,Skincare,Essence Serum Ampoule
[수분잠금/화잘먹세럼] 빌리프 슈퍼드랍스 멀티7 히알루론세럼 30ml 단품/1+1기획,25900,"개봉전 제조일로부터 36개월, 유통기한 개봉후 12개월","세안 후 토너로 피부결을 정돈한 후, 피부에 2~3방울씩 떨어뜨려 피부결을 따라 마사지하듯 부드럽게 펴발라주세요.",Skincare,Essence Serum Ampoule
[매끈결광/화잘먹수분천재세럼] 에스네이처 아쿠아 스쿠알란 세럼 50ml,14160,제조일로부터 3년,"적당량을 떨어뜨려, 얼굴에 펴발라 줍니다.",Skincare,Essence Serum Ampoule
[대용량/트러블1등] 파티온 노스카나인 트러블 세럼 50ml 리필 기획(+리필40ml+크림10ml),33900,"제조일로부터 36개월, 개봉 후 12개월 (2022년 6월 15일 이후 제조된 상품만을 취급)",세럼 또는 앰플 단계에서 피부에 골고루 펴 발라 가볍게 두드려 흡수시켜 줍니다.,Skincare,Essence Serum Ampoule
[이수향 PICK/대한민국 갈색병] 코스메쉐프 흑당고 진액 영양 주름앰플 30ml,36680,제조일로부터 36개월,본품을 충분히 흔들어준 뒤 적당량을 취해 피부에 골고루 펴 바른다,Skincare,Essence Serum Ampoule
바이오힐 보 프로바이오덤 콜라겐 리모델링 세럼 30ml+디바이스 모공슈링크 기획(+콜라겐크림20ml),96900,제조일로부터 36개월,"[세럼] 매일 아침 저녁, 크림 전 단계에 내용물을 적당량 덜어 얼굴 전체에 도포하여 피부 결을 따라 부드럽게 마사지하듯 롤링하여 흡수시켜 줍니다. [크림] 매일 아침 저녁, 크림 단계에서 내용물을 적당량 덜어 얼굴 전체에 도포하여 피부 결을 따라 부드럽게 마사지하듯 롤링하여 흡수시켜 줍니다. [피부 미용 기기] 세럼을 충분히 도포 하고, 적정단계를 찾아 사용해주세요. 최초 사용 시 1단계부터 사용하여 적정단계를 찾아 사용해주세요. *전원 켜기/끄기 : 전원을 켜거나 끄려면 Power/Level 버튼을 2-3초간 길게 누르세요. *강도 조절하기 : 출력 강도를 변경하려면 Level 버튼을 짧게 눌러 변경해 주세요.",Skincare,Essence Serum Ampoule
[모공절반감소/3천원페이백] 마미케어 바다포도 모공앰플 50ml,15800,개봉 전 36개월 / 개봉 후 12개월 이내,본 품 적당량을 취해 피부에 골고루 펴 바른다.,Skincare,Essence Serum Ampoule
아누아 복숭아 70 나이아신아마이드 세럼 30ml 대용량 기획세트,25000,"제조일로부터 36개월, 개봉 후 12개월","1. 데일리 #산뜻한사용감 #봄여름 #지복합성 스포이드를 채운 뒤 손바닥에 덜어 피부에 골고루 펴 발라줍니다. 손에 남은 양은 목이나, 손에 발라주시면 좋습니다. 2. 집중 케어 #촉촉한사용감 #가을겨울 #건성 스포이드를 채운 뒤 양 볼에 적당량을 떨어뜨려 손으로 골고루 펴 발라 줍니다. 손에 남은 양은 목이나, 손에 발라주시면 좋습니다.",Skincare,Essence Serum Ampoule
바이오힐 보 프로바이오덤 콜라겐 리모델링 세럼 30ml기획(더블기획/리필기획/슈링크기획),96900,제조일로부터 36개월,"[세럼] 매일 아침 저녁, 크림 전 단계에 내용물을 적당량 덜어 얼굴 전체에 도포하여 피부 결을 따라 부드럽게 마사지하듯 롤링하여 흡수시켜 줍니다.",Skincare,Essence Serum Ampoule
[단독기획] 파티온 노스카나인 트러블 세럼 50ml 기획(+15ml+마스크 1매),27900,"제조일로부터 36개월, 개봉 후 12개월 (2022년 6월 15일 이후 제조된 상품만을 취급)",세럼 또는 앰플 단계에서 피부에 골고루 펴 발라 가볍게 두드려 흡수시켜 줍니다.,Skincare,Essence Serum Ampoule
[7월 올영픽/태닝 마이멜로디] 쏘내추럴 올 데이 페이스 프렙 픽서 30ml 기획(+픽서 35ml),20000,제조일로 부터 3년,베이스 첫 단계에서 적당량의 내용물을 덜어 피부 결 대로 얇게 펴 바른 뒤 두드리며 흡수시켜 줍니다.,Skincare,Essence Serum Ampoule
[최대용량/반쪽모공] 한율 보들은행잎 모공핏 세럼 기획 (40ml+40ml),31200,"사용기한 36개월, 개봉후 12개월 이내 사용",*핸드 드랍 시 스포이드로 내용물 적당량을 손바닥에 떨어뜨린 후 얼굴에 가볍게 두드려 흡수 시켜 줍니다 *페이스 드랍 시 스포이드를 눈 아래 위치에서 가볍게 눌러 내용물을 떨어뜨린 후 흘러내리지 않도록 턱부터 두드려 흡수 시켜 줍니다,Skincare,Essence Serum Ampoule
라로슈포제 멜라B3 세럼 30ml,56950,18개월 이상 남아있는 제품부터 순차적으로 발송 / 개봉 후 12개월,"'아침 저녁, 토너 사용 후 에센스 단계에서 이마와 양 볼, 턱에 적당량을 덜어 부드럽게 마사지 해 스며들게 해 줍니다.",Skincare,Essence Serum Ampoule
[10ml추가증정] 넘버즈인 5번 글루타치온씨 흔적 앰플 30ml 기획 (+1ml*10개),22000,제조일로부터 36개월 / 개봉 후 12개월,"적당량을 덜어 피부결을 따라 부드럽게 펴바른 후, 가볍게 두드려 흡수시킵니다.",Skincare,Essence Serum Ampoule
[피부톤ON] NEW 빌리프 슈퍼 드랍스 비타C토닝세럼 30ml 단품 /1+1 기획,28900,"개봉전 제조일로부터 36개월, 유통기한 개봉후 12개월","세안 후 토너로 피부결을 정돈한 후, 피부에 2~3방울씩 떨어뜨려 피부결을 따라 마사지하듯 부드럽게 펴발라주세요.",Skincare,Essence Serum Ampoule
아누아 어성초 80 수분 진정 앰플 30mL 2입,25000,제조일자로 부터 36개월 / 개봉 후 12개월,기초 스킨케어 후 소량을 덜어 피부에 골고루 펴 발라줍니다.,Skincare,Essence Serum Ampoule
[2주모공탄력] 아비브 부활초 비피다 세럼 퍼밍 드롭 50ml 기획 (+30ml 추가 증정),22400,"개봉전 36개월, 개봉후 12개월","세안 후, 물기 없는 얼굴에 적당량을 덜어 펴발라 줍니다.",Skincare,Essence Serum Ampoule
[총100ml] 더마토리 히알샷 베리어 B5 앰플 50ml 리필기획(+50ml 리필),23900,개봉 전 36개월 / 개봉 후 : 12개월,앰플을 적당량 덜어 부드럽게 펴발라주세요. 마지막 단계에서 손바닥으로 피부를 감싸듯이 마사지하며 흡수시켜 주세요.,Skincare,Essence Serum Ampoule
디마르3 모공 앰플 30ml 리필 증정기획 (+리필팩 30ml),28900,개봉 전 36개,"데미지타임을 연구한 노하우를 담은 앰플입니다. 낮 동안의 피부를 보호하도록 고안된 앰플로, 스킨 대신 아침에 사용하세요.",Skincare,Essence Serum Ampoule
[1+1] 메디힐 비타민씨 브라이트닝 세럼 더블 기획(40ml+40ml),21900,제조 후 36M,본품 적당량을 취해 얼굴에 골고루 발라준 후 가볍게 두드리며 흡수시켜 줍니다.,Skincare,Essence Serum Ampoule
[7월 올영픽]라로슈포제 에빠끌라 세럼 30ml 기획 (+에빠폼 15ml+에빠세럼 3ml+스트레스볼 증정),35900,18개월 이상 남아있는 제품부터 순차적으로 발송 / 개봉 후 12개월,"- 에빠끌라 세럼 아침 저녁, 토너 사용 후 에센스 단계에서 이마와 양 볼, 턱에 적당량을 덜어 부드럽게 마사지 해 스며들게 해 줍니다. -에빠끌라 포밍 크림 15ml 적당량을 젖은 손에 덜어 충분히 거품을 낸 후 젖은 얼굴과 목에 마사지한 후 미지근한 물로 말끔히 헹구어 내줍니다.",Skincare,Essence Serum Ampoule
이니스프리 레티놀 피디알엔 스킨부스터 앰플 25ml (+25ml),28230,개봉 전 36개월 개봉 후 12개월 이내,에센스 단계에서 1~2펌프를 덜어 사용해주세요. 레티놀을 처음 사용하실 경우에는 주 2~3회 정도 사용하여 적응기간을 가진 후 점차 사용주기를 늘려주세요. 아침에는 SPF30 이상의 선크림을 발라주세요,Skincare,Essence Serum Ampoule
[7월 올영픽/라부부이벤트] 바이오던스 포어 퍼펙팅 콜라겐 펩타이드 세럼 30ml 기획 (+10ml),22700,제조일로부터 36개월/개봉 후 12개월,적당량을 취해 피부에 골고루 펴 발라줍니다.,Skincare,Essence Serum Ampoule
[7월 올영픽] 메디힐 PDRN 모공 탄력 세럼 40ml,13870,제조 후  36개월,"토너 사용 후, 적당량을 덜어 피부 결을 따라 부드럽게 펴 바른 뒤 가볍게 두드리며 흡수시켜 줍니다.",Skincare,Essence Serum Ampoule
[50%용량증정] 에스트라 에이시카365 흔적진정세럼 pH4.5 40ml 기획 (+세럼 20ml+크림 1ml),28500,36개월 (개봉 후 1년),크림 사용 전 1-2회 펌핑하여 얼굴 전체에 부드럽게 펴발라 줍니다.,Skincare,Essence Serum Ampoule
[누적판매 530만]스킨1004 마다가스카르 센텔라 앰플 55ml,15000,제조 후 24개월 (개봉 후 12개월),스포이드로 적당량을 덜어 부드럽게 펴 발라 줍니다.,Skincare,Essence Serum Ampoule
더마팩토리 나이아신아마이드 20% 세럼 30ml,6000,제조일로부터 36개월,토너 다음 단계에서 적당량을 덜어 피부결을 따라 부드럽게 바른 뒤 흡수 시켜 줍니다.,Skincare,Essence Serum Ampoule
[7월올영픽/30ml추가증정] 셀퓨전씨 포스트 알파 쿨링 스킨 부스터 세럼 150ml(+30ml) 태닝 마이멜로디 기획,19600,제조일로부터 36개월 / 개봉 후 12개월,"세안 후 스킨케어 첫 단계에서 적당량을 얼굴에 덜어 부드럽게 펴 발라 흡수시켜준 뒤, 여러 번 충분히 덧발라 풍부한 효능을 피부에 전달시켜줍니다.",Skincare,Essence Serum Ampoule
[NEW/로즈PDRN] 아이소이 브라이트닝 세럼 더블 한정기획 20ml*2 (+아이&미간패치 1세트),43200,"제조일자로부터 3년, 개봉 후 6개월 사용 권장.",에센스 단계에서 1~2회 펌핑 후 적당량을 얼굴과 목에 두드리듯이 발라주시고 손으로 감싸듯하여 흡수시켜 주세요. 전체적으로 발라주시며 피부톤이 고민되는 부위에 한번 더 발라주셔도 좋습니다.,Skincare,Essence Serum Ampoule
[톤업앰플] 퍼셀 880억/mL 글루타치온 플렉서블 리포좀 20ml 기획 (+7ml),25000,제조일로부터 36개월/개봉 후 12개월,"세안 후 물기없는 맨 얼굴에 첫 단계로 흡수해준 후, 기존에 사용하던 스킨케어 루틴을 사용해 주세요.",Skincare,Essence Serum Ampoule
[올영1위/7일잡티개선] 앰플엔 블레미샷 잡티앰플 50ml 1+1 단독기획,28800,"제조일로부터 36개월, 개봉 후 12개월",토너 다음 단계에서 적당량을 덜어 얼굴 전체에 마사지하듯 펴 발라 줍니다.,Skincare,Essence Serum Ampoule
[화잘먹/모공탄력] 아렌시아 레드 스무디 세럼 30 50g 기획 (+20g),28600,"제조일로부터 36개월, 개봉 후 6개월",적당량을 덜어 피부 결에 따라 도포 후 흡수 시켜주세요.,Skincare,Essence Serum Ampoule
[리피PICK/비타민C앰플]  닥터디퍼런트 씨이큐 안티옥시던트 세럼 15ml 2개입,68400,"개봉전 24개월, 개봉후 2개월",토너 사용 다음 단계에서 3-5 방울을 덜어 얼굴에 가볍게 발라준 뒤두드려 흡수시켜줍니다 . 고농도의 비타민 C 성분이 들어있어 약간 따끔거리는 느낌이 있을 수있으나 일시적 현상으로 정상적인 반응입니다 . 사용 기한 이내일지라도 사용 시좋은 품질을 위해 구매 후냉장 보관 및가능한 빠른 사용을 권장합니다 .,Skincare,Essence Serum Ampoule
[1+1/모공쫀쫀] 메디큐브 제로 모공 원데이 세럼 더블기획 (30ml+30ml),25900,"개봉전 24개월, 개봉후 12개월",토너 사용 후 본품을 적당량 덜어 피부 결을 따라 골고루 펴 발라 가볍게 두드리듯 흡수시켜 줍니다.,Skincare,Essence Serum Ampoule
[모공/흡수] VT 리들샷 300 에센스 50ml,33000,제조일로부터 36개월,"저녁 스킨케어 시, 깨끗하게 세안이 완료된 맨 얼굴에 적당량을 덜어 손가락으로 꾹꾹 누르듯이 펴 발라줍니다. 리들샷 300이 흡수된 후 보습감이 있는 스킨케어 혹은 효능을 높이고 싶은 유효성분이 함유된 스킨케어를 덧발라 마무리해줍니다.",Skincare,Essence Serum Ampoule
디오디너리 나이아신아마이드 10% + 징크 1% 30ml,8700,개봉 후 12개월(제조연월 별도표기),아침저녁으로 바릅니다. 자극이 발생할 경우 사용을 중단하고 의사와 상의하시기 바랍니다. 손상되지 않은 피부에 지시된 대로만 사용하세요. 사용 전 패치 테스트를 권장합니다. 패치 테스팅 가이드 카드 또는 당사 웹사이트의 패치 테스트 상세 가이드를 참조하세요. 어린이의 손이 닿지 않는 곳에 보관합니다.,Skincare,Essence Serum Ampoule
[장벽강화원액] 퍼셀 20억/mL 픽셀바이옴 원액 20ml 기획 (+7ml),27000,제조일로부터 36개월 / 개봉 후 6개월,1. 세안직후 맨피부에 도포하여 단독으로 사용하세요. 2. 모든 스킨케어 단계마다 레이어링하여 사용하세요. 3. 기존 스킨케어와 블렌딩하여 효과를 부스팅하세요.,Skincare,Essence Serum Ampoule
[온라인 단독기획]바이오더마 하이드라비오 세럼 더블기획(40ml+40ml),46800,"제조일로부터 3년 이내의 상품을 순차적으로 발송, 개봉 후 6개월 사용 권장","매일 아침 저녁 세안 후, 토너 사용 후 얼굴과 목에 두드리듯 발라줍니다. 하이드라비오 라인을 같이 사용하시면 더욱 효과적입니다.",Skincare,Essence Serum Ampoule
[속건조해결] 웰라쥬 리얼 히알루로닉 블루 100 앰플 100ml 기획 (+원데이키트2ea),22400,제조 후 사용기한 36개월 / 개봉 후 12개월,에센스/앰플 단계에서 롤링하여 얼굴 전체에 부드럽게 펴 바르고 흡수시켜 줍니다.,Skincare,Essence Serum Ampoule
피지오겔 레드수딩 시카밸런스 포어컨트롤 세럼 50ml,29900,제조일자로부터 36개월,"매일 아침, 저녁 세럼 및 에센스 단계에서 얼굴 피부에 피부결을 따라 부드럽게 펴발라 주세요",Skincare,Essence Serum Ampoule
클레어스 블루 EGF 앰플 50ml 기획 (+10ml+카밍크림3g+워터크림3g),43600,"제품내별도표기 / 제조일로부터 3년, 개봉 후 1년 내 사용 권장",세안 후 스킨케어 첫 단계에 적당량을 덜어 가볍게 두드리면서 충분히 흡수시켜 줍니다.,Skincare,Essence Serum Ampoule
[속광탄력/증정구성]닥터지 블랙 스네일 레티놀 앰플 50ml 기획 (옵션 3종),20880,개봉전 36개월(개봉 후 12개월 이내 사용을 권장드립니다.),"세안 후, 앰플 사용 단계에서 적당량을 덜어 피부 결을 따라 부드럽게 펴 바르고 양손으로 얼굴 전체를 감싸 부드럽게 흡수시켜 줍니다. 아침에는 스킨케어 마무리 단계에서 자외선 차단제를 사용하여 피부를 보호해 줍니다. TIP 1)앰플 사용 전후로 보습 제품을 함께 사용해 편안한 피부를 만들어주세요. 2) 각질 제거 성분 혹은 비타민 C 함유 제품을 함께 사용하면 자극을 느낄 수 있으니 병행 사용을 주의해주세요. 3) 사용 후 캡을 꽉 닫아 공기 노출을 최소화해주시고, 고온과 직사광선을 피해 보관하여 주세요.",Skincare,Essence Serum Ampoule
[모공쿨링세럼/1+1] 비플레인 녹두 모공 타이트업 세럼 30ml 1+1 기획,24000,제조일로부터 36개월,"토너로 피부 결을 정돈한 후 아침, 저녁 1일 2회 적당량을 취해 피부에 골고루 펴 바릅니다.",Skincare,Essence Serum Ampoule
라로슈포제 에빠끌라 듀오+M 에센스 40ml,34000,제조일로부터 1년 6개월 이내의 상품을 순차적으로 발송 / 제조일로부터 3년 이내 / 개봉 후 12개월,세안 후 세럼/에센스 단계에서 적당량을 덜어 얼굴과 목에 부드럽게 펴 발라줍니다.,Skincare,Essence Serum Ampoule
[단독기획] 파티온 노스카나인 트러블 세럼 기획 (50ml+15ml),27900,"제조일로부터 36개월, 개봉 후 12개월제조일로부터 36개월, 개봉 후 12개월 (2022년 6월 15일 이후 제조된 상품만을 취급)",세럼 또는 앰플 단계에서 피부에 골고루 펴 발라 가볍게 두드려 흡수시켜 줍니다.,Skincare,Essence Serum Ampoule
에스트라 아토베리어365 세라-히알 속수분 앰플 30ml 기획 (+아토 크림 10ml+마스크팩 3매),24700,36개월 (개봉 후 1년),"아침, 저녁 적당량의 내용물을 덜어 얼굴에 부드럽게 펴 발라 흡수시켜 줍니다.",Skincare,Essence Serum Ampoule
[화잘먹속보습앰플/50ml] 나인위시스 하이드라 수분 앰플 나노 플러스 50ml,12920,제조일로 부터 36개월 / 개봉 후 12개월,내용물을 적당량 덜어 피부결을 따라 부드럽게 펴 발라준 후 가볍게 두드려 흡수시켜 줍니다.,Skincare,Essence Serum Ampoule
[리뉴얼 | 리뷰이벤트] 구달 청귤 비타C 잡티케어 세럼 알파 30ml 기획 (+20ml),22400,개봉전 : 36개월,크림 사용 전 1~2회 펌핑하여 얼굴 전체에 부드럽게 펴 발라 줍니다.,Skincare,Essence Serum Ampoule
[엔하이픈 희승 PICK] 믹순 순디 병풀 에센스 100ml,32000,개봉 전 36개월 / 개봉 후 12개월,데일리 케어: 세안 후 손에 적당량을 덜어  얼굴과 목 전체에 고르게 발라 흡수시킵니다 스킨-팩 케어 : 스킨-팩 패드에 적당량을 덜어 집중 케어가 필요한 부위에 10분 가량 얹어줍니다,Skincare,Essence Serum Ampoule
[흔적미백]메디큐브 연어 PDRN 핑크 앰플 30ml,19900,개봉전 36개월 개봉 후 12개월,본품 적당량을 덜어 피부 결에 따라 부드럽게 펴 바르고 가볍게 두드리며 흡수시켜 줍니다.,Skincare,Essence Serum Ampoule
라로슈포제 에빠끌라 울트라 컨센트레이티드 세럼 30ml,35900,개봉전: 제조일로부터 3년 이내 / 개봉 후: 12개월,"아침 저녁, 토너 사용 후 에센스 단계에서 이마와 양 볼, 턱에 적당량을 덜어 부드럽게 마사지 해 스며들게 해 줍니다.",Skincare,Essence Serum Ampoule
[기미잡티케어] 센텔리안24 마데카 멜라 캡처 앰플 맥스 15ml 2입 기획,23900,"제조일로부터 36개월, 개봉 후 12개월","1. 아침, 저녁으로 앰플 단계에서 스포이드로 적당량을 취해 얼굴 전체에 도포해줍니다. 2. 피부 결대로 안쪽으로 바깥쪽으로 부드럽게 마사지하듯 롤링하여 흡수시켜 줍니다.",Skincare,Essence Serum Ampoule
아누아 피디알엔 히알루론산 캡슐 100 세럼 30ml 기획 (+크림 30ml),22500,제조일로부터 30개월 / 개봉 후 즉시 사용,적당량을 취해 피부에 펴 바릅니다.,Skincare,Essence Serum Ampoule
[엔하이픈 선우 PICK/단독기획] 믹순 콩 에센스 50ml 기획(+병풀 에센스 20ml 증정),25550,제조일로부터 3년 / 개봉일로부터 1년 이내 사용 권장,[콩 에센스] 보습케어: 세안후 토너로 피부결 정리 후 발라서 흡수시킵니다. 피지각질케어(마사지 사용법): 세안후 콩에센스로 둥글둥글 마사지합니다. [미니 순디 병풀 에센스] 데일리 케어: 세안 후 손에 적당량을 덜어 얼굴과 목 전체에 고르게 발라 흡수시킵니다 스킨-팩 케어 : 스킨-팩 패드에 적당량을 덜어 집중 케어가 필요한 부위에 10분 가량 얹어줍니다,Skincare,Essence Serum Ampoule
[유리알속광/화잘먹앰플] 차앤박 프로폴리스 에너지 액티브 앰플 30ml 2개입,34900,제조일로부터 36개월/ 개봉 후 12개월,"아침, 저녁 세안 후 토너 다음 단계에 얼굴 전체에 적당량을 취하여 부드럽게 펴 발라줍니다.",Skincare,Essence Serum Ampoule
[모공쿨링세럼/대용량] 비플레인 녹두 모공 타이트업 세럼 50ml 기획 (+ 본품 30ml),29900,제조일로부터 36개월,"토너로 피부 결을 정돈한 후 아침, 저녁 1일 2회 적당량을 취해 피부에 골고루 펴 바릅니다.",Skincare,Essence Serum Ampoule
[1+1] 메디힐 콜라겐 탄력 볼륨 세럼 40+40mL,21900,개봉 전 36개월,"토너 사용 후, 적당량을 덜어 피부 결을 따라 부드럽게 펴 바른 뒤, 가볍게 두드리며 흡수시켜 줍니다.",Skincare,Essence Serum Ampoule
아이오페 비타민C 엑스퍼트 25% 항산화 토닝 앰플 23ml 기획 (+필패드 1매 + 선앰플 10ml),44000,개봉 전 24개월 / 개봉 후 3개월,"1. 아침, 저녁 세럼 사용 단계에서 1~2회 적당량 펌핑하여 얼굴 전체에 부드럽게 펴 발라 흡수시켜 주세요. 2. 아침에는 기초 마지막 단계에 꼭 자외선 차단제를 발라 피부를 보호해 주세요.",Skincare,Essence Serum Ampoule
[3일잡티세럼] 아비브 글루타치온좀 잡티 세럼 비타 드롭 50ml 기획 (+20ml),32000,"개봉전 36개월, 개봉후 12개월","세안 후, 적당량을 덜어 물기 없는 얼굴에 펴발라 줍니다.",Skincare,Essence Serum Ampoule
[광채리프팅PDRN] 리쥬란 턴오버 앰플 듀얼 이펙트 10ml 더블 단독기획(+앰플8ml),43900,제조일로부터 30개월 이내,step1. 세안 후 토너 등으로 피부 결을 전동해 수분 바탕을 만들어줍니다. step2. 리쥬란 힐러 턴오버 앰플 듀얼 이펙트의 뚜껑을 연 후 버튼을 눌러 유리관으로 앰플이 적당량 올라올 수 있게 해줍니다. step3. 피부 결을 따라 부드럽게 펴 바른 후 가볍게 두드려 흡수시켜줍니다. step4. 자연스러운 광채와 더 길어진 보습 영양감을 느껴보세요.,Skincare,Essence Serum Ampoule
[응급스팟] 아이소이 아크니닥터 1st 스피디 스팟 14ml 기획 (14ml+응급패드 4매),19800,제조일자로부터 3년 개봉 후 6개월 사용권장,부드러운 세안으로 모공을 깨끗이 한 후 트러블 부위에 스포이드로 제형을 떨어뜨리고 면봉으로 살살 흡수시켜주세요.,Skincare,Essence Serum Ampoule
[미백잡티] 유세린 이븐래디언스 듀오 앰플 30ml,29890,제조일로부터 30개월,"[듀오앰플30ml(15ml*2ea)] 매일 아침/저녁 어플리케이터를 사용하여 1Step부터 2-3방울을 가볍게 톡톡 두드려 충분히 흡수시켜 준 뒤, 2Step 2-3방울을 얼굴에 사용합니다.",Skincare,Essence Serum Ampoule
디오디너리 레티놀 0.2% 인 스쿠알란 30ml,12300,"개봉 전 36개월, 개봉 후 3개월(제조연월 별도표기)","스킨케어 루틴의 일부로서 저녁에 워터 베이스 세럼 사용 후, 무거운 트리트먼트의 사용 전에 소량을 얼굴 전체에 발라주세요. 다른 레티노이드 트리트먼트와 함께 사용하지 마세요. 자외선 차단제를 꼭 사용해주세요. 주의사항: 레티놀은 사용 초기, 피부의 내성이 생기는 과정에서 피부에(특히 눈과 입 주변에) 자극과 홍조, 박피 현상을 유발할 수 있습니다. 자극이 지속적으로 발생할 경우 사용을 중단하고 의사와 상의하시기 바랍니다. 손상되지 않은 피부에 지시된 대로만 사용하세요. 사용 전 패치 테스트를 권장합니다. 패치 테스팅 가이드 카드 또는 당사 웹사이트의 패치 테스트 상세 가이드를 참조하세요. 어린이의 손이 닿지 않는 곳에 보관합니다. 개봉 후 냉장보관하세요.",Skincare,Essence Serum Ampoule
[제이미포유 PICK]에스테덤 셀룰러 워터 에센스 125ml [단품/기획(+셀룰러워터 미스트 30ml)],41300,개봉후 6개월 이내 사용 권장,"세안 후 첫 단계 또는 셀룰러워터 미스트 사용 후, 손바닥에 적당량을 덜어 마사지하듯 흡수시켜 줍니다. 건조함이 느껴질 땐, 2~3회 레이어링하여 사용하면 더욱 좋습니다.",Skincare,Essence Serum Ampoule
[흔적진정] 마몽드 카밍 샷 아줄렌 흔적 수분 앰플 50ml 기획/단품,18900,개봉 전 36개월 / 개봉 후 12개월,본품 적당량을 취해 피부에 골고루 펴 바른다.,Skincare,Essence Serum Ampoule
[아이돌광채] 퍼셀 247 초유 포어 디펜스 앰플 미스트 55ml,31000,제조일로부터 36개월 / 개봉 후 12개월,휴대하며 수시로 얼굴에 뿌려 줍니다. 메이크업 위에도 사용 가능합니다.,Skincare,Essence Serum Ampoule
[1등 모공앰플] 디마르3 시그니처 에스투드 프로텍터 대용량 모공 앰플 170ml,58100,유통기한 36개월 / 개봉후 12개월,"데미지타임을 연구한 노하우를 담은 대용량 앰플입니다. 낮 동안의 피부를 보호하도록 고안된 앰플로, 스킨 대신 아침에 사용하세요.",Skincare,Essence Serum Ampoule
[속수분앰플] 라운드랩 자작나무 수분 앰플 50ml 기획 (+크림 20ml),28000,"제조일로부터 36개월, 개봉후 12개월",에센스 단계에서 적당량을 덜어 얼굴 전체에 부드럽게 흡수시켜 줍니다.,Skincare,Essence Serum Ampoule
[7월 올영픽/리뷰이벤트] 퍼셀 픽셀바이옴 글로우 배리어 세럼 50ml 기획 (+15ml),22000,제조일로부터 36개월/개봉 후 12개월,세안 후 토너로 피부결을 정돈한 상태에서 적당량을 덜어 피부에 흡수시켜줍니다.,Skincare,Essence Serum Ampoule
라로슈포제 에빠끌라 세럼 30ml 기획 (에빠끌라 폼 15ml+유비 톤업 클리어 3ml 증정),35900,18개월 이상 남아있는 제품부터 순차적으로 발송 / 개봉 후 12개월,"- 에빠끌라 세럼 아침 저녁, 토너 사용 후 에센스 단계에서 이마와 양 볼, 턱에 적당량을 덜어 부드럽게 마사지 해 스며들게 해 줍니다. -에빠끌라 포밍 크림 15ml 적당량을 젖은 손에 덜어 충분히 거품을 낸 후 젖은 얼굴과 목에 마사지한 후 미지근한 물로 말끔히 헹구어 내줍니다. -유비데아 안뗄리오스 톤업 클리어 메이크업 전 단계에서 적당량을 덜어 얼굴 전체에 부드럽게 펴 발라줍니다. 메이크업 프라이머, 베이스 대용으로 사용하셔도 좋습니다.",Skincare,Essence Serum Ampoule
[NEW수분세럼] 바이오힐 보 히알셀 하이드라 세럼 50mL+50ml 더블기획 / 단품,20000,제조일로부터 30개월,"매일 아침 저녁, 크림 전 단계에 내용물을 적당량 덜어 피부결을 따라 부드럽게 롤링하듯 펴 발라 흡수시켜 줍니다.",Skincare,Essence Serum Ampoule
랑콤 제니피끄 세럼 20ml/30ml/50ml/리필 택1,49500,제조일로부터 36개월,"1회분 용량이 담긴 스포이드를 열어 볼, 이마, 턱에 차례로 세럼을 떨어뜨린 후 부드럽게 펴 바르고 지긋이 누르며 흡수시켜 주세요.",Skincare,Essence Serum Ampoule
[모공컨트롤샷]폴라초이스 10% 나이아신아마이드 부스터 앰플 20ml 기획(+바하리퀴드 30ml),55080,개봉 전 36개월 / 개봉 후 12개월,2-3방울 손바닥에 떨어 뜨린 후 눈가를 포함한 얼굴 전체에 골고루 펴 바릅니다. 단독으로 사용하거나 세럼 또는 모이스처라이저와 섞어 사용할 수 있습니다. 아침에는 SPF 30 이상의 선크림으로 마무리하세요.,Skincare,Essence Serum Ampoule
[NEW]바이오더마 세비엄 세럼 30ml 기획 (+세비엄세럼 4ml+히알루+세럼 4ml),36000,"제조일로부터 3년 이내의 상품을 순차적으로 발송, 개봉 후 12개월","아침저녁, 토너 사용 후 세럼 단계에서 적당량을 덜어 얼굴에 부드럽게 펴 발라 흡수시켜 줍니다. 트러블 고민이 있는 가슴과 등에 사용해도 효과적입니다.",Skincare,Essence Serum Ampoule
[재구매1위] 앰플엔 세라마이드샷 보습장벽앰플 100ml기획(+10ml),17000,"제조일로부터 36개월, 개봉 후 12개월",토너 다음 단계에서 적당량을 덜어 얼굴 전체에 마사지하듯 펴 발라 줍니다.,Skincare,Essence Serum Ampoule
[증정기획] 에스티로더 갈색병 30ml 기획 (+갈색병 21ml),127000,대부분 사용기한 1년 이상 남은 제품을 배송해드립니다,"아침, 저녁 세안 후 얼굴 전체에 골고루 펴 바르고 피부 타입에 따라 모이스춰라이저를 사용합니다.",Skincare,Essence Serum Ampoule
디오디너리 레티놀 1% 인 스쿠알란 30ml,14100,"개봉 전 36개월, 개봉 후 3개월(제조연월 별도표기)","스킨케어 루틴의 일부로서 저녁에 워터 베이스 세럼 사용 후, 무거운 트리트먼트의 사용 전에 소량을 얼굴 전체에 발라주세요. 다른 레티노이드 트리트먼트와 함께 사용하지 마세요. 자외선 차단제를 꼭 사용해주세요. 주의사항: 레티놀은 사용 초기, 피부의 내성이 생기는 과정에서 피부에(특히 눈과 입 주변에) 자극과 홍조, 박피 현상을 유발할 수 있습니다. 자극이 지속적으로 발생할 경우 사용을 중단하고 의사와 상의하시기 바랍니다. 손상되지 않은 피부에 지시된 대로만 사용하세요. 사용 전 패치 테스트를 권장합니다. 패치 테스팅 가이드 카드 또는 당사 웹사이트의 패치 테스트 상세 가이드를 참조하세요. 어린이의 손이 닿지 않는 곳에 보관합니다. 개봉 후 냉장보관하세요.",Skincare,Essence Serum Ampoule
[250ml+150ml] 프리메라 오가니언스 워터리 에센스 250ml 리필기획,24500,"개봉 전 36개월, 개봉 후 12개월 이내 사용",매일 아침/저녁 세안 후 화장솜에 내용물을 듬뿍 적셔 얼굴 안쪽부터 바깥까지 피부결을 따라 부드럽게 닦아낸 후 손으로 톡톡 두드려 흡수시켜 줍니다.,Skincare,Essence Serum Ampoule
이즈앤트리 어니언 뉴페어 B5 앰플 50ml 기획 (+겔크림 20ml),15900,개봉 전 36개월 /  개봉 후 12개월,앰플 단계에서 2~3방울 떨어뜨려 얼굴 전체에 마사지하듯 발라준 후 손바닥으로 가볍게 두드려 흡수시켜 줍니다.,Skincare,Essence Serum Ampoule
[수분광채] 넘버즈인 6번 푹잠 마스크팩 세럼 80ml 기획(+4번 SOS 얼음장팩),34000,[세럼] 제조일로부터 36개월 / 개봉 후 12개월   [마스크팩] 제조일로부터 24개월 / 개봉 후 즉시 사용,"본 품 적당량을 덜어 피부결을 따라 부드럽게 펴바른 후, 가볍게 두드려 흡수시킵니다.",Skincare,Essence Serum Ampoule
디오디너리 히알루로닉 애시드 2% + B5 60ml,25000,개봉 후 12개월(제조연월 별도표기),아침저녁으로 몇 방울을 바릅니다. 자극이 발생할 경우 사용을 중단하고 의사와 상의하시기 바랍니다. 손상되지 않은 피부에 지시된 대로만 사용하세요. 사용 전 패치 테스트를 권장합니다. 패치 테스팅 가이드 카드 또는 당사 웹사이트의 패치 테스트 상세 가이드를 참조하세요. 어린이의 손이 닿지 않는 곳에 보관합니다.,Skincare,Essence Serum Ampoule
[잡티청소] 라운드랩 비타 나이아신 잡티 세럼 30ml 기획 (+잡티크림 10ml),19800,"제조일로부터 36개월, 개봉 후 12개월",에센스 단계에서 적당량을 덜어 얼굴 전체에 부드럽게 흡수시켜 줍니다.,Skincare,Essence Serum Ampoule
[화잘먹속보습앰플/총100ml] 나인위시스 하이드라 수분 앰플 나노 플러스 50ml 리필 기획 (+50ml 리필),24500,제조일로 부터 36개월 / 개봉 후 12개월,내용물을 적당량 덜어 피부결을 따라 부드럽게 펴 발라준 후 가볍게 두드려 흡수시켜 줍니다.,Skincare,Essence Serum Ampoule
[로즈PDRN/잡티케어] 아이소이 브라이트닝 세럼 20ml 기획 (+3ml),23600,"제조일자로부터 3년, 개봉 후 6개월 사용 권장",에센스 단계에서 1~2회 펌핑 후 적당량을 얼굴과 목에 두드리듯이 발라주시고 손으로 감싸듯하여 흡수시켜 주세요. 전체적으로 발라주시며 피부톤이 고민되는 부위에 한번 더 발라주셔도 좋습니다.,Skincare,Essence Serum Ampoule
[모공순삭 탱글 젤리피부] 아렌시아 레드 스무디 세럼 8 30ml,23200,"제조일로부터 36개월, 개봉 후 6개월",아침/저녁 본품 적당량을 취해 피부에 골고루 펴바릅니다.,Skincare,Essence Serum Ampoule
[트러블세럼] 에스트라 테라크네365 액티브 세럼 30ml,35700,36개월 (개봉 후 1년),세안 후 적당량을 손에 덜어 얼굴 전체에 부드럽게 발라 흡수시켜 줍니다.,Skincare,Essence Serum Ampoule
프랭클리 클로저 세럼 30ml,7800,제조일로부터 30개월 / 개봉 후 12개월,"아침, 저녁 꾸준히 사용 가능합니다. 토너 다음 단계에서, 스포이드를 가득 채워 세럼을 500원 동전 크기만큼 덜어줍니다. 얼굴과 목 전체에 피부 결을 따라 부드럽게 펴 발라줍니다. 모공 주변은 두드리듯 마사지하여 흡수시키면 더 좋습니다.",Skincare,Essence Serum Ampoule
[NEW/탄력광채] 라네즈 퍼펙트리뉴 쓰리엑스 시그니쳐 세럼 20ml 기획 (+10ml),43200,"사용기한 36개월, 개봉후 12개월 이내 사용","1.토너 사용 후 다음단계에서 사용해줍니다. 2. 본품을 적당량 취해 피부결을 따라 얼굴 안쪽에서 바깥쪽으로 부드럽게 펴바른 후, 흡수시켜 줍니다. (눈가, 목 사용 가능) Tip! 3개의 세럼이 믹스되는 순간 시너지 효과가 나기 때문에 손등이 아닌 얼굴 위에서 부드럽게 믹스해 흡수시켜주세요. 뚜껑을 돌려서 여닫을 때 손이 집히지 않게 주의해 주세요."" Tip! 3개의 세럼이 믹스되는 순간 시너지 효과가 나기 때문에 손등이 아닌 얼굴 위에서 부드럽게 믹스해 흡수시켜주세요. 뚜껑을 돌려서 여닫을 때 손이 집히지 않게 주의해 주세요.",Skincare,Essence Serum Ampoule
[NCT 재민PICK] 이즈앤트리 초저분자 히아루론산 세럼 50ml,13210,개봉 전 30개월 / 개봉 후 12개월,세럼 단계에서 2~3방울 떨어뜨려 얼굴 전체에 마사지하듯 발라준 후 손바닥으로 가볍게 두드려 흡수시켜줍니다.,Skincare,Essence Serum Ampoule
[잡티/광채] 아렌시아 쿨톤세럼 홀리 히솝 세럼 30 50g 기획 (+스파츌라 팩브러쉬),42000,"제조일로부터 36개월, 개봉 후 6개월",본품 적당량을 취해 피부에 골고루 펴바릅니다.,Skincare,Essence Serum Ampoule
[단독기획] 메디힐 티트리 진정 수분 앰플 50ml+23ml 증정 기획,19800,개봉 후 즉시 개봉 전 36M,적당량을 취해 얼굴 및 목 등에 두드리듯이 부드럽게 골고루 펴 바르고 흡수시켜 줍니다.,Skincare,Essence Serum Ampoule
[6주모공세럼] 유세린 하이알루론 3X 컨센트레이트 5ml*6,40900,제조일로부터 720일,"사용하기 전 용기를 잘 흔들어줍니다. 매일 아침, 저녁 토너 사용 후, 제품을 손바닥에 덜어 얼굴에 마사지하듯 펴 발라줍니다.",Skincare,Essence Serum Ampoule
[10분진정앰플] 차앤박 뮤제너 피토 수딩 앰플 35ml 1+1 기획,40000,"개봉전 제조일로부터 36개월, 유통기한 개봉후 12개월",스킨 다음 단계에서 얼굴 전체에 고루 펴발라 줍니다. 또한 트러블 부위에 부분적으로 발라주면 진정에 도움이 됩니다.,Skincare,Essence Serum Ampoule
[한정기획]  피지오겔 사이언수티컬즈 디멜라나이저 토닝 앰플 세럼 20ml + 4ml + 마스크팩 1매,39900,제조일자로부터 24개월,"매일 아침, 저녁 세럼 및 에센스 단계에서 스포이드로 2-3방울을 취해 얼굴 및 목 피부에 피부결을 따라 부드럽게 펴 발라 주세요.",Skincare,Essence Serum Ampoule
[한정기획/강력진정세럼] 닥터자르트 시카페어 인텐시브 수딩 리페어 세럼 30ml 1+1 기획,41600,36개월(상품 발송 시 기준으로 사용기간 12개월 이상 제품을 발송),"아침저녁으로 세안 후,  피부에 부드럽게 펴 바르고 지그시 누르며 흡수시켜주세요.",Skincare,Essence Serum Ampoule
[리뉴얼/잡티미백] 성분에디터 머루포도 비타씨 다크 스팟 앰플 40ml,14900,"제조일로부터 36개월, 유통기한 개봉후 12개월",본품 적당량을 취해 피부에 골고루 펴바른다.,Skincare,Essence Serum Ampoule
[응급진정세럼] 아이소이 아크니닥터 1st 컨트롤 세럼 40ml 기획 (본품40ml+응급패드 4매),25600,"제조일자로부터 3년, 개봉 후 6개월 사용권장",에센스 단계에서 1~2회 펌핑 후 적당량을 얼굴과 목에 두드리듯이 발라주시고 손으로 감싸듯 흡수 시켜주세요. 고민되는 부위에 한번 더 발라주셔도 좋습니다.,Skincare,Essence Serum Ampoule
[팩증정] 넘버즈인 9번 엔엠엔 바이오 리프팅 원액에센스 50ml 기획 (+풀페이스팩 1매+땡김이원단),39000,"[본품] 제조일로부터 36개월 / 개봉 후 12개월, [증정] 제조일로부터 36개월 / 개봉 후 즉시 사용","[9번 에센스] 본 품 적당량을 덜어 피부결을 따라 부드럽게 펴바른 후, 가볍게 두드려 흡수시킵니다. [9번 마스크팩] 상단 시트를 꺼내 얼굴의 눈부터 맞추어 얼굴에 고르게 펴서 밀착시켜 줍니다. 하단 시트를 꺼내 턱에 중심을 맞춘 후 천천히 당겨 양쪽 귀에 걸어주고 목에 밀착시켜줍니다. 남은 에센스는 가볍게 두드려 흡수시켜줍니다.",Skincare,Essence Serum Ampoule
[리뉴얼] 유세린 하이알루론 부스팅 에센스 100ml,38900,1095,"매일 아침/저녁, 세안 후 첫 단계 스킨케어 시 사용하세요. 적당량을 덜어 얼굴에 부드럽게 펴 바르고 피부에 마사지하듯 가볍게 톡톡 두드려 흡수시켜줍니다.",Skincare,Essence Serum Ampoule
[각질/피지] 아벤느 클리낭스 A.H.A 세럼 30ml 기획 (+에센스인로션25ml+클렌징젤15ml+블레미쉬크림2ml),39900,"개봉전 3년, 개봉 후 1년이내 사용권장",세안 후 토너 다음 단계에서 사용합니다. 스포이드로 적당량을 덜어 피부에 부드럽게 바릅니다. 롤링하며 바르시면 더욱 매끈해진 피부 결을 느끼실 수 있습니다.,Skincare,Essence Serum Ampoule
일소 모링가 타이트닝 포어 세럼 30ml,18200,제조일로부터 3년,토너 사용 후 적당량을 덜어 피부 결을 따라 부드럽게 펴 바른 후 흡수시켜 줍니다.,Skincare,Essence Serum Ampoule
[라부부 이벤트/미백&잡티] 리덴스 톤앤스팟 코렉터 앰플 30ml,17900,제조일로부터 30개월,본품 적당량을 얼굴 전체에 부드럽게 펴 바르고 가볍게 두드려 흡수 시켜 줍니다.,Skincare,Essence Serum Ampoule
[1+1/이영지PICK] 닥터지 레드 블레미쉬 클리어 히알시카 수딩세럼 50ml 기획 (+50ml 리필),26020,36개월 (개봉 후 12개월),"아침, 저녁 세안 후 적당량을 덜어 피부결을 따라 부드럽게 펴 바른 후 가볍게 두드려 흡수 시켜줍니다.",Skincare,Essence Serum Ampoule
닥터자르트 컨트롤에이 티트리먼트 수딩 스팟 15ml (티트리 핑크 파우더),23000,36개월(상품 발송 시 기준으로 사용기간 12개월 이상 제품을 발송),용기를 흔들지 않고 면봉으로 바닥에 가라앉아 있는 핑크 파우더를 찍어 고민 부위에 바릅니다.,Skincare,Essence Serum Ampoule
디오디너리 레티놀 0.5% 인 스쿠알란 30ml,13100,"개봉 전 36개월, 개봉 후 3개월(제조연월 별도표기)","스킨케어 루틴의 일부로서 저녁에 워터 베이스 세럼 사용 후, 무거운 트리트먼트의 사용 전에 소량을 얼굴 전체에 발라주세요. 다른 레티노이드 트리트먼트와 함께 사용하지 마세요. 자외선 차단제를 꼭 사용해주세요. 주의사항: 레티놀은 사용 초기, 피부의 내성이 생기는 과정에서 피부에(특히 눈과 입 주변에) 자극과 홍조, 박피 현상을 유발할 수 있습니다. 자극이 지속적으로 발생할 경우 사용을 중단하고 의사와 상의하시기 바랍니다. 손상되지 않은 피부에 지시된 대로만 사용하세요. 사용 전 패치 테스트를 권장합니다. 패치 테스팅 가이드 카드 또는 당사 웹사이트의 패치 테스트 상세 가이드를 참조하세요. 어린이의 손이 닿지 않는 곳에 보관합니다. 개봉 후 냉장보관하세요.",Skincare,Essence Serum Ampoule
[투명미백] 마녀공장 갈락토미 나이아신 투명광채 에센스 30ml + 12ml,13000,"제조일로부터 3년, 개봉 후 12개월",기초 제품 사용 전에 적당량을 덜어내어 피부에 골고루 바른 후 두드리면서 충분히 흡수시켜 줍니다,Skincare,Essence Serum Ampoule
[모공탄력] 풀리 그린 토마토 세럼 30ml,33000,개봉 전 36개월 / 개봉 후 12개월,토너로 피부 결을 정돈한 후 스포이드로 적당량 덜어 바른 후 가볍게 톡톡 두드려 흡수시켜줍니다.,Skincare,Essence Serum Ampoule
[단독기획] 파티온 노스카나인 트러블 흔적 앰플 30ml 기획 (+트러블 세럼 15ml),34000,"제조일로부터 36개월, 개봉 후 12개월제조일로부터 36개월, 개봉 후 12개월 (2022년 6월 15일 이후 제조된 상품만을 취급)",세럼 또는 앰플 단계에서 피부에 골고루 펴 발라 가볍게 두드려 흡수시켜 줍니다.,Skincare,Essence Serum Ampoule
[NEW] 브링그린 슈퍼레몬글루타치온속살세럼 50mL 기획(+액티베이터3g),22000,"■[속살 세럼] 제조일로부터 30개월, 개봉 후 6개월 ■[나이트 액티베이터] 제조일로부터 36개월, 개봉 후 3개월",■ 내용물을 적당량 덜어 피부결을 따라 부드럽게 펴 발라준 후 흡수시켜줍니다. TIP 톤업 부스팅이 필요할 때 나이트 액티베이터를 섞어 사용해줍니다.,Skincare,Essence Serum Ampoule
한율 달빛유자C 세럼 30ml 기획 (+20ml),33300,개봉 전 36개월 개봉 후 12개월,"아침, 저녁 크림 사용 전 단계에서 듬-뿍 펴 바르고 톡톡 두르려 흡수시켜주세요. 손바닥에 남은 달빛 유자 잔향으로 마음까지 편안하게 케어하세요.",Skincare,Essence Serum Ampoule
[민낯광채/겉광속쫀] 달바 더블 레이어 리바이탈라이징 세럼 30ml,32900,제조일로부터 36개월,제품을 상하로 3~5회 흔들어 내용물이 충분히 섞이게 한 뒤 손바닥에 2~3회 펌핑하여 얼굴 전체에 부드럽게 펴 발라 흡수시켜 줍니다.,Skincare,Essence Serum Ampoule
아이오페 바이오 컨디셔닝 에센스 84ml 기획 (+48ml),21000,개봉 전 36개월  개봉 후 24개월,세안 후 스킨케어 첫 단계에서 본품 적당량을 취해 얼굴 피부에 부드럽게 펴발라 줍니다. *1회 적정사용량 3ml,Skincare,Essence Serum Ampoule
[1+1/올영단독] 스킨푸드 로열허니 프로폴리스 인리치 에센스 리필기획(50ml+50ml),20800,제조일로부터 36개월 / 개봉후 12개월,"토너 사용 후 진주알만큼 내용물을 덜어 얼굴 전체에 펴 바른 뒤, 부드럽게 흡수시켜 줍니다.",Skincare,Essence Serum Ampoule
프리메라 비타티놀 세럼 21g,28000,개봉 후 3개월 이내 사용,"1. 딸깍 소리가 날 때까지 끝까지 펌프를 눌러주면 안쪽에서 캡슐의 입구가 열립니다. 2. 캡슐과 세럼이 잘 섞이도록 강하게 흔들어 줍니다. 30초 이상 흔들고 5분 정도 똑바로 세워 두세요, 3. 내용물을 원하는 부위에 발라 흡수시켜 줍니다.",Skincare,Essence Serum Ampoule
[단독기획] 미샤 타임 레볼루션 나이트리페어 앰플 5X 기획세트 (70ml+10ml),30800,제조일로부터36개월(개봉후12개월),"세안 후, 앰플 사용 단계에서 적당량을 덜어 피부 결에 따라 부드럽게 펴 발라줍니다.",Skincare,Essence Serum Ampoule
[화해1위/트러블] 웰라쥬 리얼 시카 카밍 95 트러블 앰플 50ml,19920,제조일로부터30개월(개봉후12개월),내용물을 적당량 덜어 피부 결에 따라 골고루 펴바른 후 가볍게 두드려 흡수시켜 줍니다.,Skincare,Essence Serum Ampoule
[1등세럼/모공피지] 센텔리안24 마데카 분말 티트리 에이씨 기획 (겔 세럼 15ml),19900,제품 별도표기일까지 / 제조일로부터 24개월 / 개봉 후 6개월,적당량을 덜어 피부 고민 부위에 부드럽게 펴 발라 흡수시켜 줍니다. (사용 TIP: 마데카 분말을 고민 부위에 수시로 덧발라 케어 하거나 토너 사용 후 마데카 겔 세럼 히알론 듀와 섞어서 얼굴 전체에 펴 발라 흡수시켜 줍니다.),Skincare,Essence Serum Ampoule
미샤 비타씨플러스 잡티씨 탄력 앰플40ml,19600,제조일로부터 36개월,"1. 세안 후, 앰플사용 단계에서 적당량을 덜어줍니다.  2. [볼→이마→턱(목)] 순으로 피부의 결을 따라 펴 발라줍니다.  3. 잡티와 탄력이 고민되는 눈가, 입가, 턱 C존을 중심으로 안쪽에서 바깥쪽으로 끌어 올리듯 마사지하며 펴 발라줍니다.",Skincare,Essence Serum Ampoule
[색소침착/미백] 마일드랩 딥 멜라케어 앰플 30ml,19500,개봉 후 12개월,세안 후 스킨케어 첫 단계에서 손에 적당량을 덜어 피부에 골고루 펴 바른 후 가볍게 두드려 흡수시켜 줍니다.,Skincare,Essence Serum Ampoule
토리든 셀메이징 저분자 콜라겐 모공 탄력 앰플 30ml,19500,제조일로부터 36개월 / 개봉 후 12개월,본 제품의 적당량을 덜어 피부에 골고루 펴 바른 후 톡톡 두드려 흡수시켜 줍니다.,Skincare,Essence Serum Ampoule
피지오겔 시카밸런스 세럼 50ml+시카밸런스 크림 10ml+시카밸런스 폼 20ml,29900,제조일자로부터 36개월,"매일 아침, 저녁 세럼 및 에센스 단계에서 얼굴 피부에 피부결을 따라 부드럽게 펴발라 주세요",Skincare,Essence Serum Ampoule
[모공PDRN/모공리프팅] 리쥬란 더마 힐러 포어 타이트닝 앰플 30ml 기획(앰플10ml+토너패드 2매*2ea),34900,제조일로부터 30개월 이내,앰플 단계에서 피부결을 따라 부드럽게 펴 바른 후 두드리며 흡수시켜 줍니다.,Skincare,Essence Serum Ampoule
[단독기획] 파티온 노스카나인 트러블 모공탄력 세럼 50ml 기획(+5ml+크림 5ml),29800,"제조일로부터 36개월, 개봉 후 12개월 (2024년 7월 31일 이후 제조된 상품만을 취급)",세럼 또는 앰플 단계에서 피부에 골고루 펴발라 가볍게 두드려 흡수시켜 줍니다.,Skincare,Essence Serum Ampoule
[7월올영픽][1+1기획] 크리니크 프레쉬 프레스드 데일리 부스터 위드 퓨어 비타민 C 10% 1+1 기획,36800,제조일로부터 36개월,"1.	병 밑바닥의 호일을 제거합니다. 2.	안쪽의 둥근 오렌지 버튼을 꾹꾹 눌러, 비타민 C 파우더를 수딩 에멀전에 섞어주세요. 3.	사용하기 전 15초간 잘 흔들어줍니다. 4.	뚜껑을 열어주세요. 5.	아침 저녁 2방울씩 발라주세요.",Skincare,Essence Serum Ampoule
[단독기획] 폴라초이스 클리니컬 나이아신아마이드 20% 트리트먼트 20ml (+바하리퀴드 30ml) (온),59670,36개월 (개봉 후 12개월),2-3 방울 손바닥 또는 얼굴에 떨어뜨린 후 눈가를 포함한 얼굴 전체에 골고루 펴 바릅니다. 아침에는 SPF30 이상의 선크림으로 마무리하세요.,Skincare,Essence Serum Ampoule
[트러블/여드름] 닥터지 에이클리어 스팟 포 페이스 세럼 80ml 대용량 기획세트,29000,36개월(개봉 후 12개월).,토너 사용 후 트러블 집중 케어가 필요한 부위에 적당량을 바른 후 두드려 흡수시켜 줍니다. 트러블 부위가 넓은 경우 얼굴 전체에 펴 발라줍니다.,Skincare,Essence Serum Ampoule
[수분탄력에센스] 유리아쥬 글로우업 오 에센스 100ml,28800,개봉 전 제조일로부터 3년/개봉 후 12개월,"아침, 저녁 세안 후 토너로 피부결을 정돈한 다음 얼굴과 목에 문지르듯 롤링하며 흡수시켜 주세요. 더 촉촉하고 탄력있는 피부를 원할 땐, 여러 번 레이어링 하여 발라주어도 좋습니다.",Skincare,Essence Serum Ampoule
[셔누Pick/리뉴얼]아임프롬 머그워트 에센스150ml 1+1기획,28800,제조 후 36개월 / 개봉 후 12개월,에센스를 적당량을 덜어 피부 전체적으로 가볍게 두드려 흡수시켜 줍니다. 피부 진정을 위해 에센스를 화장솜 또는 시트에 적셔서 마스크처럼 5분간 붙이셔도 좋습니다.,Skincare,Essence Serum Ampoule
[생기/항산화 세럼]눅스 프로디쥬스 글로우 부스트 세럼 30ml 기획(+플로럴오일 10ml 증정),59000,제조일로부터 3년,"[세럼] 아침과 저녁, 양 볼과 이마에 적당량 덜어 부드럽게 흡수시켜 줍니다. ​ [오일] 바디에 건조함이 느껴질 때마다 적당량을 덜어내어 흡수시켜 줍니다.",Skincare,Essence Serum Ampoule
[수분잠금/워터젤에센스] 빌리프 뉴메로 10 에센스 75ml 기획/단품,28500,"개봉전 제조일로부터 36개월, 유통기한 개봉후 12개월",욕실에서 세안 직후에 타올로 물기를 가볍게 제거하고 촉촉하게 수분이 남아 있는 상태에서 2~3회 펌핑하여 적당량을 취한 후 피부결을 따라 고르게 펴 발라 줍니다. 사용 후에는 평소 사용하는 순서대로 기초 스킨 케어를 하도록 합니다.,Skincare,Essence Serum Ampoule
[NEW] 바이오힐 보 비타시너지 기미잡티 토닝 세럼 30ml (단품/2입),28500,제조일로부터 36개월,"매일 아침 저녁, 크림 전 단계에 내용물을 적당량 덜어 얼굴 전체에 도포하여 피부 결을 따라 부드럽게 마사지하듯 롤링하여 흡수시켜줍니다.",Skincare,Essence Serum Ampoule
바이오더마 하이드라비오 세럼 40ml,28000,"제조일로부터 3년 이내의 상품을 순차적으로 발송,  개봉 후 6개월 사용 권장","매일 아침 저녁 세안 후, 토너 사용 후 얼굴과 목에 두드리듯 발라줍니다. 하이드라비오 라인을 같이 사용하시면 더욱 효과적입니다.",Skincare,Essence Serum Ampoule
[클렌징폼 | 에센스 | 선퀴드샤셰 증정] [김지원 PICK] 더후 비첩 자생 에센스 디스커버리 세트,55900,"개봉전 제조일로부터 36개월, 유통기한 개봉후 12개월","피부 깊숙이 흡수될 수 있도록 스킨으로 피부를 정돈한 후 바로 사용합니다. 얼굴의 볼과 이마, 코, 턱 순서로 피부결을 따라 부드럽게 펴 발라주고, 손바닥으로 얼굴을 가볍게 감싸 빠르게 흡수시켜 줍니다.",Skincare,Essence Serum Ampoule
라로슈포제 히알루B5 세럼 30ml,56000,제조일로부터 3년 이내 / 1년 6개월이상 남은 제품부터 순차적 배송 / 개봉 후 12개월,"아침 저녁, 토너 사용 후 에센스 단계에서 이마와 양볼, 턱에 적당량을 덜어 부드럽게 마사지 해 스며들게 해 줍니다.",Skincare,Essence Serum Ampoule
[집중진정] 라운드랩 소나무 진정 시카 앰플 30ml 기획 (+토너 20ml),17600,"제조일로부터 30개월, 개봉 후 12개월",에센스 단계에서 적당량을 덜어 얼굴 전체에 부드럽게 흡수시켜 줍니다.,Skincare,Essence Serum Ampoule
제로이드 인텐시브 하이드레이팅 앰플 30ml,27000,"개봉 전 제조일로부터 36개월간,  개봉 후에는 12개월 이내","본 품 적당량을 취해 골고루 펴바릅니다.(Tip: 사용중인 크림에 적당량에 본 품을 두, 세 방울 정도 넣은 후 섞어 사용해도 좋습니다.)",Skincare,Essence Serum Ampoule
[장벽앰플/더블기획] 마녀공장 비피다 바이옴 콤플렉스 앰플 30mlX2 기획,26900,"제조일로부터 2년, 개봉 후 1년",토너/스킨 사용 후 적당량을 피부 결을 따라 부드럽게 발라 흡수시켜줍니다.,Skincare,Essence Serum Ampoule
[잡티토닉] 아이소이 BR 블레미쉬 케어 토닉 에센스 90ml,25600,제조일자로부터 3년 개봉 후 6개월 사용권장,세안후 잡티토닉 에센스를 화장솜에 덜어 부드럽게 닦아내듯 발라주세요,Skincare,Essence Serum Ampoule
[화잘먹앰플/1+1단독기획]더하르나이 앰플세럼 50ml 리필기획(본품+리필),25600,제조일로부터 36개월 /개봉 후 6개월 이내 사용 권장,기초손질 마지막 단계에서 얼굴과 목 등 보습이 필요한 피부에 부드럽게 펴발라 줍니다.,Skincare,Essence Serum Ampoule
[NEW] 일소 이알 탄력 세럼(레티놀) 30ml,25400,제조일로부터 24개월,"저녁 스킨/토너 사용 후 에센스 단계에서 적당량을 덜어 피부결을 따라 부드럽게 펴 발라 두드려 흡수시켜줍니다. ※ 초기 사용 시에는 격일로 사용하거나 쌀알 정도의 양으로 약 1-2주 적응기를 갖고 사용하는 것을 권장드립니다. ※ 피부 적응 후 점진적으로 양을 늘리거나 빈도를 늘려 사용해주세요. <사용 주의 사항 및 안내사항> 임산부, 수유중인 상태에서의 사용을 금지합니다. AHA, BHA 등 각질제거 성분과 함께 사용 시 피부에 자극이 될 수 있으므로 함께 사용하지 마세요. (클렌저, 각질제거 토너 등 성분에 유의하세요.) 햇빛 감수성이 높아 오전 사용은 추천하지 않으며 저녁 사용을 권장합니다. 사용 익일 반드시 자외선 차단제를 사용해 주세요. 초반 적응 기간에 일시적인 각질 탈락이 생길 수 있습니다. 억지로 떼어내지 마시고 충분한 보습을 해주세요. 초기 사용 시 적응 기간이 필요한 제품입니다. 쌀알 정도의 소량으로 적응 후 점진적으로 양과 빈도를 늘려 사용하세요.",Skincare,Essence Serum Ampoule
[EGF 앰플] 클레어스 미드나잇 블루 유스 액티베이팅 드롭 20ml,25000,제조일로부터 3년 개봉 후 6개월 내 사용,스킨케어 시 얼굴에 적당량을 덜어 가볍게 두드리면서 충분히 흡수시켜줍니다. 오일리한 제품을 먼저 바르면 흡수를 방해하므로 사용 순서를 지켜주세요,Skincare,Essence Serum Ampoule
[모공스팟케어] VT 리들샷 1000 에센스 15ml,50400,제조일로부터 36개월 (개봉 후 12개월),저녁 스킨케어 시에 깨끗하게 세안이 완료된 얼굴 전체 혹은 국소 부위에 적당량을 덜어 마사지하듯 러빙하여 펴 발라줍니다.,Skincare,Essence Serum Ampoule
[모공케어] VT 마일드 리들샷 50 에센스 50ml,24300,제조일로부터36개월 (개봉 후 12 개월),깨끗하게 세안이 완료된 맨 얼굴에 적당량을 덜어 마사지하듯 러빙하여 펴 발라줍니다. 마일드 리들샷 50이 흡수된 후 보습감이 있는 스킨케어를 덧발라 마무리해 줍니다.,Skincare,Essence Serum Ampoule
[단독기획] 아비브 어성초 에센스 카밍펌프 50ml 리필 기획(+50ml),23800,제조일로부터 36개월/개봉후 12개월,세안 후 2~3회 펌핑하여 적당량을 취한 후 피부결을 따라 고르게 펴 발라 주세요.,Skincare,Essence Serum Ampoule
[트러블피지완화] 코스알엑스 더 나이아신아마이드 15 세럼 20ml,23000,상품 발송일 기준으로 사용기한이 18개월 이상 남아있는 제품부터 순차적으로 판매 (제조일로부터 36개월 / 개봉 후 12개월 이내 사용 권장),세안 후 세럼 단계에서 적당량을 얼굴에 떨어뜨려 손가락 끝으로 얼굴에 떨어뜨려 손가락 끝으로 얼굴 안쪽에서 바깥쪽으로 롤링하며 흡수시킵니다.,Skincare,Essence Serum Ampoule
[5번팩증정] 넘버즈인 5번 글루타치온씨 흔적 앰플 30ml 더블 기획 (+5번 마스크팩 1매),46000,"[본품] 제조일로부터 36개월 / 개봉 후 12개월 이내 사용, [증정] 제조일로부터 36개월 / 개봉 후 즉시 사용","적당량을 덜어 피부결을 따라 부드럽게 펴바른 후, 가볍게 두드려 흡수시킵니다.",Skincare,Essence Serum Ampoule
[모공케어] VT 리들샷 700 에센스 30ml,44600,제조일로부터 36개월,"'저녁 스킨케어 시, 깨끗하게 세안이 완료된 맨 얼굴에 적당량을 덜어 손가락으로 꾹꾹 누르듯이 펴 발라줍니다. 리들샷 700이 흡수된 후 보습감이 있는 스킨케어를 덧발라 마무리해 줍니다. 리들샷 700의 경우 7일에 한번 저녁 스킨케어 시에 사용합니다.",Skincare,Essence Serum Ampoule
디오디너리 레티날 0.2% 에멀전 15ml,21400,개봉 후 6개월(제조연월 별도표기),"저녁에 깨끗하고 물기 없는 얼굴과 목에 완두콩 크기만큼의 양을 발라주세요. 주에 한 번 사용하는 것으로 시작하여, 피부 적응에 따라 주 2회로 점차 늘려보세요. · 눈 윤곽이나 눈가 주위에는 사용을 피해주세요. · 에멀전 사용 후 모이스처라이저를 사용해주세요. · 다른 레티놀 및 레티노이드 제품과 함께 사용하지 마세요. · 저녁에 제품 사용 후 다음 낮에는 자외선 차단제를 사용해주세요. · 진공 펌프 용기에 담긴 제품으로, 처음 사용 시 여러 차례 펌핑해야할 수 있습니다. 10회 펌핑 후에도 제품이 나오지 않는 경우, 제품을 거꾸로 뒤집고 캡의 끝 부분을 딱딱한 표면에 몇 번 세게 두드려주세요. 자극이 발생할 경우 사용을 중단하고 의사와 상의하시기 바랍니다. 손상되지 않은 피부에 지시된 대로만 사용하세요. 사용 전 패치 테스트를 권장합니다. 어린이의 손이 닿지 않는 곳에 보관합니다.",Skincare,Essence Serum Ampoule
[단독/광채케어] 조선미녀 광채프로폴리스세럼 30ml 기획 (+10ml 증정),13600,제조일부터36개월/개봉후12개월이내,적당량을 덜어 얼굴 전체에 펴 바른 뒤 부드럽게 흡수시켜 줍니다.,Skincare,Essence Serum Ampoule
[7월 올영픽/화잘먹 세럼] 쏘내추럴 올 데이 페이스 프렙 픽서 30ml,20800,제조일로부터 36개월,베이스 첫 단계에서 적당량의 내용물을 덜어 피부 결 대로 얇게 펴 바른 뒤 두드리며 흡수시켜 줍니다. *FIXX MAKE-UP TIP 기초 케어 > 페이스 프렙 픽서 > 선크림 > 파운데이션 순으로 사용하면 메이크업 고정력을 높이는 데 도움을 줍니다.,Skincare,Essence Serum Ampoule
[1등 진정세럼] 파넬 시카마누 92세럼30ml,19900,제조일로부터 36개월 / 개봉일로부터 12개월 (사용기한 : 최소 2025년 8월 18일 이후까지인 상품만을 취급),토너 다음 단계에서 내용물을 적당량 덜어 피부결을 따라 부드럽게 펴 발라준 후 가볍게 두드려 흡수시켜 줍니다.,Skincare,Essence Serum Ampoule
차앤박(CNP) 프로폴리스 트리트먼트 앰플 에센스 기획(150ml+50ml),41000,36개월/개봉후 12개월,"아침, 저녁 세안 후 토너 다음 단계에 얼굴 전체에 부드럽게 바릅니다.",Skincare,Essence Serum Ampoule
[뮤신글로우] 코스알엑스 어드벤스드 스네일 96 뮤신 파워 에센스 100ml,19660,"제조일로부터 36개월 (개봉 후 12개월, 제조일자는 수시 변경되므로 기재가 어렵습니다.)",세럼/에센스 단계에서 발라줍니다 1) 이마와 코 부분은 부담스럽지 않을 정도로 조금만 가볍게 발라줍니다 2) 볼 부분은 에센스를 듬뿍 발라 스며들 때까지 충분히 문질러줍니다. 3) 눈 밑 부분은 피아노치듯 가볍게 두드려 주면서 피부에 흡수시켜줍니다,Skincare,Essence Serum Ampoule
에스트라 리제덤365 모공탄력 캡슐세럼 30ml,40800,36개월(개봉후 1년),"아침, 저녁 세안 후 적당량을 취하여 마사지하듯 얼굴 전체에 골고루 펴 발라 흡수시켜 줍니다.",Skincare,Essence Serum Ampoule
[3일 리프팅] 메디톡스 뉴라덤 코어타임 앰플 2개입,39900,제조일로부터 36개월,"코어타임 앰플 뚜껑을 열고, 앰플 용기의 버튼 부분을 시계 반대방향으로 돌려 잠금을 풀어줍니다. 아침 저녁 세안 후 토너/스킨 단계 후에 주름 개선이 필요한 부위에 충분히 도포 해줍니다. 안쪽에서 바깥쪽으로 피부결을 따라 마사지하듯 롤링하여 충분히 흡수해줍니다.",Skincare,Essence Serum Ampoule
[티아미돌세럼/광채홈케어] 유세린 이븐래디언스 일루미네이팅 세럼 30ml 기획 (+나이트크림 7ml+마스크팩1매),39900,1095,"세안 후 토너로 얼굴결을 정돈한 후 얼굴 전체에 도포하여 흠수 시켜 줍니다,",Skincare,Essence Serum Ampoule
[매끈쫀쫀/모공세럼] 메디큐브 제로 모공 원데이 세럼 30ml,19900,"개봉전 24개월, 개봉후 12개월",토너 사용 후 본품을 적당량 덜어 피부 결을 따라 골고루 펴 발라 가볍게 두드리듯 흡수시켜 줍니다.,Skincare,Essence Serum Ampoule
울트라브이 이데베논 프레스티지 앰플 3개입,39000,제조일로부터 36개월(개봉후12개월),1. 제품 하단의 버튼을 '딸깍' 소리가 날때까지 화살표 방향으로 돌려 주세요. 2. 하단 버튼 부분을 힘있게 눌러 터뜨려서 1제를 2제와 혼합해줍니다. 3. 1제와 2제가 잘 혼합되도록 15~20회이상 위아래로 흔들어줍니다. 4. 세안 후 피부결을 정돈하고 적당량을 피부에 펴바릅니다.,Skincare,Essence Serum Ampoule
[흔적멜팅세럼] 셀인샷 트라넥 글루타샷 50ml,39000,36개월 / 개봉 후 12개월,세안 후 적당량을 취해 피부결에 따라 얼굴 전체 혹은 집중 케어가 필요한 부위에 고루 펴 발라 흡수 시켜 준 후 보습감이 있는 스킨케어를 덧발라 마무리해 줍니다,Skincare,Essence Serum Ampoule
[트러블흔적] 넘버즈인 1번 판토텐산 액티브업 드레싱 파우더,12000,제조일로부터 36개월 / 개봉 후 12개월,스킨케어 1:파우더 0.2 비율로 섞은 후 피부에 가볍게 발라 흡수시켜주세요. 스킨케어 마지막 단계에 파우더를 면봉에 묻혀 트러블이 올라온 부위에 단독으로 콕 찍어 도포해주세요.,Skincare,Essence Serum Ampoule
[올영단독특가] 딕셔니스트 아미노산 앰플 30ml,38000,개봉 후 12개월,적당량을 덜어 피부 결을 따라 부드럽게 펴 발라 줍니다.,Skincare,Essence Serum Ampoule
[기미잡티] 달바 비타 토닝 캡슐 세럼 50ml,38000,"제조일로부터 30개월, 개봉 후 10개월",세안 후 적당량을 손에 덜어 피부 결을 따라 부드럽게 펴 바른 후 가볍게 두드려 흡수시켜 줍니다. TIP. 2~3번 레이어링 하면 보습·영양 집중 케어에 도움을 줍니다.,Skincare,Essence Serum Ampoule
토리든 셀메이징 비타C 브라이트닝 앰플 30ml 기획 (+10ml),18200,30개월 (개봉 후 12개월),본 제품이 적당량을 덜어 피부에 골고루 펴 바른 후 톡톡 두들겨 흡수시켜 줍니다.,Skincare,Essence Serum Ampoule
헤브블루 살몬 PDRN 케어링 센텔라 앰플 30ml,28600,"개봉 전 36개월, 개봉 후 12개월","개봉 전 36개월, 개봉 후 12개월",Skincare,Essence Serum Ampoule
[흔적잡티케어/PDRN] 차앤박 더마앤서 핑크토닝 딥인샷 앰플 30ml 기획 (+15ml),27500,제조일로부터 36개월/ 개봉 후 12개월,앰플/에센스 단계에 적당량을 취해 피부에 골고루 펴발라줍니다.,Skincare,Essence Serum Ampoule
[리뷰이벤트] 잇츠스킨 닥터세이버스 세럼 30ml 5종 택1,8460,개봉 사용기간 : 개봉 후 12개월 / 품질보증기간 : 36개월,적당량(스포이드 2-3회)을 덜어 얼굴과 목 등에 부드럽게 펴 발라 흡수시켜줍니다.,Skincare,Essence Serum Ampoule
[1+1]비욘드 엔젤아쿠아 수분가득진정앰플 더블기획(50mlX2입)(비건),28000,"제조일로부터 36개월, 개봉 후 12개월","세안 후 토너로 피부결을 정돈하고, 에센스 단계에서 적당량을 취해 얼굴에 펴 바른 후 가볍게 두드려 흡수시켜 줍니다.",Skincare,Essence Serum Ampoule
[흔적/잡티앰플]듀이트리 AC딥 흔적 진정 앰플 기획(60ml+패드6매),16100,"제조 후 30개월, 개봉 후 12개월",아침/저녁 세안 후 에센스 단계에서 적당량을 덜어 얇게 발라줍니다,Skincare,Essence Serum Ampoule
[더블+키링] 라운드랩 소나무 진정 시카 앰플 30ml 리필 기획 (+네잎클로멍 키링),28000,"제조일로부터 30개월, 개봉 후 12개월",에센스 단계에서 적당량을 덜어 얼굴 전체에 부드럽게 흡수시켜 줍니다.,Skincare,Essence Serum Ampoule
[케로피콜라보/50+50ml]비욘드 엔젤아쿠아 수분진정앰플 50ml 1+1 기획 (거울 키링 증정),28000,"개봉전 제조일로부터 36개월, 유통기한 개봉후 12개월","세안 후 토너로 피부결을 정돈하고, 에센스 단계에서 적당량을 취해 얼굴에 펴 바른 후 가볍게 두드려 흡수시켜 줍니다.",Skincare,Essence Serum Ampoule
차앤박 더마앤서 텐션 앵글핏 레티놀앰플 기획 (30ml+15ml),27500,제조일로부터 36개월 / 개봉 후 12개월,에센스 단계에서 본 품 적당량을 취해 얼굴 피부에 골고루 펴 바른다.,Skincare,Essence Serum Ampoule
차앤박 더마앤서 안티포어 액티브필 AHA앰플 기획 (50ml+15ml),27500,제조일로부터 36개월 / 개봉 후 12개월,에센스 단계에서 본 품 적당량을 취해 얼굴 피부에 골고루 펴 바른다.,Skincare,Essence Serum Ampoule
[톤업앰플] 퍼셀 880억/mL 글루타치온 플렉서블 리포좀 20ml,27500,제조일로부터 36개월/개봉 후 12개월,"세안 후 물기없는 맨 얼굴에 첫 단계로 흡수해준 후, 기존에 사용하던 스킨케어 루틴을 사용해 주세요.",Skincare,Essence Serum Ampoule
[디렉터파이 MADE] 더파이 시카알란 퍼스트 에센스 150ml,27200,제조일로부터 24개월 / 개봉 후 12개월,1. 닦토 : 화장솜에 에센스를 묻혀 피부 결을 따라 닦아내 주세요. 2. 흡토 : 손바닥에 에센스를 적당량 덜어 피부에 두드리며 흡수시켜 주세요. 3. 스킨팩 : 화장솜에 에센스를 듬뿍 적셔 보습과 진정이 필요한 부위에 올려놔 주세요.,Skincare,Essence Serum Ampoule
[화해어워드 1위/모공앰플] 닥터오라클 레티노타이트닝 비타민A 레티놀 앰플 50ml,27200,제조일로부터36개월(개봉후12개월),"Step1) 세안 후 토너로 피부결을 정돈합니다. Step2) 얼굴 전체 또는 피부 주름이 고민되는 부위에 적당량을 덜어 피부에 도포합니다 Step3) 제품이 피부에 잘 적응하여 불편함이 없으시다면 사용량과 사용 면적을 넓혀 얼굴 전체에 도포해 주셔도 좋습니다. [유의사항] 1) 얼굴에 사용 전 귀 뒤 쪽에 소량 발라 피부 상태를 체크해보신 후 사용하시길 권장합니다. 2) 레티노이드 성분이 함유된 제품 특성상 첫 사용 시 반드시 적응 기간이 필요합니다. 첫 사용 시 2주간은 격일 사용 권장드리며, 적응 후 매일 사용 가능합니다. 3) 적응 기간 중 피부 각질 벗겨짐, 따갑거나 붉어지는 등의 피부 자극이 발생할 수 있습니다. 4) 레티노이드 성분 함유 제품은 햇빛에 대한 피부 감수성을 증가시킬 수 있기 때문에 외출 시 선크림을 사용해 주시길 바랍니다.",Skincare,Essence Serum Ampoule
바이오던스 스킨 글로우 바이탈 앰플 30ml,27200,제조일로부터 30개월,앰플 적당량을 취해 피부에 골고루 발라줍니다.,Skincare,Essence Serum Ampoule
[1위/올영단독] 메디힐 마데카소사이드 흔적 리페어 세럼 증량 기획(40ml+20ml),26900,제조 후 36M,"토너 사용 후, 적당량을 덜어 피부 결을 따라 부드럽게 펴 바른 뒤, 가볍게 두드리며 흡수시켜 줍니다.",Skincare,Essence Serum Ampoule
[NEW/올영단독] 구달 피그애씨드 펩타이드 스킨부스터샷 에센스 120ml 기획(+31ml+화장솜),26000,개봉 전 36개월 개봉 후 12개월,본품 적당량을 취해 피부에 골고루 펴 바른다.,Skincare,Essence Serum Ampoule
[목주름 개선] 도미나스 앳클리닉 레티놀 1600 넥 샷 목주름 세럼 30ml,25900,제조일자로부터 36개월,"아침, 저녁 세안 후 목 주변 전체에 펴 발라, 목 안쪽에서 위로 쓸어 올리는 듯한 동작으로 부드럽게 바릅니다. 얼굴과 데콜테 부위도 함께 사용 가능합니다.",Skincare,Essence Serum Ampoule
[3일 잡티 세럼/화잘먹] 로벡틴 비타 다크 스팟 세럼 30ml 기획 (+5ml),25600,"개봉 전 3년, 개봉 후 1년 이내",세안 후 잡티가 고민 되는 부위에 적당량을 덜어 피부 결을 따라 펴 발라줍니다. *고함량 비타민 제품으로 직사광선을 피해 서늘한 곳에서 보관해주세요.,Skincare,Essence Serum Ampoule
[리프팅앰플] 퍼셀 82% 하이-도즈 펩타이드 포뮬라 20ml,27500,제조일로부터 36개월/개봉 후 12개월,"세안 후 물기없는 맨 얼굴에 첫 단계로 흡수해준 후, 기존에 사용하던 스킨케어 루틴을 사용해 주세요.",Skincare,Essence Serum Ampoule
아크네스 스팟 클리어 크림 패치 18g,7500,"개봉전 30개월, 개봉 후 12개월","1. 트러블, 피부 고민 부위에 도톰하게 얹어주세요. 2. 15분 뒤 굳으면 물로 세안해주세요. 3. 밤에 자기 전 바르고, 아침에 일어나서 세안 시 닦아내도 무방합니다.",Skincare,Essence Serum Ampoule
디오디너리 그랜액티브 레티노이드 5% 인 스쿠알란 30ml,25400,"개봉 전 36개월, 개봉 후 3개월(제조연월 별도 표기)","저녁에 워터 베이스 세럼 사용 후, 무거운 트리트먼트의 사용 전에 소량을 얼굴 전체에 발라주세요. 다른 레티노이드 트리트먼트와 함께 사용하지 마세요. 자외선 차단제를 꼭 사용해주세요. 개봉 후 냉장보관하세요. 자극이 발생할 경우 사용을 중단하고 의사와 상의하시기 바랍니다. 손상되지 않은 피부에 지시된 대로만 사용하세요. 사용 전 패치 테스트를 권장합니다. 패치 테스팅 가이드 카드 또는 당사 웹사이트의 패치 테스트 상세 가이드를 참조하세요. 어린이의 손이 닿지 않는 곳에 보관합니다. 주의사항: 레티노이드는 피부를 자외선에 더 민감하게 만들 수 있습니다. 레티노이드 사용 시 자외선 차단은 특히 중요합니다. 이 제품을 레티놀이나 레티노산을 함유한 다른 레티노이드 제품과 함께 사용하지 마세요. 이 제품은 여드름 치료제가 아닙니다. 여드름성 피부에 레티노이드 제품을 사용한다면, 처음 몇 주 동안 일시적으로 여드름이 증가할 수 있습니다. 참고: 임신 중 혹은 모유 수유 중이라면 그랜액티브 레티노이드와 레티놀 성분을 포함하여 어떠한 형태의 레티노이드를 함유한 제품이던 사용하지 않는 것을 추천 드립니다.",Skincare,Essence Serum Ampoule
[순수비타민/기미잡티] 블리브유 더 리얼 비타 C 20 앰플 12ml,11900,"제조일로부터 24개월, 개봉 후 6개월","스포이드로 캡을 교체한 후 스킨케어 첫 단계 혹은 앰플 단계에서 적당량을 덜어내, 부드럽게 펴발라 주며 충분히 흡수시켜 줍니다. *낮에 사용할 경우 반드시 자외선 차단제를 함께 발라주세요.",Skincare,Essence Serum Ampoule
[화잘먹/수분결광] 더랩바이블랑두 올리고 히알루론산 딥 글로우 세럼 85ml,25000,"개봉 전 30개월, 개봉 후 12개월","아침, 저녁으로 적당량을 덜어 피부에 골고루 펴 바른 후 톡톡 두드려 흡수시켜 줍니다. TIP. 바쁜 아침에는 적당량을 1회, 피부 휴식기인 저녁에는 적당량을 2회 정도 레이어링하여 사용하는 것을 추천 드립니다.",Skincare,Essence Serum Ampoule
앰플엔 히알루론샷 수분 앰플 100ml,24900,제조일로부터 36개월,토너 다음 단계에서 적당량을 덜어 얼굴 전체에 마사지하듯 펴발라 줍니다.,Skincare,Essence Serum Ampoule
코스알엑스 풀핏 프로폴리스 라이트 앰플 40ml 1+1 기획 (2405),20000,제조일로부터 36개월 이내.,스킨케어의 에센스 또는 앰플 단계에서 적당량을 취해 피부에 골고루 펴 바릅니다.,Skincare,Essence Serum Ampoule
미구하라 울트라 화이트닝 퍼펙트 앰플 50ml,24700,제조일로부터 2년,적당량을 덜어 피부에 골고루 펴 바릅니다.,Skincare,Essence Serum Ampoule
[NEW/잡티흔적세럼] 비긴스 바이 정샘물 핑크 구아바 글루타치온 흔적 세럼 30ml,24000,개봉 후 12개월 이내 사용 권장 (제조연월 별도 표기),적당량을 덜어 얼굴에 골고루 펴 발라줍니다.,Skincare,Essence Serum Ampoule
루트리 오디베리 5중 모공 리파이닝 앰플 50ml,23800,제조일로부터 36개월 / 개봉 후 12개월,매일 아침·저녁 세럼 단계에서 얼굴과 목부위에 마사지 하듯이 부드럽게 펴 바릅니다.,Skincare,Essence Serum Ampoule
[모공에센스] VT 리들샷 100 에센스 50ml (+리들샷 300 1ml*3ea기획 / 단품),23500,개봉전 36개월 / 개봉 후 12 개월,"저녁 스킨케어 시, 깨끗하게 세안이 완료된 맨 얼굴에 적당량을 덜어 손가락으로 꾹꾹 누르듯이 펴 발라줍니다.",Skincare,Essence Serum Ampoule
[미백/화잘먹세럼] 반코르 바쿠치올 세럼 비사보롤 30ml,23380,제조일자로부터 2년,적당량을 덜어 부드럽게 펴 발라 줍니다.,Skincare,Essence Serum Ampoule
[잡티없는 투명 피부] 아렌시아 홀리 히솝 세럼 12 30ml,23200,"제조일로부터 36개월, 개봉 후 6개월",아침/저녁 본품 적당량을 취해 피부에 골고루 펴바릅니다.,Skincare,Essence Serum Ampoule
[미백톤업] 코스알엑스 더 비타민C 23 미백톤업 세럼 20g,23000,상품 발송일 기준으로 사용기한이 12개월 이상 남아있는 제품부터 순차적으로 판매 (유통기한 24개월 / 개봉 수 2개월 이내 사용 권장),세안 후 세럼 단계에서 적당량을 얼굴에 떨어뜨려 손가락 끝으로 얼굴 안쪽에서 바깥쪽으로 롤링하며 흡수시켜줍니다. 1. 동봉 된 스포이드 체결 후 가볍게 좌우로 1~2번 흔들어주세요.(개봉 전에 흔들게 되면 넘침 현상이 발생할 수 있습니다. 2. 양 볼 광대뼈 부위에 도포해주세요. 3.볼 > 이마 > 턱(목) 순으로 피부의 결을 따라 롤링 동작으로 펴 발라주세요. 4.탄력이 고민인 C존을 중심으로 C컬 리프트 동작을 더해 피부의 단력을 케어해주세요. 5.그 다음 단계 스킨케어 제품을 얼굴 안쪽에서 바깥쪽으로 펴 발라주세요. *본 제품을 낮에 사용하실 경우 자외선차단제를 꼭 함께 바르시길 바랍니다.,Skincare,Essence Serum Ampoule
디오디너리 아스코빌 글루코사이드 솔루션 12% 30ml,22500,개봉 후 6개월(제조연월 별도표기),아침저녁으로 몇 방울을 바릅니다. 자극이 발생할 경우 사용을 중단하고 의사와 상의하시기 바랍니다. 손상되지 않은 피부에 지시된 대로만 사용하세요. 사용 전 패치 테스트를 권장합니다. 패치 테스팅 가이드 카드 또는 당사 웹사이트의 패치 테스트 상세 가이드를 참조하세요. 어린이의 손이 닿지 않는 곳에 보관합니다.,Skincare,Essence Serum Ampoule
엠도씨 화이트닝 톤업 크림 (본품50ml+20ml 추가 증정),22500,"2년이내 생산된 제품을 순차적으로 발송, 개봉 후 1년","적당량을 취해 얼굴에 골고루 펴 바른 후 흡수 시켜 줍니다. (얼굴 안쪽에서 바깥쪽으로 펴 발라 흡수시켜 주시고 목, 팔 등 화사한 피부톤으로 표현하고 싶은 부위에 사용 가능합니다.)",Skincare,Essence Serum Ampoule
[NEW] 아비노 트리플 오트 세럼 30ml,22400,3년,"손에 펌프를 두 번 눌러 제품을 덜어냅니다. 세안 후, 보습제를 바르기 전에 얼굴에 부드럽게 펴 발라줍니다. 하루에 두 번, 아침과 저녁에 사용할 수 있습니다.",Skincare,Essence Serum Ampoule
비욘드 엔젤아쿠아 워터 에센스 인 로션 200ml (비건),22000,"개봉전 제조일로부터 36개월, 유통기한 개봉후 9개월",스킨케어 첫 단계 또는 토너 사용 후 적당량을 덜어내어 피부에 수분을 전달하듯 부드럽게 펴 발라 줍니다.,Skincare,Essence Serum Ampoule
디오디너리 알로에 2% + NAG 2% 솔루션 30ml,22000,개봉 후 12개월(제조연월 별도표기),아침저녁으로 몇 방울을 얼굴에 사용해 주세요. 자극이 발생할 경우 사용을 중단하고 의사와 상의하시기 바랍니다. 손상되지 않은 피부에 지시된 대로만 사용하세요. 사용 전 패치 테스트를 권장합니다. 패치 테스팅 가이드 카드 또는 당사 웹사이트의 패치 테스트 상세 가이드를 참조하세요. 어린이의 손이 닿지 않는 곳에 보관합니다.,Skincare,Essence Serum Ampoule
스킨1004 마다가스카르 센텔라 프로바이오시카 인텐시브 앰플 50ml,22000,개봉 후 12개월 이내에 사용 권장/ 제조 후 36개월,스포이드로 적당량을 덜어 얼굴 전체에 마사지하듯 발라준 후 손바닥으로 가볍게 두드려 흡수시켜 줍니다.,Skincare,Essence Serum Ampoule
몰바니 율피 포어 타이트닝 세럼 50ml,21600,개봉전 36개월 / 개봉 후 12 개월,에센스로 피부 결을 정돈 후 적당량을 덜어 피부 결대로 고르게 발라 흡수시켜줍니다.,Skincare,Essence Serum Ampoule
[한정기획] 아이소이 모이스춰 닥터 장수진 수분앰플 40ml 한정기획 (+수분크림10ml),21600,제조일자로부터 3년 개봉 후 6개월 사용권장,"토너로 피부결을 정돈한 후, 스포이드로 적당량을 덜어 얼굴 전체에 고르게 펴 발라주세요.",Skincare,Essence Serum Ampoule
[10ml 소용량] 넘버즈인 3번 블루 바이오 레티놀 모공 리모델링 앰플 소용량 10ml (1ml*10개),9900,제조일로부터 30개월 / 개봉 후 12개월,"적당량을 덜어 피부결을 따라 부드럽게 펴 바른 후, 가볍게 두드려 흡수시켜 줍니다. *효능 성분이 고함량 포함된 제형으로 아침 사용 시 자외선 차단제를 덧바를 것을 권장합니다. *푸른색은 인공색소가 아닌 원료 고유의 색상으로 고온과 직사광선에 장시간 노출 시 변색 현상이 발생할 수 있으나 제품에는 이상 없는 점 안내드립니다.",Skincare,Essence Serum Ampoule
빌리프 뉴메로 10 에센스 50ml,21000,"개봉전 제조일로부터 36개월, 유통기한 개봉후 12개월",욕실에서 세안 직후에 타올로 물기를 가볍게 제거하고 촉촉하게 수분이 남아 있는 상태에서 2~3회 펌핑하여 적당량을 취한 후 피부결을 따라 고르게 펴 발라 줍니다. 사용 후에는 평소 사용하는 순서대로 기초 스킨 케어를 하도록 합니다.,Skincare,Essence Serum Ampoule
[대용량/단독기획] 구달 어성초 히알루론 수딩 앰플 50ml 기획 (+33ml),26000,개봉 전 : 36개월 / 개봉 후 : 12개월,적당량을 덜어 피부결을 따라 부드럽게 펴 발라준 후 가볍게 두드려 흡수시켜 줍니다.,Skincare,Essence Serum Ampoule
파티온 노스카나인 트러블 흔적앰플 15ml,20000,"제조일로부터 36개월, 개봉 후 12개월 (2023년 8월 이후 제조된 상품만을 취급)",본품 적당량을 취해 피부에 골고루 펴 바른다..,Skincare,Essence Serum Ampoule
[녹는실앰플] 앰플엔 펩타이드샷 2X 모공탄력앰플 100ml,19900,"제조일로부터 36개월, 개봉후 12개월",토너 다음 단계에서 적당량을 덜어 얼굴 전체에 마사지하듯 펴 발라 줍니다.,Skincare,Essence Serum Ampoule
[1등 모공앰플] 디마르3 시그니처 에스투드 프로텍터 모공 앰플 30ml,19900,유통기한 36개월 / 개봉후 12개월,"데미지타임을 연구한 노하우를 담은 대용량 앰플입니다. 낮 동안의 피부를 보호하도록 고안된 앰플로, 스킨 대신 아침에 사용하세요.",Skincare,Essence Serum Ampoule
[모공케어/피부결] 닥터지 바쿠치올 포어젯 세럼 30ml 기획 (+포어젯 스피큘 패드 2매 증정),19900,36개월(개봉 후 12개월),"아침, 저녁 세안 후 적당량을 덜어 피부결을 따라 부드럽게 펴 바른 후 가볍게 두드려 흡수시켜줍니다.",Skincare,Essence Serum Ampoule
[중요한날하루전] 웰라쥬 원데이키트 7개입 3종 택1 (히알/시카/콜라겐),19800,제조일로부터 36개월,1. 세안 후 토너로 피부결을 정돈합니다. 2. 캡슐 한 알을 개봉하여 솔루션을 얼굴 전체에 도포할 만큼 충분히 취해 캡슐에 떨어트려 줍니다. 3. 액상 형태로 변한 캡슐을 피부에 고루 펴 발라 흡수시켜 줍니다. 4. 그대로 스킨케어를 마무리 하거나 건조한 피부타입의 경우 로션이나 크림 단계를 추가하셔도 좋습니다.,Skincare,Essence Serum Ampoule
메디힐 티트리 진정 수분 앰플(50ml),19800,개봉 후 즉시 개봉 전 36M,적당량을 취해 얼굴 및 목 등에 두드리듯이 부드럽게 골고루 펴 바르고 흡수시켜 줍니다.,Skincare,Essence Serum Ampoule
[모공에센스] VT 리들샷 100 에센스 50ml (+리들샷 300 1ml*3ea기획 / 단품),23500,개봉전 36개월 / 개봉 후 12 개월,"저녁 스킨케어 시, 깨끗하게 세안이 완료된 맨 얼굴에 적당량을 덜어 손가락으로 꾹꾹 누르듯이 펴 발라줍니다.",Skincare,Essence Serum Ampoule
[잡티없는 투명 피부] 아렌시아 홀리 히솝 세럼 12 30ml,23200,"제조일로부터 36개월, 개봉 후 6개월",아침/저녁 본품 적당량을 취해 피부에 골고루 펴바릅니다.,Skincare,Essence Serum Ampoule
[미백톤업] 코스알엑스 더 비타민C 23 미백톤업 세럼 20g,23000,상품 발송일 기준으로 사용기한이 12개월 이상 남아있는 제품부터 순차적으로 판매 (유통기한 24개월 / 개봉 수 2개월 이내 사용 권장),세안 후 세럼 단계에서 적당량을 얼굴에 떨어뜨려 손가락 끝으로 얼굴 안쪽에서 바깥쪽으로 롤링하며 흡수시켜줍니다. 1. 동봉 된 스포이드 체결 후 가볍게 좌우로 1~2번 흔들어주세요.(개봉 전에 흔들게 되면 넘침 현상이 발생할 수 있습니다. 2. 양 볼 광대뼈 부위에 도포해주세요. 3.볼 > 이마 > 턱(목) 순으로 피부의 결을 따라 롤링 동작으로 펴 발라주세요. 4.탄력이 고민인 C존을 중심으로 C컬 리프트 동작을 더해 피부의 단력을 케어해주세요. 5.그 다음 단계 스킨케어 제품을 얼굴 안쪽에서 바깥쪽으로 펴 발라주세요. *본 제품을 낮에 사용하실 경우 자외선차단제를 꼭 함께 바르시길 바랍니다.,Skincare,Essence Serum Ampoule
디오디너리 아스코빌 글루코사이드 솔루션 12% 30ml,22500,개봉 후 6개월(제조연월 별도표기),아침저녁으로 몇 방울을 바릅니다. 자극이 발생할 경우 사용을 중단하고 의사와 상의하시기 바랍니다. 손상되지 않은 피부에 지시된 대로만 사용하세요. 사용 전 패치 테스트를 권장합니다. 패치 테스팅 가이드 카드 또는 당사 웹사이트의 패치 테스트 상세 가이드를 참조하세요. 어린이의 손이 닿지 않는 곳에 보관합니다.,Skincare,Essence Serum Ampoule
엠도씨 화이트닝 톤업 크림 (본품50ml+20ml 추가 증정),22500,"2년이내 생산된 제품을 순차적으로 발송, 개봉 후 1년","적당량을 취해 얼굴에 골고루 펴 바른 후 흡수 시켜 줍니다. (얼굴 안쪽에서 바깥쪽으로 펴 발라 흡수시켜 주시고 목, 팔 등 화사한 피부톤으로 표현하고 싶은 부위에 사용 가능합니다.)",Skincare,Essence Serum Ampoule
[NEW] 아비노 트리플 오트 세럼 30ml,22400,3년,"손에 펌프를 두 번 눌러 제품을 덜어냅니다. 세안 후, 보습제를 바르기 전에 얼굴에 부드럽게 펴 발라줍니다. 하루에 두 번, 아침과 저녁에 사용할 수 있습니다.",Skincare,Essence Serum Ampoule
비욘드 엔젤아쿠아 워터 에센스 인 로션 200ml (비건),22000,"개봉전 제조일로부터 36개월, 유통기한 개봉후 9개월",스킨케어 첫 단계 또는 토너 사용 후 적당량을 덜어내어 피부에 수분을 전달하듯 부드럽게 펴 발라 줍니다.,Skincare,Essence Serum Ampoule
디오디너리 알로에 2% + NAG 2% 솔루션 30ml,22000,개봉 후 12개월(제조연월 별도표기),아침저녁으로 몇 방울을 얼굴에 사용해 주세요. 자극이 발생할 경우 사용을 중단하고 의사와 상의하시기 바랍니다. 손상되지 않은 피부에 지시된 대로만 사용하세요. 사용 전 패치 테스트를 권장합니다. 패치 테스팅 가이드 카드 또는 당사 웹사이트의 패치 테스트 상세 가이드를 참조하세요. 어린이의 손이 닿지 않는 곳에 보관합니다.,Skincare,Essence Serum Ampoule
[단독기획/추가증정] 셀리맥스 브라이트닝 모공잡티 세럼 30ml 기획(+10ml),22000,제조일자로부터 30개월/ 개봉 후 12개월,토너(패드) 다음 단계에 적당량을 덜어 피부에 골고루 펴 발라 흡수시켜 줍니다.,Skincare,Essence Serum Ampoule
스킨1004 마다가스카르 센텔라 프로바이오시카 인텐시브 앰플 50ml,26000,개봉 후 12개월 이내에 사용 권장/ 제조 후 36개월,스포이드로 적당량을 덜어 얼굴 전체에 마사지하듯 발라준 후 손바닥으로 가볍게 두드려 흡수시켜 줍니다.,Skincare,Essence Serum Ampoule
[민카롱Pick/광채/화잘먹] 퍼셀 픽셀바이옴 글로우 배리어 세럼 50ml,23500,제조일로부터 36개월/개봉 후 12개월,세안 후 토너로 피부결을 정돈한 상태에서 적당량을 덜어 피부에 흡수시켜줍니다.,Skincare,Essence Serum Ampoule
몰바니 율피 포어 타이트닝 세럼 50ml,21600,개봉전 36개월 / 개봉 후 12 개월,에센스로 피부 결을 정돈 후 적당량을 덜어 피부 결대로 고르게 발라 흡수시켜줍니다.,Skincare,Essence Serum Ampoule
[한정기획] 아이소이 모이스춰 닥터 장수진 수분앰플 40ml 한정기획 (+수분크림10ml),21600,제조일자로부터 3년 개봉 후 6개월 사용권장,"토너로 피부결을 정돈한 후, 스포이드로 적당량을 덜어 얼굴 전체에 고르게 펴 발라주세요.",Skincare,Essence Serum Ampoule
빌리프 뉴메로 10 에센스 50ml,21000,"개봉전 제조일로부터 36개월, 유통기한 개봉후 12개월",욕실에서 세안 직후에 타올로 물기를 가볍게 제거하고 촉촉하게 수분이 남아 있는 상태에서 2~3회 펌핑하여 적당량을 취한 후 피부결을 따라 고르게 펴 발라 줍니다. 사용 후에는 평소 사용하는 순서대로 기초 스킨 케어를 하도록 합니다.,Skincare,Essence Serum Ampoule
반코르 닥터 스쿠알란 속보습 앰플 50ml,20830,제조일로부터 2년,"적당량을 덜어 펴 바른 후, 가볍게 두드리며 흡수시켜 줍니다.",Skincare,Essence Serum Ampoule
오드로이 레티놀 0.03퍼센트 피어니 앰플 필리디 50ml,20820,제조일로부터 2년,"적당량을 덜어 펴 바른 후, 가볍게 두드리며 흡수시켜 줍니다.",Skincare,Essence Serum Ampoule
[중요한날하루전] 웰라쥬 원데이키트 1개입 3종 택1 (히알/시카/콜라겐),2950,바이오캡슐:사용기한 30개월 / 블루솔루션:30개월,1. 세안 후 토너로 피부결을 정돈합니다. 2. 캡슐 한 알을 개봉하여 솔루션을 얼굴 전체에 도포할 만큼 충분히 취해 캡슐에 떨어트려 줍니다. 3. 액상 형태로 변한 캡슐을 피부에 고루 펴 발라 흡수시켜 줍니다. 4. 그대로 스킨케어를 마무리 하거나 건조한 피부타입의 경우 로션이나 크림 단계를 추가하셔도 좋습니다.,Skincare,Essence Serum Ampoule
[1등 진정세럼] 파넬 시카마누 92세럼30ml,19900,제조일로부터 36개월 / 개봉일로부터 12개월 (사용기한 : 최소 2025년 8월 18일 이후까지인 상품만을 취급),토너 다음 단계에서 내용물을 적당량 덜어 피부결을 따라 부드럽게 펴 발라준 후 가볍게 두드려 흡수시켜 줍니다.,Skincare,Essence Serum Ampoule
[1등 모공앰플] 디마르3 시그니처 에스투드 프로텍터 모공 앰플 30ml,19900,유통기한 36개월 / 개봉후 12개월,"데미지타임을 연구한 노하우를 담은 대용량 앰플입니다. 낮 동안의 피부를 보호하도록 고안된 앰플로, 스킨 대신 아침에 사용하세요.",Skincare,Essence Serum Ampoule
[수분광] 메디필 히알루론산 레이어 물톡스 앰플 더블 기획 30ml+30ml,19800,개봉 전 36개월 / 개봉 후 12개월,"스킨 사용 후, 적당량을 덜어 피부결을 따라 고르게 펴 발라 흡수시켜 줍니다.",Skincare,Essence Serum Ampoule
어퓨 마데카소사이드 테트라좀시카 앰플 50ml,19600,개봉전 36개월 (개봉후12개월),"토너 사용 후, 에센스 단계에서 적당량을 취하여 얼굴 전체에 부드럽게 펴 발라 흡수시켜 줍니다.",Skincare,Essence Serum Ampoule
[흔적케어] 코스알엑스 더 알파 - 알부틴 세럼 50ml,19500,유통기한 36개월 / 개봉 후 12개월 이내 사용 권장,세안 후 세럼 단계에서 적당량을 덜어 골고루 흡수시킵니다.,Skincare,Essence Serum Ampoule
시드물 알로에 에센셜 지성용 165ml,8900,제조년월일: 2022년 08월 02일(730일),"적당량을 덜은 후 피부에 바르시고, 살살 두드려 흡수시켜 줍니다. 건조하고,민감한 부분에는 수회 덧발라 줍니다.(단,사용량이 너무 많은 경우 밀리는 현상이 생길 수 있습니다.)",Skincare,Essence Serum Ampoule
[스무살 앰플] 아이디플라코스메틱 엑소브이 플러스 앰플 30ml,19250,제조일자로 부터 36개월,1) 처음 사용 시 캡을 교체하여 주세요. 2) 사용 직전 2개의 포뮬러가 잘 섞이도록 흔들어 줍니다. 3) 적당량을 덜어 얼굴 전체에 부드럽게 펴 발라 흡수시켜 줍니다.,Skincare,Essence Serum Ampoule
배드스킨 콜라겐 밤 하이드레이팅 앰플 400ml 기획(+100ml),18900,사용기한 제품 별도 표기/ 개봉 후 12개월,본 품 적당량을 덜어 부드럽게 마사지하듯 펴 발라 줍니다.,Skincare,Essence Serum Ampoule
[톤업세럼] 아누아 복숭아 나이아신아마이드 세럼 30mL,18900,"제조일로부터 36개월, 개봉 후 12개월","1. 데일리 #산뜻한사용감 #봄여름 #지복합성 스포이드를 채운 뒤 손바닥에 덜어 피부에 골고루 펴 발라줍니다. 손에 남은 양은 목이나, 손에 발라주시면 좋습니다. 2. 집중 케어 #촉촉한사용감 #가을겨울 #건성 스포이드를 채운 뒤 양 볼에 적당량을 떨어뜨려 손으로 골고루 펴 발라 줍니다. 손에 남은 양은 목이나, 손에 발라주시면 좋습니다.",Skincare,Essence Serum Ampoule
[토닝빛세럼/슬로우에이징] 셀퓨전씨 토닝 C 잡티세럼 30ml,18600,개봉 전 30개월 / 개봉 후 12개월,토너 다음 단계*에서 사용해주세요. (*토너로 피부결을 정돈한 후) 데일리로 사용할 때는 선크림으로 마무리하여 자외선으로부터 피부를 지켜주세요.,Skincare,Essence Serum Ampoule
토리든 솔리드인 세라마이드 올데이 에센스 100ml,18200,제조일로부터 36개월 / 개봉 후 12개월,본 제품의 적당량을 덜어 피부에 골고루 펴 바른 후 가볍게 두드려 흡수시켜 줍니다.,Skincare,Essence Serum Ampoule
어바웃미 숲 진정 수분 세럼 50ml,18200,"제조일로부터 36개월, 개봉 후 12개",토너 사용 후 적당량을 덜어 피부결을 따라 부드럽게 펴 바른 후 가볍게 두드려 흡수시켜 줍니다.,Skincare,Essence Serum Ampoule
라로슈포제 에빠끌라 AI 15ml,18000,제조일로부터 3년 이내 / 개봉후 12개월,"아침 저녁, 적당량을 덜어 트러블과 그 주변 부위에 수시로 얇게 펴 발라주거나 잠들기 전 트러블 위치에 두껍게 찍어 발라줍니다.",Skincare,Essence Serum Ampoule
[쿨링입문템/4계절쿨링] 셀퓨전씨 포스트 알파 쿨링 스킨 부스터 세럼 150ml+30ml 기획세트,19600,제조일로부터 36개월 / 개봉 후 12개월,"세안 후 스킨케어 첫 단계에서 적당량을 얼굴에 덜어 부드럽게 펴 발라 흡수시켜준 뒤, 여러 번 충분히 덧발라 풍부한 효능을 피부에 전달시켜줍니다.",Skincare,Essence Serum Ampoule
비욘드 엔젤아쿠아 비타 C 7% 잡티 앰플 30ml (비건),16800,"개봉전 제조일로부터 24개월, 유통기한 개봉후 3개월",토너 사용 후 세럼 및 에센스 단계에서 스포이드로 2~3방울을 얼굴 피부에 부드럽게 펴 발라 줍니다.,Skincare,Essence Serum Ampoule
오드로이 75퍼센트 시카 앰플 로프디 50ml,16070,제조일로부터 2년,적당량을 덜어 가볍게 두드리며 흡수시켜 줍니다.,Skincare,Essence Serum Ampoule
[화해1위] 아누아 피디알엔 히알루론산 캡슐 100 세럼 1ml*10ea,15000,30개월 / 개봉 후 즉시 사용,"적당량을 취해, 피부에 펴 바릅니다.",Skincare,Essence Serum Ampoule
[집중진정앰플/리필] 라운드랩 소나무 진정 시카 앰플 30ml 리필팩,14900,"제조일로부터 30개월, 개봉 후 12개월",에센스 단계에서 적당량을 덜어 얼굴 전체에 부드럽게 흡수시켜 줍니다.,Skincare,Essence Serum Ampoule
디오디너리 히알루로닉 애시드 2% + B5 30ml,14200,개봉 후 12개월(제조연월 별도표기),아침저녁으로 몇 방울을 바릅니다. 자극이 발생할 경우 사용을 중단하고 의사와 상의하시기 바랍니다. 손상되지 않은 피부에 지시된 대로만 사용하세요. 사용 전 패치 테스트를 권장합니다. 패치 테스팅 가이드 카드 또는 당사 웹사이트의 패치 테스트 상세 가이드를 참조하세요. 어린이의 손이 닿지 않는 곳에 보관합니다.,Skincare,Essence Serum Ampoule
아임프롬 허니 세럼 30ml,14000,"제조년월일로부터 3년, 개봉 후 12개월 이내 사용 권장","아침, 저녁 적당량의 허니세럼을 덜어 얼굴 전체에 부드럽게 펴 발라줍니다. 허니크림과 함께 사용하면 눈부신 허니스파광을 경험할 수 있습니다.",Skincare,Essence Serum Ampoule
[NEW] 메디힐 저분자 히알루론산 수분 밀도 세럼 40ml,13870,제조 후  36M,"토너 사용 후, 적당량을 덜어 피부 결을 따라 부드럽게 펴 바른 뒤, 가볍게 두드리며 흡수시켜 줍니다.",Skincare,Essence Serum Ampoule
울트라브이 이데베논 프레스티지 앰플 10ml,12510,제조일로부터30개월(개봉후12개월),1. 제품 하단의 버튼을 '딸깍' 소리가 날때까지 화살표 방향으로 돌려 주세요. 2. 하단 버튼 부분을 힘있게 눌러 터뜨려서 1제를 2제와 혼합해줍니다. 3. 1제와 2제가 잘 혼합되도록 15~20회이상 위아래로 흔들어줍니다. 4. 세안 후 피부결을 정돈하고 적당량을 피부에 펴바릅니다.,Skincare,Essence Serum Ampoule
더마팩토리 PDRN 4% 앰플 30ml,12000,제조일로부터 36개월,토너 다음 단계에서 적당량을 덜어 피부결을 따라 부드럽게 바른 뒤 흡수 시켜 줍니다.,Skincare,Essence Serum Ampoule
앰플엔 세라마이드샷 보습장벽앰플 30ml,9600,"제조일로부터 36개월, 개봉후 12개월",토너 다음 단계에서 적당량을 덜어 얼굴 전체에 마사지하듯 펴 발라 줍니다.,Skincare,Essence Serum Ampoule
시드물 알로에 에센셜 중건성용 165ml,8900,제조년월일: 2022년 07월 19일(730일),"적당량을 덜은 후 피부에 바르시고, 살살 두드려 흡수시켜 줍니다. 건조하고,민감한 부분에는 수회 덧발라 줍니다.(단,사용량이 너무 많은 경우 밀리는 현상이 생길 수 있습니다.)",Skincare,Essence Serum Ampoule
더마팩토리 리얼베라 모공세럼 30ml,8000,제조일로부터 36개월,토너 다음 단계에서 적당량을 덜어 피붓결을 따라 부드럽게 바른 뒤 흡수시켜 줍니다.,Skincare,Essence Serum Ampoule
엠도씨 워터드롭 스킨 에센스 100ml,16000,"■ 제조일로부터 2년이내의 상품을 순차적으로 발송, 유통기한 개봉후 1년",■ 적당량을 취해 피부에 골고루 펴 바릅니다.,Skincare,Essence Serum Ampoule
크리니크 포 맨 맥시멈 하이드레이터 액티베이티드 워터-젤 컨센트레이트 48ml,67000,제조일로부터 36개월,- 아침 혹은 저녁에 깨끗하게 세안한 얼굴과 목에 발라 주세요. - 면도 후 피부에 사용하면 피부를 부드럽게 만들고 진정시켜줍니다.,Skincare,Essence Serum Ampoule
달팡 하이드라스킨 세럼 30ml,83000,제조일로부터 36개월,토너 사용 후 적당량을 덜어 얼굴 전체에 바르고 흡수 시켜 주세요,Skincare,Essence Serum Ampoule
마녀공장 갈락토미 나이아신 투명광채 에센스 50ml,29000,"제조일로부터 2년, 개봉 후 6개월",기초제품 사용 전에 적당량을 덜어내어 피부에 골고루 바른 후 두드리면서 충분히 흡수시켜 줍니다,Skincare,Essence Serum Ampoule
셀비엔 갈락토미세스 앰플97 150ml,18000,제조일로부터 24개월 이내 / 개봉 후 6개월 이내 사용권장,세안 후 아침 저녁으로 얼굴과 목 전체에 골고루 펴 바른뒤 두드리듯 흡수시켜 주세요.,Skincare,Essence Serum Ampoule
[수분 충전]아벤느 이드랑스 에센스 인 로션 200ml 기획 (+100ml 증정),32000,제조일로부터 3년이내,"아침 저녁 세안 후, 토너로 피부결을 정돈한 다음 얼굴과 목에 펴발라 주세요. 진한 촉촉함이 필요할 땐 손바닥에 덜어 여러번 레이어링하여 발라주어도 좋습니다.",Skincare,Essence Serum Ampoule
[광채보습] 센텔리안24 마데카 마이크로 스타톡 세럼 50ml,21950,"제조일로부터 36개월, 개봉 후 12개월",내용물을 덜어낸 뒤 원하는 부위에 도포한 후 흡수시켜줍니다.,Skincare,Essence Serum Ampoule
마녀공장 비피다 바이옴 콤플렉스 앰플 30ml,23000,"제조일로부터 3년, 개봉 후 1년",토너/스킨 사용 후 적당량을 피부 결을 따라 부드럽게 발라 흡수시켜줍니다.,Skincare,Essence Serum Ampoule
비오템 라이프 플랑크톤 클리어 에센스 200ml,97750,제조일로부터 36개월,스킨 또는 토너 다음 단계에 얼굴 전체에 가벼운 손동작으로 바릅니다. 사용 전 위 아래로 여러 번 흔들어 활성화 시킨 후 사용합니다.,Skincare,Essence Serum Ampoule
비오템 라이프 플랑크톤 세럼 50ml,127500,제조일로부터 36개월,"아침과 저녁, 워터 에센스나 아이케어 다음 단계에 사용합니다. 스포이드로 적당량을 덜어 얼굴 전체에 부드럽게 펴 발라 흡수시킵니다.",Skincare,Essence Serum Ampoule
[끝판꿀광] 스킨푸드 로열허니 프로폴리스 인리치 에센스,32000,제조일로부터 36개월 / 개봉후 12개월,"토너 사용 후 진주알만큼 내용물을 덜어 얼굴 전체에 펴 바른 뒤, 부드럽게 흡수시켜 줍니다.",Skincare,Essence Serum Ampoule
휘게 내추럴 리페어 세럼 30ml,14000,제조일로부터 3년,"1. 세안 후 적당량을 덜어냅니다. 2. 부드럽게 펴바른 후, 가볍게 두드려 흡수시켜 줍니다.",Skincare,Essence Serum Ampoule
디오디너리 아미노 애씨즈+B5,14000,개봉 후 12개월(제조연월 별도표기),아침저녁으로 얼굴에 몇 방울을 바릅니다. 사용 후 따끔거리는 감각을 느낄 수 있습니다. 따끔거리는 느낌이 참기 힘들 만큼 너무 강할 경우 포뮬러를 사용 전 선호하는 다른 크림이나 세럼에 섞어 강도를 완화하세요. 자극이 발생할 경우 사용을 중단하고 의사와 상의하시기 바랍니다. 손상되지 않은 피부에 지시된 대로만 사용하세요. 사용 전 패치 테스트를 권장합니다. 패치 테스팅 가이드 카드 또는 당사 웹사이트의 패치 테스트 상세 가이드를 참조하세요. 어린이의 손이 닿지 않는 곳에 보관합니다.,Skincare,Essence Serum Ampoule
디오디너리 마린 히알루로닉스 30ml,14000,개봉 후 12개월(제조연월 별도표기),아침저녁으로 몇 방울을 바릅니다. 자극이 발생할 경우 사용을 중단하고 의사와 상의하시기 바랍니다. 손상되지 않은 피부에 지시된 대로만 사용하세요. 사용 전 패치 테스트를 권장합니다. 패치 테스팅 가이드 카드 또는 당사 웹사이트의 패치 테스트 상세 가이드를 참조하세요. 어린이의 손이 닿지 않는 곳에 보관합니다.,Skincare,Essence Serum Ampoule
디오디너리 아스코빌 테트라이소팔미테이트 솔루션 20% 인 비타민 F 30ml,31100,개봉 후 6개월(제조연월 별도표기),아침 및/또는 저녁에 몇 방울을 바릅니다. 자극이 발생할 경우 사용을 중단하고 의사와 상의하시기 바랍니다. 손상되지 않은 피부에 지시된 대로만 사용하세요. 사용 전 패치 테스트를 권장합니다. 패치 테스팅 가이드 카드 또는 당사 웹사이트의 패치 테스트 상세 가이드를 참조하세요. 어린이의 손이 닿지 않는 곳에 보관합니다.,Skincare,Essence Serum Ampoule
DR다룸 릴리프 앰플 50ml,38000,3년 이내,스포이드로 적당량을 손에 덜어 얼굴 전체와 목 부분에 부드럽게 펴바르고 흡수시켜줍니다.,Skincare,Essence Serum Ampoule
DR다룸 아크10 스팟 젤 10ml,12000,3년 이내,피부 고민 부위를 중심으로 적당량을 바른 후 그대로 흡수시켜줍니다. *TIP: 휴대하면서 성난 피부에 수시로 발라주세요!,Skincare,Essence Serum Ampoule
[모공탄력] 폴라초이스 클리니컬 나이아신아마이드 20% 트리트먼트 20ml,62990,24개월 / 12개월,"하루에 한 두 번 클렌징, 토너, 각질 제거 후 피부에 몇 방울 떨어 트려 사용합니다. 낮에는 꼭 SPF 30 이상의 자외선 차단제로 마무리 하고 밤에는 필요에 따라 다른 트리트먼트 제품과 레이어링하거나 모이스처라이저로 마무리 합니다",Skincare,Essence Serum Ampoule
[모공컨트롤샷]폴라초이스 10% 나이아신아마이드 부스터 앰플 20ml,68400,36개월 / 12개월,"①하루에 한 번 혹은 두 번 클렌저-토너-각질 제거제 다음 단계에 사용합니다. ②모이스처라이저 혹은 세럼에 2-3방울 정도 섞어 사용해도 좋습니다. ③눈 밑, 목, 가슴 등 다양한 부위에 사용 가능합니다. ④낮에는 SPF 30 이상의 광범위 자외선 차단제로 마무리합니다",Skincare,Essence Serum Ampoule
폴라초이스 스킨 퍼펙팅 8% 아하 젤 각질제거제 100ml,42080,36개월 / 12개월,"1. 하루 한번, 혹은 두 번 토너 다음 단계에서 적당량을 덜어 눈가를 제외한 얼굴 전체에 바릅니다. 2. 물로 따로 씻어 낼 필요가 없습니다. 3. 낮시간에는 자외선 차단제를 함께 사용합니다.",Skincare,Essence Serum Ampoule
애즈이즈투비 마린 콜라겐 81 세럼 50ml,36000,제조일로부터 3년 (개봉일로부터 1년),"아침/저녁 토너 후, 적당량을 덜어 피부에 골고루 펴 발라준 후 가볍게 두드리며 흡수시켜 줍니다.",Skincare,Essence Serum Ampoule
[수분레이어링] 아크웰 리얼 아쿠아 밸런싱 앰플 35ml,20800,개봉전 36개월 / 개봉후 12개월,본 품의 적당량을 취해 얼굴에 펴 발라줍니다. 더 촉촉함이 필요한 경우 여러 번 피부에 레이어링 해주세요. 여러 번 덧발라도 끈적임 없이 산뜻한 수분감만 더블 업 됩니다. (누적 수분량 개선 임상 테스트 완료),Skincare,Essence Serum Ampoule
에스티 로더 어드밴스드 나이트 리페어 갈색병 세럼 7ml,34000,제조일로부터 36개월,"아침, 저녁 세안 후 얼굴 전체에 골고루 펴 바르고 피부 타입에 따라 모이스춰라이저를 사용합니다.",Skincare,Essence Serum Ampoule
[수분/진정] 닥터디퍼런트 시카 메탈 세럼 30ml,28730,"개봉전 36개월, 개봉후 12개월",매일 토너 다음단계에서 적당량을 덜어 얼굴에 발라준 뒤 부드럽게 두드려 흡수시켜줍니다.,Skincare,Essence Serum Ampoule
[7월 리뷰이벤트] 얼트루 아임쏘리포마이스킨 릴렉싱 앰플 30ml,16900,제조일로부터 3년,"아침, 저녁 세안 후 스킨으로 피부 결을 정돈한 뒤 적당량을 덜어 얼굴 전체에 골고루 펴 발라 흡수시켜 줍니다.",Skincare,Essence Serum Ampoule
차앤박(CNP) 히알루로닉 더마텐션 세럼 더블용량 기획(30ml+15ml*2EA),41000,36개월/개봉후 12개월,"세안 후 물기 없는 얼굴에 적당량을 덜어 눈가,입가를 제외한 얼굴 전체체 펴 발라 줍니다.",Skincare,Essence Serum Ampoule
[코어탄력세럼] 아이소이 인텐시브 리프팅 세럼 20ml 기획 (20ml+탄력스팟 3ml),25600,제조일자로부터 3년 개봉 후 6개월 사용권장,"토닉으로 피부결을 정돈한 후 에센스 단계에서 적당량을 덜어 얼굴과 목 전체에 골고루 발라주세요. 인텐시브 리프팅 세럼을 바른 후, 손바닥의 온기로 주요 혈점을 자극해주면 유효성분이 피부 깊이 스며들 뿐 아니라, 탄력근육에 힘을 키우는데도 도움이 됩니다.",Skincare,Essence Serum Ampoule
엠브리올리스 하이드라 세럼 30ml,47000,"제조일로부터 3년, 개봉 후 12개월","아침, 저녁 세안 후 토너로 피부를 정돈한 뒤 적당량을 덜어 피부에 부드럽게 흡수시켜 줍니다.",Skincare,Essence Serum Ampoule
닥터자르트 포어레미디 파하 익스폴리에이팅 세럼 30ml,30500,36개월(상품 발송 시 기준으로 사용기간 12개월 이상 제품을 발송),"사용 전 흔들어 준 후, 적당량을 덜어 지긋이 피부를 눌러주며 부드럽게 흡수시켜 줍니다. (낮에 사용할 경우 자외선 차단제를 덧발라 주세요.)",Skincare,Essence Serum Ampoule
CKD 레티노콜라겐 저분자 300 집중크림 25ml,38000,제조일로부터 36개월 / 개봉 후 12개월,"""[사용법] 이 제품은 밤에 사용하는 나이트 케어 크림입니다. 스킨케어 마지막 단계에서  완두콩 크기 정도를 덜어 얼굴 전체에 얇게 펴발라 흡수시켜 주고,  주름이 고민되는 부위에는 한번 더 덧발라줍니다. (*1회 0.4ml 사용 시 약 62회 사용 가능)""",Skincare,Essence Serum Ampoule
아이소이 모이스춰닥터 장수진 수분앰플 40ml,21600,제조일자로부터 3년 개봉 후 6개월 사용권장,"토너로 피부결을 정돈한 후, 스포이드로 적당량을 덜어 얼굴 전체에 고르게 펴 발라주세요.",Skincare,Essence Serum Ampoule
그라펜 데일리 선 에센스 SPF50+ (52g),25000,제조일로부터 36개월,본 품 적당량을 취해 피부에 골고루 펴 바른다.,Skincare,Essence Serum Ampoule
[민감피부진정] 앰플엔 센텔카밍샷 시카진정앰플 100ml,23900,"제조일로부터 36개월, 개봉후 12개월",토너 다음 단계에서 적당량을 덜어 얼굴 전체에 마사지하듯 펴 발라 줍니다.,Skincare,Essence Serum Ampoule
더마픽스 리얼 콜라겐 텐션업 멀티스틱밤,20000,"1,095일","""건조한 부위에 수시로 발라주세요. 제형 특성상 45도씨 이상의 고온에서 내용물이 흐를 수 있으며 스웨팅(물방울같이 맺히는 현상)이 발생할 수 있으나 내용물에는 이상이 없습니다. 해당 제품의 경우 식물성 오일이 함유되어 변취 혹은 변색이 있을 수 있습니다.""",Skincare,Essence Serum Ampoule
[코어탄력크림] 아이소이 인텐시브 에너자이징 크림EX 30ml,33700,제조일자로부터 3년 / 개봉 후 6개월 사용권장,"기초 스킨케어 후, 크림 사용 단계에서 적당량을 덜어 얼굴과 목에 부드럽게 흡수시켜주세요.",Skincare,Essence Serum Ampoule
달팡 인트랄 액티브 스태빌라이징 로션 100ml,108000,제조일로부터 36개월,"인트랄 액티브 스태빌라이징 로션은 세럼, 아로마, 아이 트리트먼트 후 아침과 저녁에 도포합니다. 이후 얼굴과 목에 가볍게 마사지하며 흡수시킵니다. 수분 크림 전에 가벼운 질감의 모이스처라이저 또는 밀키 로션으로서 단독 사용할 수 있습니다.",Skincare,Essence Serum Ampoule
폴라초이스 리지스트 인텐시브 레티놀 세럼 30ml,52790,24개월 / 12개월,1~2회 펌프하여 눈가를 포함한 얼굴과 목에 아침 저녁마다 바르세요.,Skincare,Essence Serum Ampoule
제이엠솔루션 릴리프 약산성 약쑥 앰플 50ml,38000,제조일로부터 3년,"토너로 가볍게 피부를 정돈한 후, 적당량을 덜어 얼굴 전체에 부드럽게 펴 발라주세요",Skincare,Essence Serum Ampoule
AHC 에이치 멜라루트 앰플 스페셜 기획 (앰플10ml*2+크림20ml+앰플4.5ml 증정),33000,개봉 전 3년 이내 / 개봉 후 1년 이내,"아침, 저녁 앰플 사용 단계에서 적당량을 취하여 피부에 부드럽게 펴 발라 흡수시켜줍니다.",Skincare,Essence Serum Ampoule
[비건파우더] 스킨푸드 미나리 스매싱 파우더 15ml,11200,사용기한: 제조일로부터 36개월,스킨케어 마지막 단계에서 용기를 흔들지 않고 캡에 결합된 실리콘 팁을 사용하여 바닥에 가라앉아 있는 파우더를 찍어 스팟 부위에 얹듯이 발라줍니다.,Skincare,Essence Serum Ampoule
[트러블/미리방지] 닥터디퍼런트 비타아크날 TX 캡슐세럼 30ml,25840,"제조일로부터 36개월, 개봉후12개월",에센스 또는 앰플 단계에서 적당량(3~5방울) 덜어 얼굴에 바른 뒤 두드려 흡수시켜 줍니다. ※ TX PORE캡슐의 흡수를 위해 얼굴에 롤링하기 보다는 두드려 흡수시키는 것을 권장합니다.,Skincare,Essence Serum Ampoule
헤이네이처 어성초 앰플 20ml (산뜻),23000,제조일부터 2년 6개월,스킨 다음 단계에서 앰플을 2~3 방울 덜어 가볍게 두드려 흡수시켜 줍니다.,Skincare,Essence Serum Ampoule
수이스킨 하얀 자작나무 수액 앰플 35ml,24000,30개월 / 개봉 후 12개월,"아침, 저녁으로 깨끗한 피부에 화장솜 또는 손으로 두드리듯 펴 발라 줍니다.",Skincare,Essence Serum Ampoule
잇츠스킨 파워 10 포뮬라 엘아이 이펙터 감초줄렌 30ml(AD),15400,제조일로부터 36개월 / 개봉 후 12개월,적당량(스포이드 2~3회)을 취해 얼굴 및 목 등에 두드리듯이 부드럽게 골고루 펴 바르고 흡수시켜 줍니다.,Skincare,Essence Serum Ampoule
잇츠스킨 파워 10 포뮬라 브이씨 이펙터 잡티케어 30ml,10780,제조일로부터 36개월 / 개봉 후 12개월,적당량(스포이드 2~3회)을 취해 얼굴 및 목 등에 두드리듯이 부드럽게 골고루 펴 바르고 흡수시켜 줍니다.,Skincare,Essence Serum Ampoule
잇츠스킨 파워 10 포뮬라 피오 이펙터 모공루팡 30ml,15400,제조일로부터 36개월 / 개봉 후 12개월,적당량(스포이드 2~3회)을 취해 얼굴 및 목 등에 두드리듯이 부드럽게 골고루 펴 바르고 흡수시켜 줍니다.,Skincare,Essence Serum Ampoule
믹순 콩 에센스 50ml,35000,개봉 전 24개월 / 개봉 후 6개월,보습케어: 세안후 토너로 피부결 정리 후 발라서 흡수시킵니다. 피지각질케어(마사지 사용법): 세안후 콩에센스로 둥글둥글 마사지합니다.,Skincare,Essence Serum Ampoule
믹순 갈락토미세스 발효 에센스 100ml,32000,개봉 전 24개월 / 개봉 후 6개월,데일리 케어: 세안 후 손에 적당량을 덜어  얼굴과 목 전체에 고르게 발라 흡수시킵니다 스킨-팩 케어 : 스킨-팩 패드에 적당량을 덜어 집중 케어가 필요한 부위에 10분 가량 얹어줍니다.,Skincare,Essence Serum Ampoule
믹순 비피다 발효 에센스 100ml,32000,개봉 전 24개월 / 개봉 후 6개월,데일리 케어: 세안 후 손에 적당량을 덜어  얼굴과 목 전체에 고르게 발라 흡수시킵니다 스킨-팩 케어 : 스킨-팩 패드에 적당량을 덜어 집중 케어가 필요한 부위에 10분 가량 얹어줍니다.,Skincare,Essence Serum Ampoule
[리피PICK/비타민C앰플] 닥터디퍼런트 씨이큐 안티옥시던트 세럼 15ml 2종(1개/2개입),33920,"개봉전 24개월, 개봉후 2개월",토너 사용 다음 단계에서 3-5 방울을 덜어 얼굴에 가볍게 발라준 뒤두드려 흡수시켜줍니다 . 고농도의 비타민 C 성분이 들어있어 약간 따끔거리는 느낌이 있을 수있으나 일시적 현상으로 정상적인 반응입니다 . 사용 기한 이내일지라도 사용 시좋은 품질을 위해 구매 후냉장 보관 및가능한 빠른 사용을 권장합니다 .,Skincare,Essence Serum Ampoule
베리홉 아하 바하 파하 리파이닝 부스트 세럼 15g,38900,제조일로부터 3년,"세안 후 첫 단계에서, 본 품 적당량을 덜어 눈가를 제외한 피부에 골고루 펴 발라 가볍게 두드리며 흡수시켜줍니다.",Skincare,Essence Serum Ampoule
[화잘먹매끈결앰플/단독기획] 나인위시스 하이드라 크림 앰플 더블 기획 (30ml+30ml),21900,제조일로부터 3년,스포이드로 적당량을 취해 흡수될 때까지 가볍게 두드려줍니다,Skincare,Essence Serum Ampoule
포르맨즈 톤업 올인원 에센스 150ml,20690,"제조일로부터 1,095일","세안 후, 적당량을 덜어 얼굴 전체에 가볍게 두드리듯 흡수 시켜줍니다.",Skincare,Essence Serum Ampoule
[피부미백] 마리엔메이 나이아신아마이드+모과추출물 세럼 30ml,18900,제조일로 부터 36개월 / 개봉 후 12개월,스킨케어의 에센스 또는 앰플 단계에서 적당량을 취해 피부에 골고루 펴 바릅니다.,Skincare,Essence Serum Ampoule
[항산화] 마리엔메이 이데베논+블랙베리 컴플렉스 세럼 30ml,16000,제조일로부터 36개월 / 개봉 후 12개월,스킨케어의 에센스 또는 앰플 단계에서 적당량을 취해 피부에 골고루 펴 바릅니다.,Skincare,Essence Serum Ampoule
가히 블레미쉬 앰플 30ml,25200,"제조일로부터 36개월, 개봉 후 12개월","본 품 적당량을 취하여, 피부에 골고루 펴 바른다.",Skincare,Essence Serum Ampoule
[수분진정/젤세럼] 원씽 병풀 수분 세럼 80ml,17900,"제조일로부터 36개월, 개봉 후 12개월",스킨 사용 후 적당량의 내용물을 덜어 얼굴 전체에 부드럽게 펴 바르고 가볍게 두드려 흡수시켜줍니다. 건조한 피부 타입의 경우 스킨 단계에서 사용하셔도 좋습니다.,Skincare,Essence Serum Ampoule
[급속진정] 비플레인 시카테롤 앰플 30ml,20800,제조일로부터 36개월,"토너로 피부결을 정돈한 후 아침, 저녁 1일 2회 적당량을 취해 피부에 골고루 펴 바릅니다.",Skincare,Essence Serum Ampoule
[이동욱 PICK] 더마펌 바이오 코렉션 앰플 세라-드롭 M4 50ml(보습장벽),33000,"제조일로부터 36개월, 개봉 후 12개월",토너 다음 단계에서 적당량을 덜어내 손으로 부드럽게 펴 바른 후 가볍게 두드려 흡수시켜 줍니다.,Skincare,Essence Serum Ampoule
아누아 자작나무 70 수분 부스팅 세럼 30ml,27000,36개월/개봉 후 12개월,1. 적당량을 덜어 피부에 골고루 펴 발라줍니다. 2. 더 쫀쫀한 수분감을 원한다면 2~3번 레이어링 해줍니다.,Skincare,Essence Serum Ampoule
[국내 유일 특허 c-PDRN] 리쥬란 힐러 턴오버 앰플 듀얼 이펙트 30ml,49900,제조일로부터 30개월 이내,step1. 세안 후 토너 등으로 피부 결을 전동해 수분 바탕을 만들어줍니다. step2. 리쥬란 힐러 턴오버 앰플 듀얼 이펙트의 뚜껑을 연 후 버튼을 눌러 유리관으로 앰플이 적당량 올라올 수 있게 해줍니다. step3. 피부 결을 따라 부드럽게 펴 바른 후 가볍게 두드려 흡수시켜줍니다. step4. 자연스러운 광채와 더 길어진 보습 영양감을 느껴보세요.,Skincare,Essence Serum Ampoule
달팡 인트랄 이너유쓰 레스큐 세럼 30ml,98000,제조일로부터 36개월,피부 세안 후 첫단계에 3번 펌핑하여 얼굴과 목에 골고루 도포하여 줍니다.,Skincare,Essence Serum Ampoule
CKD 레티노콜라겐 저분자 300 콜라겐 펌핑 앰플 30ml,16900,제조일로부터 36개월 / 개봉 후 12개월,"세안후, 아침 저녁 앰플 단계에서 적당량을 취하여 부드럽게 펴 발라준 후 충분히 흡수시켜 줍니다. (*1회 1ml 사용 시 약 30회 사용 가능/개인차 있음)",Skincare,Essence Serum Ampoule
[7일잡티개선] 앰플엔 블레미샷 잡티앰플 50ml,25200,"제조일로부터 36개월, 개봉 후 12개월",토너 다음 단계에서 적당량을 덜어 얼굴 전체에 마사지하듯 펴 발라 줍니다.,Skincare,Essence Serum Ampoule
미구하라 울트라 화이트닝 퍼스트 에센스 오리진 120ml,33150,제조일자로부터 30개월(개봉 후 6개월),적당량을 취해 피부에 골고루 펴 바릅니다.,Skincare,Essence Serum Ampoule
[진정미백] 넘버즈인 5번 잡티 이별 세럼 50ml,24000,제조일로부터 36개월 / 개봉 후 12개월,"본 품 적당량을 덜어 피부결을 따라 부드럽게 펴바른 후, 가볍게 두드려 흡수시킵니다.",Skincare,Essence Serum Ampoule
[4중 모공 개선] 피캄 포시카 앰플 30ml,24900,"제조일로부터 36개월, 개봉 후 12개월 이내 사용 권장",본 품 적당량을 취해 피부에 골고루 펴 바른다.,Skincare,Essence Serum Ampoule
스킨앤랩 베리어덤 밀키 세럼 50ml,21600,"제조년월로부터 3년, 개봉 후 12개월 이내",세럼 적당량을 피부에 덜어 부드럽게 롤링한 뒤 흡수시켜 줍니다.,Skincare,Essence Serum Ampoule
허블룸 콤부차 플랜트 바이옴 세럼 50ml,28800,제조일로부터 24개월 / 개봉 후 6개월,본 품 적당량을 취해 피부에 골고루 펴 바릅니다.,Skincare,Essence Serum Ampoule
[수분촉촉/진정토너]비건이펙트 청보리 수딩 토너 200ml,25000,제조일로부터 36개월 / 개봉 후 12개월,세안 후 스킨케어 첫 단계에서 화장 솜에 적셔 피부결을 따라 닦아내거나 적당량을 손바닥에 덜어 피부에 두드리며 흡수시켜 줍니다.,Skincare,Essence Serum Ampoule
수페 버치 리치 오리진 앰플 100ml,27200,제조일로부터 36개월,본품 적당량을 취해 피부에 골고루 펴 바른다.,Skincare,Essence Serum Ampoule
수페 버치 리치 오리진 에센스 150ml,30000,제조일로부터 36개월,본품 적당량을 취해 피부에 골고루 펴 바른다.,Skincare,Essence Serum Ampoule
[광채결광에센스]눅스 베리로즈 결광 에센스 150ml (+코튼패드 20매 증정),35100,개봉 전 제조일로부터 3년 / 개봉 후 12개월,"에센스용 : 세안 후 스킨 다음 단계에서 적당량을 덜어 눈가와 입가를 제외한 얼굴에 골고루 펴 바르고 흡수시켜준 뒤, 크림 단계로 마무리하여 피부의 보습막을 강화해줍니다. 토너용: 세안 후, 화장솜에 충분한 양의 세럼을 덜어 눈가와 입가를 제외한 얼굴 전체적으로 부드럽게 닦아낸 뒤 흡수시켜줍니다.",Skincare,Essence Serum Ampoule
[비건/잡티케어] 스킨푸드 유자씨 잡티 맑음 세럼 50ml,27000,36개월,적당량을 덜어 피부에 펴 바른 후 가볍게 두드리며 흡수시켜 줍니다.,Skincare,Essence Serum Ampoule
[덱스 PICK]오브제 올인원 더블 에센스 100ml,26000,제조일로부터 36개월 / 개봉 후 12개월,적당량을 덜어낸 후 얼굴 전체에 고르게 펴발라 두드려 흡수시켜 줍니다.,Skincare,Essence Serum Ampoule
디오디너리 멀티-펩타이드 + HA 세럼 30ml,30200,개봉 후 12개월(제조연월 별도표기),아침저녁으로 세안 후 얼굴에 몇 방울 발라줍니다. 자극이 발생할 경우 사용을 중단하고 의사와 상의하시기 바랍니다. 손상되지 않은 피부에 지시된 대로만 사용하세요. 사용 전 패치 테스트를 권장합니다. 패치 테스팅 가이드 카드 또는 당사 웹사이트의 패치 테스트 상세 가이드를 참조하세요. 어린이의 손이 닿지 않는 곳에 보관합니다.,Skincare,Essence Serum Ampoule
디오디너리 멀티-펩타이드 + HA 세럼 60ml,51300,개봉 후 12개월(제조연월 별도표기),아침저녁으로 세안 후 얼굴에 몇 방울 발라줍니다. 자극이 발생할 경우 사용을 중단하고 의사와 상의하시기 바랍니다. 손상되지 않은 피부에 지시된 대로만 사용하세요. 사용 전 패치 테스트를 권장합니다. 패치 테스팅 가이드 카드 또는 당사 웹사이트의 패치 테스트 상세 가이드를 참조하세요. 어린이의 손이 닿지 않는 곳에 보관합니다.,Skincare,Essence Serum Ampoule
피부미 센텔루션 히알루로닉 앰플 30ml,18500,제조일로 부터 36개월 / 개봉 후 6개월,토너를 사용한 뒤 적당량을 취해 피부 결을 따라 골고루 펴 발라 흡수시켜 줍니다.,Skincare,Essence Serum Ampoule
[응급진정/흔적케어]로벡틴 시카케어 클리어링 앰플 30ml,19800,개봉일로부터 1년 내,"아침, 저녁 세안 후 또는 토너 사용 후 적당량을 덜어 얼굴 전체에 발라줍니다.",Skincare,Essence Serum Ampoule
잇츠스킨 파워 10 포뮬라 엘아이 이펙터 감초줄렌 60ml(AD),27000,제조일로부터 36개월 / 개봉 후 12개월,적당량(스포이드 2~3회)을 취해 얼굴 및 목 등에 두드리듯이 부드럽게 골고루 펴 바르고 흡수시켜 줍니다.,Skincare,Essence Serum Ampoule
[리쥬란 독자소재_저자극 안심성분]리쥬란 더마힐러 모이스처 트리트먼트 앰플 30ml,33700,제조일로부터 30개월 이내,앰플 단계에서 피부결을 따라 부드럽게 펴 바른 후 두드리며 흡수시켜 줍니다.,Skincare,Essence Serum Ampoule
[리쥬란 독자소재_저자극 안심성분] 리쥬란 더마 힐러 모이스처 트리트먼트 에센스 70g,30000,제조일로부터 36개월,"세안 후 토너로 피부 결을 정돈하고,  적당량을 취해 피부 결을 따라 부드럽게 발라 흡수시켜줍니다.",Skincare,Essence Serum Ampoule
시드물 비피다 바이옴 90 앰플 100ml,18900,"사용기한 24개월, 개봉 후 6개월 이내 사용",본품 적당량을 취해 피부에 골고루 펴 바릅니다.,Skincare,Essence Serum Ampoule
시드물 레티놀 흔적 리페어 앰플 30ml,21800,제조년월일: 2022년 10월 17일(730일),적당량을 덜어 피부 결을 따라 바르신 후 톡톡 두드려 흡수시켜 주세요.,Skincare,Essence Serum Ampoule
클라뷰 리얼 비건 저분자 콜라겐 탄력 앰플 30ml,17400,제조일로부터 36개월,"아침, 저녁 세안 후 토너 다음 단계에서 얼굴 전체에 적당량을 취하여 부드럽게 펴 발라줍니다",Skincare,Essence Serum Ampoule
마녀공장 브이콜라겐 하트핏 앰플 50ml,35000,"제조일로부터 36개월, 개봉 후 12개월",적당량을 취해 피부 결에 따라 골고루 발라준 후에 가볍게 두드리며 흡수시켜 줍니다,Skincare,Essence Serum Ampoule
에스티 로더 마이크로 에센스 트리트먼트 로션 프레시 100ml,84150,제조일로부터 36개월,"매일 아침/저녁, 세안 후 손으로 직접 바르거나 필요에 따라 화장솜에 덜어 사용합니다.",Skincare,Essence Serum Ampoule
헤라 옴므 파워부스팅 페이스 트리트먼트 110ML,63750,"제조일로부터 36개월, 개봉후 12개월.",헤라 파워부스팅 토너와 모이스춰라이저 제품 사용 후 적당량을 손바닥에 덜어 피부결에 따라 얼굴과 목에 고르게 펴 바르고 가볍게 두드리듯 흡수시킨다.,Skincare,Essence Serum Ampoule
[리쥬란 퍼스트에센스]리쥬란 더마 힐러 트리트먼트 에센스 70g 기획,30000,제조일로부터 36개월,"세안 후 토너로 피부 결을 정돈하고,  적당량을 취해 피부 결을 따라 부드럽게 발라 흡수시켜줍니다.",Skincare,Essence Serum Ampoule
[리쥬란 독자소재_강력진정PDRx] 리쥬란 더마 힐러 모이스처 트리트먼트 앰플 30ml 기획,33700,제조일로부터 30개월 이내,앰플 단계에서 피부결을 따라 부드럽게 펴 바른 후 두드리며 흡수시켜 줍니다.,Skincare,Essence Serum Ampoule
[민감진정] 라운드랩 소나무 진정 시카 앰플 30ml+30ml,28000,"제조일로부터 30개월, 개봉 후 12개월",에센스 단계에서 적당량을 덜어 얼굴 전체에 부드럽게 흡수시켜 줍니다.,Skincare,Essence Serum Ampoule
코스알엑스 더 히알루론산 3 세럼 20ml,23000,상품 발송일 기준으로 사용기한이 18개월 이상 남아있는 제품부터 순차적으로 판매 (유통기한 36개월 / 개봉 후 12개월 이내 사용 권장),세안 후 세럼 단계에서 적당량을 얼굴에 떨어뜨려 손가락 끝으로 얼굴 안쪽에서 바깥쪽으로 롤링하며 흡수시킵니다.,Skincare,Essence Serum Ampoule
[도토리앰플] 스킨푸드 도토리 모공 탄력 앰플 55ml,18900,36개월,스포이드로 적당량을 덜어 피부에 골고루 펴 바른 후 지그시 눌러 흡수시켜 줍니다.,Skincare,Essence Serum Ampoule
메디큐브 레드 세럼 2.0 30ml,19900,"개봉전 24개월, 개봉후 12개월",세안 후 적당량을 덜어 피부 결에 따라 부드럽게 펴 바르고 가볍게 두드리며 흡수시켜 줍니다.,Skincare,Essence Serum Ampoule
[미백세럼]눅스 슈퍼 세럼 10 30ml,129000,개봉 전 제조일로부터 3년 / 개봉 후 12개월,"아침, 저녁 세안 후, 스킨케어 단계에서 1~2회 펌핑하여 얼굴과 목, 데콜테에 전체적으로 캡슐을 부드럽게 녹이듯 마사지하며 흡수시켜줍니다.",Skincare,Essence Serum Ampoule
에필로우 차가버섯 비피다 바이옴 매끈결 모공 앰플 50ml,17900,제조일로부터 3년,적당량을 취해 얼굴에 바른 다음 가볍게 두드리며 흡수시켜 줍니다.,Skincare,Essence Serum Ampoule
[항산화 세럼]바이오더마 센시비오 디펜시브 세럼 30ml,36000,"제조일로부터 3년 이내의 상품을 순차적으로 발송, 개봉 후 6개월 사용 권장","아침, 저녁으로 세럼 단계에서 적당량을 덜어 얼굴과 목에 부드럽게 펴 발라줍니다.",Skincare,Essence Serum Ampoule
숨37 시크릿에센스 스페셜세트 (+토너20ml+에멀전20ml+크림10ml+폼40ml),67200,"개봉전 제조일로부터 36개월, 유통기한 개봉후 12개월","매일 아침, 저녁스킨으로 피부결을 정돈해준 후 손바닥에 500원 동전크기로 덜어 피부결을 따라 얼굴 전체를 감싸듯이 발라주고, 10초 이상 두들기며 흡수시킵니다.",Skincare,Essence Serum Ampoule
프리메라 하이드로 에센스150ml,30400,개봉 후 12개월 이내 사용.,"세안 후 아무것도 바르지 않은 첫 단계에서 사용하시면 됩니다. 사용 전 , 두 개의 층이 하나로 섞이도록 잘 흔들어 주세요.",Skincare,Essence Serum Ampoule
프리메라 오가니언스 워터리 에센스 230ml,22400,"제조일로부터 36개월, 개봉 후 12개월 이내 사용.",1. 피부결 정돈을 위한 닦센스 2. 긴급 칠링 화장솜,Skincare,Essence Serum Ampoule
이즈앤트리 어니언 뉴페어 B5 앰플 50ml,15900,개봉 전 36개월 /  개봉 후 12개월,앰플 단계에서 2~3방울 떨어뜨려 얼굴 전체에 마사지하듯 발라준 후 손바닥으로 가볍게 두드려 흡수시켜 줍니다.,Skincare,Essence Serum Ampoule
아이오페 바이오 컨디셔닝 에센스 168ml,45000,개봉 전 36개월  개봉 후 12개월,세안 후 스킨 케어 첫 단계에서 본품 적당량을 취해 얼굴 피부에 부드럽게 펴발라줍니다. * 1회 적정 사용량 3 ml,Skincare,Essence Serum Ampoule
아이오페 맨 바이오 컨디셔닝 에센스 145ml,29400,개봉 전 36개월  개봉 후 12개월,1. 세안 후 내용물이 흐르지 않도록 손바닥을 오므려 덜어줍니다. 2. 손바닥으로 얼굴 안쪽에서 바깥쪽으로 가볍게 두드려 남은 내용물을 흡수시킵니다.,Skincare,Essence Serum Ampoule
스킨앤랩 포어베리어 타이트닝 앰플 50ml,18200,제조 후 36개월 / 개봉 후 12개월,"1. 적당량을 피부결을 따라 부드럽게 펴 바릅니다. 피부에 두드리며 흡수 시켜주면 더욱 빠르게 흡수됩니다. 2. 얼굴 전체에 부드럽게 펴바르며 흡수시켜 준 뒤, 모공이나 탄력에 고민있는 부분은 한번 더 덧발라주세요.",Skincare,Essence Serum Ampoule
[당근앰플] 스킨푸드 캐롯 카로틴 모이스트 이펙터 52ml,17500,제조연월: 발송일로부터 1년이내 제조 사용기한: 제조일로부터 36개월,스포이드로 적당량을 덜어 피부에 골고루 펴 바른 후 지그시 눌러 흡수시켜 줍니다. (평소 스킨케어 첫 단계 또는 마지막 전 단계에 사용해 주세요.),Skincare,Essence Serum Ampoule
원씽 포맨 올인원 수분 에센스 150ml,16800,"제조일로부터 36개월, 개봉 후 12개월","세안 및 면도 후 적당량을 취하여 얼굴 전체에 고르게 펴 바르고, 가볍게 두드려 흡수시켜 줍니다.",Skincare,Essence Serum Ampoule
오휘 미라클 토닝 글로우 세럼 (20ml/50ml 택 1),31450,"개봉전 제조일로부터 36개월, 유통기한 개봉후 12개월",적당량을 덜어 얼굴 전체에 골고루 펴 발라 흡수시켜 줍니다.,Skincare,Essence Serum Ampoule
빌리프 프라블럼 솔루션 비건 스팟 젤 15ml,22400,"개봉전 제조일로부터 36개월, 유통기한 개봉후 12개월","스킨 케어 마지막 단계에서, 진행 중인 피부 고민 스팟에 소량 얇게 도포해 줍니다.",Skincare,Essence Serum Ampoule
톤28 프로폴리스 세럼 30ml,35000,생산일로부터 30개월,적당량을 덜어내어 피부 결에 따라 펴 바른 후에 가볍게 두드려 흡수시켜 줍니다.,Skincare,Essence Serum Ampoule
숨37 마이크로액티브 리페어 세럼 30ml+10ml 한정기획 (+크림10ml),53000,"개봉전 제조일로부터 36개월, 유통기한 개봉후 12개월","토너 또는 워터 타입 에센스 사용 후 적당량을 펌핑하여 얼굴의 볼, 이마, 코, 턱 순서로 점을 찍듯 나누고 얼굴 피부결을 따라 부드럽게 펴 발라준 다음 손바닥으로 얼굴을 가볍게 감싸며 흡수시킵니다.",Skincare,Essence Serum Ampoule
더랩바이블랑두 엑스퍼트루 모공탄력 세럼 30ml,19000,개봉 후 1년/ 제조일로부터 3년,적당량을 덜어 피부결을 따라 펴 발라줍니다. (사용 전 가볍게 흔들어 사용하세요.),Skincare,Essence Serum Ampoule
더랩바이블랑두 엑스퍼트루 잡티케어 세럼 30ml,29000,개봉 후 1년/ 제조일로부터 3년,적당량을 덜어 피부결을 따라 펴 발라줍니다. (사용 전 가볍게 흔들어 사용하세요.),Skincare,Essence Serum Ampoule
[토닝빛세럼/슬로우에이징] 셀퓨전씨 토닝 C 잡티세럼 30ml+20ml 기획,18600,개봉 전 30개월 / 개봉 후 12개월,토너 다음 단계*에서 사용해주세요. (*토너로 피부결을 정돈한 후) 데일리로 사용할 때는 선크림으로 마무리하여 자외선으로부터 피부를 지켜주세요.,Skincare,Essence Serum Ampoule
[올영픽/매끈결광/화잘먹 수분천재세럼] 에스네이처 아쿠아 스쿠알란 세럼 50ml 기획(+50ml 리필+수분크림10ml),20610,제조일로부터 3년,"적당량을 떨어뜨려, 얼굴에 펴발라 줍니다.",Skincare,Essence Serum Ampoule
[보습장벽] 라운드랩 약콩 판테놀 앰플 50ml 기획 (+약콩 크림 20ml),30000,"제조일로부터 36개월, 개봉 후 12개월",에센스 단계에서 적당량을 덜어 얼굴 전체에 부드럽게 흡수시켜줍니다.,Skincare,Essence Serum Ampoule
디오디너리 멀티-펩타이드 + 카퍼 펩타이즈 1% 세럼 30ml,48600,개봉 후 6개월(제조연월 별도표기),아침저녁으로 세안 후 얼굴에 몇 방울 발라줍니다. 자극이 발생할 경우 사용을 중단하고 의사와 상의하시기 바랍니다. 손상되지 않은 피부에 지시된 대로만 사용하세요. 사용 전 패치 테스트를 권장합니다. 패치 테스팅 가이드 카드 또는 당사 웹사이트의 패치 테스트 상세 가이드를 참조하세요. 어린이의 손이 닿지 않는 곳에 보관합니다.,Skincare,Essence Serum Ampoule
빌리프 뉴메로 10 에센스 125ml,47200,"개봉전 제조일로부터 36개월, 유통기한 개봉후 12개월",욕실에서 세안 직후에 타올로 물기를 가볍게 제거하고 촉촉하게 수분이 남아 있는 상태에서 2~3회 펌핑하여 적당량을 취한 후 피부결을 따라 고르게 펴 발라 줍니다. 사용 후에는 평소 사용하는 순서대로 기초 스킨 케어를 하도록 합니다.,Skincare,Essence Serum Ampoule
[피부톤업] 조선미녀 쌀겨수맑은세럼 30ml,17000,제조일부터36개월/개봉후12개월이내,적당량을 덜어 얼굴 전체에 펴 바른 뒤 부드럽게 흡수시켜 줍니다. 낮에 사용할 때에는 자외선 차단제를 함께 사용해 줍니다.,Skincare,Essence Serum Ampoule
[피부진정] 조선미녀 산들녹차세럼 30ml,13600,제조일부터36개월/개봉후12개월이내,적당량을 덜어 얼굴 전체에 펴 바른 뒤 부드럽게 흡수시켜 줍니다.,Skincare,Essence Serum Ampoule
디마르3 디엑스 시타듀 앰플 1.6 버닝 1단계 24ml,32000,3년(개봉후 1년),"DX 시타 듀 1.6 버닝 1단계를 충분히 흡수 시킨 후, 2단계를 얼굴 전체에 골고루 도포하여 주세요.",Skincare,Essence Serum Ampoule
"디마르3 디엑스 시타듀 앰플 1.6 버닝 앰플 2종 택1 (1단계 24ml, 2단계 23ml X 2EA)",32000,유통기한 36개월 / 개봉후 12개월,"DX 시타 듀 1.6 버닝 1단계를 충분히 흡수 시킨 후, 2단계를 얼굴 전체에 골고루 도포하여 주세요.",Skincare,Essence Serum Ampoule
[피부장벽강화] 프리메라 오가니언스 씨드 펩타이드 세럼 30ml,36000,"개봉 전 36개월, 개봉 후 12개월 이내 사용",적당량을 취해 얼굴 전체에 부드럽게 펴 발라주고 가볍게 두드리며 흡수시켜 줍니다.,Skincare,Essence Serum Ampoule
후시다인 더마 트러블 밸런싱 세럼 40g,26250,36개월,세럼 또는 앰플 단계에서 적당량을 손에 덜어 얼굴전체에 골고루 펴발라 흡수시켜 줍니다.,Skincare,Essence Serum Ampoule
[수분 충전]아벤느 이드랑스 에센스인로션 200ml,28900,"개봉전 3년, 개봉 후 1년이내 사용권장",세안 후 적당량을 덜어 얼굴에 펴 발라줍니다.,Skincare,Essence Serum Ampoule
[수분광] 메디필 히알루론산 레이어 물톡스 앰플 30ml,16830,개봉 전 30개월 / 개봉 후 12개월,"스킨 사용 후, 적당량을 덜어 피부결을 따라 고르게 펴 발라 흡수시켜 줍니다.",Skincare,Essence Serum Ampoule
[흔적미백] 넘버즈인 5번 글루타치온C 흔적 앰플 30ml+30ml 듀오기획,31100,[본품] 제조일로부터 36개월 / 개봉 후 12개월 이내 사용,"적당량을 덜어 피부결을 따라 부드럽게 펴바른 후, 가볍게 두드려 흡수시킵니다",Skincare,Essence Serum Ampoule
[NEW] 피지오겔 사이언수티컬즈 데일리뮨 글로우 에센스 100ML,54000,제조일자로부터 24개월,아침 저녁 스킨케어 단계에서 적당량을 덜어 얼굴 및 목 피부에 피부결을 따라 부드럽게 펴 발라주세요.,Skincare,Essence Serum Ampoule
[NEW] 피지오겔 사이언수티컬즈 데일리뮨 클래리파잉 에센스 100ML,43200,제조일자로부터 24개월,"사용 전 두 에센스 층이 잘 섞이도록 흔들어 준 뒤, 아침 저녁 세안 후 스킨케어 첫 단계에서 적당량을 덜어 얼굴 및 목 피부에 피부결을 따라 부드럽게 펴 발라 주세요",Skincare,Essence Serum Ampoule
[7일 모공콜라겐 앰플] 피캄 레티놀라겐 모공탄력 앰플 30ml,22900,"제조일로부터 36개월, 개봉 후 12개월 이내 사용 권장",본 품 적당량을 취해 피부에 골고루 펴 바른다.,Skincare,Essence Serum Ampoule
[수분 플럼핑/속건조 종결] 로벡틴 아쿠아 에센스 180ml 리필기획(+리필 120ml),25600,개봉일로부터 1년 이내.,손바닥에 적당량을 덜어 가볍게 두들겨 피부에 흡수 시켜 줍니다. 각질 정돈을 위해 화장솜에 덜어 닦아내듯 사용해도 좋습니다.,Skincare,Essence Serum Ampoule
[잡티앰플/대용량]센텔리안24 엑스퍼트 마데카 멜라 캡처 앰플 맥스 45ml,29900,제조일로부터 36개월 / 개봉 후 12개월,"1. 아침, 저녁으로 앰플 단계에서 스포이드로 적당량을 취해 얼굴 전체에 도포해줍니다. 2. 피부 결대로 안쪽으로 바깥쪽으로 부드럽게 마사지하듯 롤링하여 흡수시켜 줍니다.",Skincare,Essence Serum Ampoule
메디큐브 에이지알 글루타치온 글로우 앰플 50ml,40600,"개봉전 24개월, 개봉후 12개월",세안 후 적당량을 덜어 피부 결에 따라 부드럽게 펴 바르고 가볍게 두드리며 흡수시켜 줍니다.,Skincare,Essence Serum Ampoule
[2주모공탄력] 아비브 부활초 비피다 세럼 퍼밍 드롭 50ml,32000,"개봉전 36개월, 개봉후 12개월","세안 후, 물기 없는 얼굴에 적당량을 덜어 펴발라 줍니다.",Skincare,Essence Serum Ampoule
디오디너리 수딩 앤 배리어 서포트 세럼 30ml,24400,개봉 후 12개월(제조연월 별도표기),아침저녁으로 몇 방울을 얼굴에 사용해 주세요. 자극이 발생할 경우 사용을 중단하고 의사와 상의하시기 바랍니다. 손상되지 않은 피부에 지시된 대로만 사용하세요. 사용 전 패치 테스트를 권장합니다. 어린이의 손이 닿지 않는 곳에 보관합니다.,Skincare,Essence Serum Ampoule
[모공+피부결] 넘버즈인 3번 보들보들 결 세럼 50ml 기획 (+15ml 증정),22500,제조일로부터 36개월 / 개봉 후 12개월,"본 품 적당량을 덜어 피부결을 따라 부드럽게 펴바른 후, 가볍게 두드려 흡수시킵니다.",Skincare,Essence Serum Ampoule
[잡티케어] 디마르3 에트셀 멜라토닉 앰플 70ml,55000,제조일로부터 3년,"아침, 저녁 세안 후 앰플을 흡수시킨 후 얼굴과 목에 전체적으로 펴 발라 주세요. 진한 촉촉함이 필요할 땐 손바닥에 덜어 여러 번 덧발라 주어도 좋습니다.",Skincare,Essence Serum Ampoule
[잡티지우개] 비비드로우 나이아신 어니언 올 클리어 세럼 40ml,15000,36개월(개봉 후 12개월),에센스 또는 앰플 단계에서 적당량을 덜어 피부결을 따라 부드럽게 펴 바르고 가볍게 두드리듯 흡수시켜 줍니다.,Skincare,Essence Serum Ampoule
MAC 하이퍼 리얼 세러마이저,92000,제조일로부터 36개월,1~2회 펌핑하여 손가락이나 하이퍼 리얼 001 모이스처라이저 브러시를 사용하여 얼굴에 가볍게 발라 줍니다.,Skincare,Essence Serum Ampoule
[한혜진PICK/1+1] CKD 레티노콜라겐 저분자 300 괄사 리프팅 세럼 30ml 1+1 기획,29900,"제조후 36개월, 개봉후 12개월","1. 부은 아침 피부에는 눈두덩이, 볼광대, 턱부위를 중심으로 마사지하는 동시에 세럼을 꼼꼼하게 흡수시켜주면, 메이크업이 잘 받는 피부로 만들어줍니다. 2. 지친 저녁 피부 에는 신경 쓰이는 주름이나 처진 부위를 중심으로 섬세하게 마사지하는 동시에 세럼을 흡수시켜주면, 리프팅, 탄력, 주름 고민을 집중 관리할 수 있습니다",Skincare,Essence Serum Ampoule
SNP 골드 콜라겐 엑스퍼트 앰플 50ml,32000,제조일로부터 3년(개봉후1년),적당략을 덜어 얼굴 전체에 부드럽게 펴 발라 흡수시켜 줍니다.,Skincare,Essence Serum Ampoule
리터뉴 포어슈터 앰플 30ml,22400,1. 제조일로 부터 36개월 2. 개봉 후 12개월,"본 품의 내용물을 적당히 덜어 도포 해준 후, 부드럽게 흡수 시켜줍니다.",Skincare,Essence Serum Ampoule
헤이네이처 어성초 앰플 20ml 기획(+어성초 마스크 2매),18400,제조일부터 2년 6개월,[본품] 스킨 다음 단계에서 앰플을 피부에 2~3방울 덜어 가볍게 두드려 흡수시켜 줍니다. [증정품] 본품을 피부에 부착 후 10~20분 후 시트를 제거한 다음 남은 제품을 피부에 골고루 펴발라줍니다.,Skincare,Essence Serum Ampoule
닥터멜락신 아쿠아 이온 플라즈마 수분 앰플 50ml,22900,제조일로부터 36개월,본 품 적당량을 취해 피부에 골고루 펴 바른다.,Skincare,Essence Serum Ampoule
닥터멜락신 비피 포어 앰플 30ml,22900,제조일로부터 36개월,본 품 적당량을 취해 피부에 골고루 펴 바른다.,Skincare,Essence Serum Ampoule
아벤느 클리낭스 파워 컨트롤 세럼 30ml *스팟 케어,27900,"개봉전 3년, 개봉 후 1년이내 사용권장","아침/저녁 클렌징 젤로 세안 및 토너로 피부결 정돈 후, 얼굴 트러블** 부위에 적당량을 덜어 골고루 펴 발라 줍니다.",Skincare,Essence Serum Ampoule
[트러블+모공]비레디 시카페인 트러블 리셋 세럼,27900,"개봉전 36개월, 개봉후 12개월 이내 사용",미백을 원하는 부위에 적당량을 부드럽게 바른다.,Skincare,Essence Serum Ampoule
테라로직 피토세라 프로 안티옥시던트 10X 탄력앰플 50ml,48000,제조일로부터 36개월 / 개봉 후 12개월,"""1. 세안 후 토너로 피부결을 정돈한 뒤 앰플을 적당량 펌핑하여 안쪽부터 부드럽게 펴 발라 가볍게 두드려 흡수시켜주세요 2. 눈가, 팔자, 목 등 주름/탄력이 고민되는 부위에는 한번 더 레이어링 하여 집중 케어해주세요. 3. 앰플을 흡수 시킨 후, 피토세라 크림을 한겹 레이어링 해주면 더욱 탄탄한 탄력리프팅 케어를 할 수 있습니다.""",Skincare,Essence Serum Ampoule
[이주연PICK]테라로직 레티놀 안티링클3D 모공 앰플 30ml,35900,제조일로부터 730일 / 개봉후 6개월,"1. 저녁 스킨케어로 토너 사용 후 레틴A앰플을 이마와 양볼, 목에 스포이드 1회씩 펴발라 주세요. 2. 레틴A앰플 사용 후 레틴A크림을 발라주면 더욱 효과적입니다. 3. 다음날 약산성 클렌저로 세안, 자외선 차단제를 꼼꼼히 사용합니다. 4. 피부 민감한 날에는 크림 양을 줄이거나 사용을 멈춥니다.",Skincare,Essence Serum Ampoule
[기미잡티개선/미백성분함유] 원진이펙트 멜라리스 앰플 50g,19900,제조일로부터 36개월 / 개봉 후 12개월,스킨케어 마지막 단계에서 적당량을 취해 얼굴 전체 또는 필요 부위에 골고루 펴 발라 흡수시켜 줍니다.,Skincare,Essence Serum Ampoule
[8월올영픽] [프라임3종 증정] [PDRN세럼 선물세트] 오휘 프라임AD 디에이징 앰플세럼 20ml 세트,39650,"개봉전 제조일로부터 36개월, 유통기한 개봉후 12개월",스킨 소프너 사용 후 적당량을 덜어 얼굴 전체에 골고루 펴 발라 잘 흡수시켜 줍니다.,Skincare,Essence Serum Ampoule
[2주모공세럼/단독기획] 메이크프렘 엔드포어 베지티놀 모공세럼 50ml 기획(+인테카크림 31ml),18900,개봉 전 36개월 / 개봉 후 12개월,세럼  - 세안 후 토너로 결정돈 후 세럼을 도포 후 흡수시켜 줍니다. 모공이 고민인 부위는 시계방향으로 롤링하며 마사지를 해주면 더 효과가 좋습니다. 크림 - 적당량을 덜어내어 얼굴에 펴 바릅니다.,Skincare,Essence Serum Ampoule
[모공탄력] 아이소이 포어 타이트닝 컨트롤 세럼 20ml 기획 (+3ml),18000,"제조일자로부터 3년, 개봉 후 6개월 내 사용권장","토닉으로 피부결을 정돈한 후, 1~2회 펌핑하여 얼굴과 목에 두드리듯 바르고 손으로 감싸 흡수시켜주세요.",Skincare,Essence Serum Ampoule
플라스킨 발효콩 바운스 단백질 에센스 80ml,21000,제조 후 사용 기한 36개월 (개봉 후 12개월),"본 품 적당량을 덜어 피부결을 따라 부드럽게 펴바른 후, 가볍게 두드려 흡수시킵니다.",Skincare,Essence Serum Ampoule
닥터하우쉬카 모공 탄력 세럼 50ml,46800,제조일로부터 24개월,적당량을 피부에 도포하여 부드럽게 펴 발라 흡수시켜 줍니다.,Skincare,Essence Serum Ampoule
[NEW] 토리든 셀메이징 비타C 브라이트닝 앰플 30ml,18200,별도표기 / 30개월 (개봉 후 12개월),본 제품이 적당량을 덜어 피부에 골고루 펴 바른 후 톡톡 두들겨 흡수시켜 줍니다.,Skincare,Essence Serum Ampoule
[모공케어] 무슈제이 레티놀로지 데일리 리페어 (로션/에센스) 택 1,27900,"제조일자로 부터 3년, 개봉 후 12개월.","아침, 저녁 세안 후 적당량을 덜어 얼굴에 골고루 펴 바른뒤 가볍게 두드려 흡수시켜 줍니다.",Skincare,Essence Serum Ampoule
[미백&리페어] 아떼 비타 EGF 흔적엔딩 세럼,28000,개봉 후 1년,세안 후 적당량 덜어 얼굴 전체에 부드럽게 펴 발라 줍니다.,Skincare,Essence Serum Ampoule
차앤박(CNP) 더마앤서 텐션 앵글핏 레티놀앰플 30ml,38000,제조일로부터 36개월/ 개봉 후 12개월,에센스 단계에서 적당량을 취해 얼굴 피부에 도포해 줍니다.,Skincare,Essence Serum Ampoule
차앤박(CNP) 더마앤서 안티포어 액티브 필 AHA앰플 50ml,38000,제조일로부터 36개월/ 개봉 후 12개월,에센스 단계에서 적당량을 취해 얼굴 피부에 도포해 줍니다.,Skincare,Essence Serum Ampoule
로우퀘스트 에키네시아 카밍 모이스처 앰플 50ml,33900,"사용기한 미개봉 상태에서 제조일로부터 3년, 개봉 후 1년",토너 사용 후 본품 적당량을 덜어 피부결을 따라 얼굴 전체에 부드럽게 펴발라 흡수시켜 줍니다.,Skincare,Essence Serum Ampoule
[탄력/리프팅] 톡스앤필 아이 앤 페이스세럼30ml,29200,제조일로부터 1095일,피부결 정돈 후 주름 고민 부위에 골고루 펴 바릅니다.,Skincare,Essence Serum Ampoule
[진정보습/장벽케어] 톡스앤필 판테놀 세럼 30ml,26200,제조일로부터 1095일,적당량을 덜어 고민 부위에 부드럽게 펴 바릅니다.,Skincare,Essence Serum Ampoule
[세븐틴 승관PICK/속건조&모공개선] 그린핑거 포레스트 피톤 수분시카 세럼 50ml,19800,30개월,"아침, 저녁 세안 후 적당량을 취하여 마사지하듯 얼굴 전체에 골고루 펴 발라 흡수시켜 줍니다.",Skincare,Essence Serum Ampoule
[보습 광채탄력] VT 산삼 PDRN 에센스 100 30ml,31500,개봉 전 36개월 / 개봉 후 12개월,세안 후 에센스 적당량을 취해 피부 결을 따라 부드럽게 발라 흡수시켜 줍니다.,Skincare,Essence Serum Ampoule
빌리프 슈퍼드랍스 펩타이드 퍼밍 세럼 30ml 기획/단품,29600,"개봉전 제조일로부터 36개월, 유통기한 개봉후 12개월","세안 후 토너로 피부결을 정돈한 후, 피부에 2~3방울씩 떨어뜨려 피부결을 따라 마사지하듯 부드럽게 펴발라주세요.",Skincare,Essence Serum Ampoule
빌리프 슈퍼드랍스 글로우 세럼 50ml,36000,"개봉전 제조일로부터 36개월, 유통기한 개봉후 12개월","세안 후 토너로 피부결을 정돈한 후, 피부에 2~3방울씩 떨어뜨려 피부결을 따라 마사지하듯 부드럽게 펴발라주세요.",Skincare,Essence Serum Ampoule
메디앤서 비타 콜라겐 로직 앰플 30ml,26600,36개월,적당량을 취해 피부에 골고루 펴 바릅니다.,Skincare,Essence Serum Ampoule
[항산화/광채케어]주미소 안티옥시던트 글로우 수분광채 에센스 40ml,19200,개봉 전 36개월 개봉 후 12개,매일 아침 저녁 토너 사용 후 세럼 및 에센스 단계에서 스포이드로 2-3방울을 얼굴 피부에 부드럽게 펴 바르어 줍니다. 맑은 피부 표현을 원하는 날에는 얇게 레이어링 하듯 덧발라 주세요.,Skincare,Essence Serum Ampoule
[미백집중] VT 비타-라이트 리들샷 100 에센스 50ml,48000,제조 후 사용기한 36개월,깨끗하게 세안이 완료된 맨 얼굴에 적당량을 덜어 마사지하듯 롤링하듯 펴 발라줍니다. 비타-라이트 리들샷 100이 흡수된 후 보습감이 있는 스킨케어 혹은 효능을 높이고 싶은 유효성분이 함유된 스킨케어를 덧발라 마무리해 줍니다.,Skincare,Essence Serum Ampoule
[모공집중] VT 레티-에이 리들샷 100 에센스 50ml,36900,개봉 전 36개월,깨끗하게 세안이 완료된 맨 얼굴에 적당량을 덜어 마사지하듯 롤링하듯 펴 발라줍니다. 레티-에이 리들샷 100이 흡수된 후 보습감이 있는 스킨케어 혹은 효능을 높이고 싶은 유효성분이 함유된 스킨케어를 덧발라 마무리해 줍니다.,Skincare,Essence Serum Ampoule
달팡 인트랄 수딩 앤 포티파잉 인텐시브 세럼 30ml,115000,대부분 사용기한 1년 이상 남은 제품을 배송해드립니다.,"민감한 피부가 강력하고 집중적인 케어가 필요할 때, 4주 동안 아침과 저녁, 크림 전 단계에서 2-3 펌프를 사용하세요.",Skincare,Essence Serum Ampoule
[1+1/모공타이트닝]비비드로우 애플 비니거 포어 타이트닝 세럼 40ml 1+1 기획,19900,36개월,에센스 또는 앰플 단계에서 적당량을 덜어 피부결을 따라 부드럽게 펴 바르고 가볍게 두드리듯 흡수시켜 줍니다.,Skincare,Essence Serum Ampoule
[1+1]비비드로우 바오밥 하이드로겔 투드롭 세럼 40ml 1+1 기획,19900,30개월(개봉 후 12개월),에센스 또는 앰플 단계에서 적당량을 덜어 피부결을 따라 부드럽게 펴 바르고 가볍게 두드리듯 흡수시켜 줍니다.,Skincare,Essence Serum Ampoule
[1+1/탄력]비비드로우 체리 콜라겐 퍼밍 캡슐 세럼 40ml 1+1 기획,19900,36개월(개봉 후 12개월),에센스 또는 앰플 단계에서 적당량을 덜어 피부결을 따라 부드럽게 펴 바르고 가볍게 두드리듯 흡수시켜 줍니다.,Skincare,Essence Serum Ampoule
[오렌지흔적세럼] 아로마티카 글로우 비타 씨 토닝 세럼 오렌지 앤 네롤리 30ml,24500,"제조일로부터 30개월, 개봉 후 12개월","아침, 저녁으로 토너 다음 단계에서 스포이드로 적당량을 덜어 바른 후 두드려 흡수시켜줍니다.",Skincare,Essence Serum Ampoule
[한정기획] 피지오겔 사이언수티컬즈 데일리뮨 앰플 세럼 20ml+글로우에센스 20ml+마스크팩 1매 기획,39900,제조일자로부터 24개월,매일 아침 저녁 토너 사용 후 세럼 및 에센스 단계에서 스포이드로 2-3방울을 얼굴 피부에 부드럽게 펴 바르어 줍니다.,Skincare,Essence Serum Ampoule
리쥬란 바이옴 힐러 유스포뮬러 앰플 30ml기획 (+더마힐러 앰플1ml*7+더마힐러 크림10g+더마힐러 마스크23ml),49900,제조일로부터 36개월 이내,앰플 단계에서 피부 결을 따라 부드럽게 펴 바른 후 두드리며 흡수시켜 줍니다.,Skincare,Essence Serum Ampoule
차앤박(CNP) 더마앤서 멜라스팟 브라이트닝 비타C앰플 50ml,38000,제조일로부터 30개월/ 개봉 후 12개월,에센스 사용 단계에서 적당량을 취해 얼굴 피부에 고루 펴 바릅니다.,Skincare,Essence Serum Ampoule
차앤박(CNP) 프로폴리스 액티브 앰플 더블기획(15ml+15ml),26000,제조일로부터 36개월/ 개봉 후 12개월,"아침, 저녁 세안 후 토너 다음 단계에 얼굴 전체에 적당량을 취하여 부드럽게 펴 발라줍니다.",Skincare,Essence Serum Ampoule
[비타민미백/스피큘] 닥터지 RTX 인투 세럼 비타민샷 50ml,43000,36개월(개봉 후 12개월),세안 후 눈가와 입가를 제외한 얼굴에 적당량을 덜어 피부결을 따라 부드럽게 펴 바른 후 가볍게 두드려 흡수시켜줍니다.,Skincare,Essence Serum Ampoule
[탄력세럼/스피큘] 닥터지 RTX 인투세럼 펩티샷 50ml,29900,36개월(개봉 후 12개월),세안 후 눈가와 입가를 제외한 얼굴에 적당량을 덜어 피부결을 따라 부드럽게 펴 바른 후 가볍게 두드려 흡수시켜줍니다.,Skincare,Essence Serum Ampoule
[수분세럼/스피큘] 닥터지 RTX 인투세럼 히알샷 50ml,43000,36개월(개봉 후 12개월),세안 후 눈가와 입가를 제외한 얼굴에 적당량을 덜어 피부결을 따라 부드럽게 펴 바른 후 가볍게 두드려 흡수시켜줍니다.,Skincare,Essence Serum Ampoule
[에이든팍 PICK] 다슈 보이 파란 수분초 수분 세럼 65ml 기획 (+세럼 20ml),14800,■ 유통기한: 제조일로부터 3년.,적당량을 덜어 피부 결에 따라 고르게 바르고 가볍게 두드려 흡수시켜줍니다.,Skincare,Essence Serum Ampoule
[수딩진정] 넘버즈인 1번 판토텐산 액티브업 수딩세럼 50ml,19500,제조일로부터 36개월/개봉 후 12개월,"본 품 적당량을 덜어 피부결을 따라 부드럽게 펴바른 후, 가볍게 두드려 흡수시킵니다.",Skincare,Essence Serum Ampoule
[단독기획] 숨37 시크릿 에센스 기획 (30ml/80ml),32000,"개봉전 제조일로부터 36개월, 유통기한 개봉후 12개월","매일 아침, 저녁 세안 직후 손바닥에 500원 동전 크기로 덜어 피부 결을 따라 얼굴 전체를 감싸듯이 부드럽게 발라주고, 가볍게 두드리며 흡수시켜줍니다.",Skincare,Essence Serum Ampoule
멜린앤게츠 리플래니싱 페이스 세럼 30ml,92000,제조일로부터 3년,"""젖지 않은 깨끗한 피부에 2~3방울을 발라줍니다. 모이스쳐라이져 다음 순서로 사용하십시오. *주의사항. 드로퍼 손상을 방지하기 위해 제품을 열 때 동그란 고무 부분을 비틀지 마십시오. 캡만 돌려서 열어 주십시오.""",Skincare,Essence Serum Ampoule
[수분/단독기획]AHC 프로 샷 히알루로 딥 볼륨 5 인트라 세럼 40ml 기획 (아이크림 +10ml),25600,개봉 전: 3년 이내 / 개봉 후: 즉시 사용 권장,"[페이셜 토탈 케어] - 얼굴과 목에 2~3방울 떨어뜨린 뒤, 마사지하듯이 지그시 누르며 펴 발라 줍니다. 매일 아침, 저녁으로 사용해 주세요. [시너지 트리트먼트 케어] - 인트라 세럼을 먼저 바르고 아이크림 포 페이스를 레이어링하면 더욱 시너지 효과를 느끼실 수 있습니다.",Skincare,Essence Serum Ampoule
[선착순 증정] 설화수 윤조에센스 90ml 기획,126000,"제조일로부터 36개월, 개봉 후 12개월","내용물을 덜어 얼굴 전체에 펴 바른 뒤, 부드럽게 흡수시켜 줍니다.",Skincare,Essence Serum Ampoule
더후 로얄레지나 에너제틱 리페어 세럼 30ml,62050,"개봉전 제조일로부터 36개월, 유통기한 개봉후 12개월","적당량을 덜어 고르게 정돈된 얼굴 피부결을 따라 부드럽게 펴 발라주고, 손바닥으로 얼굴을 가볍게 감싸 온전히 흡수시켜 줍니다.",Skincare,Essence Serum Ampoule
[김지원 PICK] 더후 비첩 자생 에센스 50ml,165000,"개봉전 제조일로부터 36개월, 유통기한 개봉후 12개월","피부 깊숙이 흡수될 수 있도록 스킨으로 피부를 정돈한 후 바로 사용합니다. 얼굴의 볼과 이마, 코, 턱 순서로 피부결을 따라 부드럽게 펴 발라주고, 손바닥으로 얼굴을 가볍게 감싸 빠르게 흡수시켜 줍니다.",Skincare,Essence Serum Ampoule
설화수 윤조에센스 60ml,94500,"제조일로부터 36개월, 개봉 후 12개월","내용물을 덜어 얼굴 전체에 펴 바른 뒤, 부드럽게 흡수시켜 줍니다.",Skincare,Essence Serum Ampoule
[미백/단독기획]AHC 프로샷 글루타 브라이트 인트라 세럼 40ml 기획 (+아이크림10ml),34000,개봉 전: 3년 이내 (개봉 후: 즉시 사용 권장),"[페이셜 토탈 케어] - 얼굴과 목에 2~3방울 떨어뜨린 뒤, 마사지하듯이 원을 그리며 펴 발라 줍니다. 매일 아침, 저녁으로 사용해 주세요. [시너지 트리트먼트 케어] - 인트라 세럼을 먼저 바르고 아이크림 포 페이스를 레이어링하면 더욱 시너지 효과를 느끼실 수 있습니다.",Skincare,Essence Serum Ampoule
[뿌리는 광채 앰플] 브이앤에이뷰티 안티옥시던트 래디언스 미스트 100mL,31000,제조일로부터 36개월,이층상의 미스트가 섞일 수 있도록 사용 전 충분히 흔들어 준 뒤 수분항산화 충전이 필요한 순간에 수시로 뿌려줍니다.,Skincare,Essence Serum Ampoule
숨37 시크릿 에센스 80ml 기획 (+세럼10ml+크림10ml+아이크림10ml+폼40ml),67200,"개봉전 제조일로부터 36개월, 유통기한 개봉후 12개월","매일 아침, 저녁 세안 직후 손바닥에 500원 동전 크기로 덜어 피부 결을 따라 얼굴 전체를 감싸듯이 부드럽게 발라주고, 가볍게 두드리며 흡수시켜줍니다.",Skincare,Essence Serum Ampoule
AHC 콜라 쥬비네이션 리프트4 트리트먼트 에센스 130ml,32000,개봉 전: 3년 이내 (개봉 후: 1년 이내),"[페이셜 토탈 케어] - 손이나 화장솜에 적당량을 덜어 얼굴과 목에 부드럽게 발라 줍니다. 매일 아침, 저녁으로 사용해 주세요.",Skincare,Essence Serum Ampoule
리얼베리어 익스트림 크림 앰플 50ml,21800,"개봉 전 제조일로부터 36개월간, 개봉 후에는 12개월 이내","세안 후 화장수로 피부결을 정돈한 후, 적당량을 취하여 얼굴 전체에 부드럽게 펴 발라줍니다.",Skincare,Essence Serum Ampoule
[각질/피지]아벤느 클리낭스 A.H.A 세럼 30ml,39900,"개봉전 3년, 개봉 후 1년이내 사용권장","매일 아침/저녁 2회, 깨끗하게 세안한 피부에 스포이드로 적당량을 덜어 부드럽게 발라줍니다. 고민이 있는 부위에는 한번 더 레이어링해서 사용해주세요.",Skincare,Essence Serum Ampoule
메디힐 티트리 진정 수분 세럼 40ml,14600,제조 후 36M,"토너 사용 후, 적당량을 덜어 피부 결을 따라 부드럽게 펴 바른 뒤, 가볍게 두드리며 흡수시켜 줍니다.",Skincare,Essence Serum Ampoule
[NCT 재민PICK] 이즈앤트리 어니언 뉴페어 부스터 샷 2000 50ml,19600,제조일 기준 36개월 / 개봉 후 12개월,"저녁 스킨케어 단계에서 적당량을 덜어 피부에 도포한 후, 손가락으로 꾹꾹 눌러 러빙하며 흡수시켜 줍니다. * 처음 스피큘 제품을 사용하는 경우, 격일로 피부 적응기를 갖는 것을 권장드립니다.",Skincare,Essence Serum Ampoule
더바디샵 티트리 스킨 클리어링 데일리 솔루션 50ML,39900,발송일 기준 최대 28개월 이내 제조된 제품으로 발송; 제조일로부터 36개월 이내 사용,손가락 끝에 2~3방울 떨어뜨려 얼굴에 부드럽게 발라줍니다. (1일 2회 사용을 추천합니다.),Skincare,Essence Serum Ampoule
[1+1+1+썸머타월] 셀퓨전씨 레이저 UV 썬스크린 35ml 1+1+1 태닝 마이멜로디 기획(+썸머 타월),23500,제조일로부터 30개월 / 개봉 후 12개월,스킨케어 마무리 단계에서 얼굴 전면에 골고루 도포합니다. (평상시 실내 생활 시에 발라주셔도 좋습니다.),DermoCosmetics,Sun care
[한가인PICK/기미커버개선] 이지듀 기미 앰플 쿠션 15g,39800,"제조일로부터 24개월, 개봉 후 12개월",내장된 퍼프에 내용물을 적당히 묻혀 얼굴 전체에 가볍게 두드리며 발라줍니다.,DermoCosmetics,Sun care
(50%용량증정)에스트라 더마UV365 장벽수분 무기자차 선크림 40ml+20ml 기획,24800,36개월 (개봉 후 1년),스킨케어 마지막 단계에서 자외선이 노출되는 부위에 골고루 펴 바릅니다.,DermoCosmetics,Sun care
[1+1+1] 셀퓨전씨 아쿠아티카 쿨링 썬스크린 35ml 1+1+1 태닝 마이멜로디 기획,22300,제조일로부터 30개월 / 개봉 후 12개월,스킨케어 마무리 단계에서 얼굴 전면에 골고루 도포합니다.,DermoCosmetics,Sun care
[산뜻보송선스틱/UV에이징케어] 셀퓨전씨 스틱 썬스크린 19g (SPF50+/PA++++),25000,제조일로부터 30개월 / 개봉 후 1년,스킨케어 마무리 단계에서 얼굴 전면에 골고루 도포합니다. (휴대하면서 자외선 차단이 필요한 부위에 수시로 덧발라주면 좋습니다.),DermoCosmetics,Sun care
[OY단독]이지듀 기미 앰플 쿠션 기획 (본품 13g + 리필 13g),58900,"제조일로부터 24개월, 개봉 후 12개월",내장된 퍼프에 내용물을 적당히 묻혀 얼굴 전체에 가볍게 두드리며 발라줍니다.,DermoCosmetics,Sun care
[1+1+1] 셀퓨전씨 잡티 토닝 썬스크린 35ml 1+1+1 태닝 마이멜로디 기획,25100,개봉 전 36개월 / 개봉 후 12개월,스킨케어 마무리 단계에서 얼굴 전면에 골고루 도포합니다.,DermoCosmetics,Sun care
[8월 올영픽] 제로이드 데일리 선크림 50ml,22400,"개봉 전 제조일로부터 36개월간,  개봉 후에는 12개월 이내",자외선이 노출되는 피부에 내용물을 적당량 취해 고르게 펴 발라줍니다. (TIP : 자외선 차단제 사용 후 세안시에는 전용 클렌저를 사용하여 꼼꼼히 닦아주는 것이 좋습니다.),DermoCosmetics,Sun care
[UV에이징케어/온라인단독] 셀퓨전씨 레이저 UV 썬스크린 50ml+20ml 기획세트,29400,제조일로부터 30개월 / 개봉 후 12개월,스킨케어 마무리 단계에서 얼굴 전면에 골고루 도포합니다. (평상시 실내 생활 시에 발라주셔도 좋습니다.),DermoCosmetics,Sun care
라로슈포제 유비데아 안뗄리오스 틴티드 크림 [톤보정],29970,제품 뒷면에 표기 / 1년 6개월 이상 남아있는 제품부터 순차적 배송 / 개봉 후 12개월,메이크업 전 단계에서 적당량을 덜어 얼굴 전체에 부드럽게 펴 발라줍니다. 메이크업 베이스 대용으로 사용하셔도 좋습니다.,DermoCosmetics,Sun care
제로이드 이지워시 마일드 선크림 50ml,22400,"개봉 전 제조일로부터 36개월간,  개봉 후에는 12개월 이내",자외선이 노출되는 피부에 내용물을 적당량 취해 고르게 펴 발라줍니다. (TIP : 필요에 따라 수시로 덧발라주면 자외선 차단에 더욱 효과적입니다.),DermoCosmetics,Sun care
에스트라 더마UV365 레드진정 톤업 선크림 40ml 기획 (+무기자차 선크림 20ml),24800,36개월 (개봉 후 1년),스킨케어 마지막 단계에서 자외선이 노출되는 부위에 골고루 펴 바릅니다.,DermoCosmetics,Sun care
(50%용량증정)에스트라 더마UV365 비타C 광채수분 선크림 40ml 기획(+20ml),31000,36개월 (개봉 후 1년),스킨케어 마지막 단계에서 자외선이 노출되는 부위에 골고루 펴 바릅니다.,DermoCosmetics,Sun care
[단독기획] 파티온 노스카나인 트러블 컴포트 수분 선크림 40ml 2입(더블) 기획,23400,"제조일로부터 36개월, 개봉 후 12개월(2025년 1월 이후 제조된 상품만을 취급)",본품 적당량을 취해 피부에 골고루 펴 바른다.,DermoCosmetics,Sun care
[키드 선크림]바이오더마 포토덤 페디아트릭스 레 SPF50+ 100ml,36000,제조일로부터 3년 이내의 상품을 순차적으로 발송/ 개봉 후 6개월 사용 권장,아침 스킨케어 마무리 단계에 적당량을 덜어 얼굴과 목에 부드럽게 펴 발라 줍니다.,DermoCosmetics,Sun care
[대용량] 피지오겔 레드수딩 AI 센서티브 UV 썬스크린 80ml 대용량 기획,29900,제조일자로부터 36개월,적당량을 취하여 피부에 마사지하듯 두드려 흡수시켜 줍니다,DermoCosmetics,Sun care
[NEW모공집중케어썬] 셀퓨전씨 레이저 UV 포어 썬 세럼 40ml (UV에이징케어/선세럼),19100,제조일로부터 36개월 / 개봉 후 12개월,스킨케어 마무리 단계에서 얼굴 전면에 골고루 도포합니다.,DermoCosmetics,Sun care
[UV에이징케어/내츄럴커버썬] 셀퓨전씨 어드밴스드 클리어 썬스크린 35ml 더블기획세트,27900,"제조일로부터 1년6개월 이내의 상품을 순차적으로 발송, 유통기한 개봉후 12개월",외출 전 스킨케어 마무리 단계에서 얼굴 전면에 골고루 도포합니다. (평상시 실내 생활 시에 발라주셔도 좋습니다.),DermoCosmetics,Sun care
[단독기획] 이지듀 멜라 비 토닝 유브이 선 세럼 40ml 2입 기획,29900,제조일로부터 36개월,기초 스킨케어 마지막 단계에서 적당량을 덜어 얼굴과 자외선이 노출되는 부위에 골고루 펴 발라줍니다.,DermoCosmetics,Sun care
[1+1] 유세린 선 페이스 하이드로 프로텍트 SPF50+ 기획 (50ml+50ml),31500,1095일,스킨 케어 후 적당량을 얼굴에 펴발라 주세요.,DermoCosmetics,Sun care
라로슈포제 시카플라스트 리페어 선크림 40ml,27540,18개월 이상 남아있는 제품부터 순차적으로 발송 / 개봉 후 12개월,기초 케어 후 자외선 차단이 필요할 때 부드럽게 펴 발라 줍니다. 클렌징 시에는 클렌징 폼으로 씻어내 줍니다.,DermoCosmetics,Sun care
후시다인 더마 트러블 징크 카밍 선크림 50ml 2입 기획,23400,36개월 / 개봉 후 12개월,본 품 적당량을 취해 피부에 골고루 펴발라줍니다.,DermoCosmetics,Sun care
[PDRN선크림]리쥬란 힐러 UV 프로텍션 크림 40ml 기획 (+프로텍션 크림10ml*2+더마힐러 앰플 3ml),23900,개봉 전 36개월,본 품 적당량을 취하여 피부에 골고루 펴 발라줍니다.,DermoCosmetics,Sun care
피지오겔 시카밸런스 포어솔루션 썬스크린 30ml 더블기획 (한정기획),56000,제조일자로부터 36개월,적당량을 취하여 피부에 마사지하듯 두드려 흡수시켜 줍니다,DermoCosmetics,Sun care
[NEW/ 온라인 단독] 바이오더마 시카비오 크림+ SPF 50+ 40ml 기획 (+센시비오H2O 100ml),25500,제조일로부터 3년 이내의 상품을 순차적으로 발송/ 개봉 후 6개월 사용 권장,본 품 적당량을 취해 피부에 골고루 펴 바른다.,DermoCosmetics,Sun care
바이오더마 시카비오 크림+ SPF 50+ 40ml,25500,"제조일로부터 3년 이내의 상품을 순차적으로 발송, 개봉 후 6개월 사용 권장",본 품 적당량을 취해 피부에 골고루 펴 바른다.,DermoCosmetics,Sun care
[리뉴얼]바이오더마 포토덤 아쿠아 플루이드 SPF50+ 40ml,32000,제조일로부터 3년 이내의 상품을 순차적으로 발송/ 개봉 후 6개월 사용 권장,아침 스킨케어 마무리 단계에 적당량을 덜어 얼굴과 목에 부드럽게 펴 발라 줍니다.,DermoCosmetics,Sun care
에스트라 더마UV365 레드진정 톤업 선크림 40ml,24800,36개월 (개봉 후 1년),스킨케어 마지막 단계에서 자외선이 노출되는 부위에 골고루 펴 바릅니다.,DermoCosmetics,Sun care
바이오더마 포토덤 크림 SPF50+ 40ml,21000,"제조일로부터 3년, 개봉 후 6개월이내 사용 권장","외출 전, 자외선 노출 부위에 꼼꼼히 펴 바릅니다. 장시간 자외선 노출 시 수시로 덧발라 줍니다.",DermoCosmetics,Sun care
[단독기획] 파티온 노스카나인 UV 에이징 베리어 선세럼 40ml 기획(+10ml+수분선10ml),17100,"제조일로부터 36개월, 개봉 후 12개월(2025년 1월 이후 제조된 상품만을 취급)",본품 적당량을 취해 피부에 골고루 펴 바른다.,DermoCosmetics,Sun care
[트러블/피지케어 선크림] 유리아쥬 이제악 썬플루이드 50ml (SPF50+),31500,"제조일로부터 2년 이내의 상품을 순차적으로 발송, 유통기한 개봉후(또는 제조일로부터) 9개월","기초단계의 마지막에 사용하며, 얼굴과 목 전체에 충분량을 펴 발라줌(2시간마다 덧발라주세요.)",DermoCosmetics,Sun care
[톤업선크림] 아벤느 비-프로텍트 선크림 SPF50+ PA++++ 30ml,21000,제조일로부터 3년 개봉 후 1년이내,스킨케어 마지막 단계에서 얼굴과 목에 적당량을 덜어 골고루 펴 발라 줍니다. 메이크업 전 메이크업 베이스 대용으로 사용하셔도 좋습니다.,DermoCosmetics,Sun care
[손상개선썬크림] 유리아쥬 배리어덤 시카 리페어 썬크림 40ML (SPF50+),22400,개봉 전 사용기간 제조일로부터 36개월 / 개봉 후 6개월,"시카 토너 사용 후, 크림 단계에서 적당량을 덜어 얼굴과 몸에 부드럽게 펴 발라줍니다. 자외선으로 인한 2차 손상*이 걱정되거나 외부활동이 많을 때, 3시간마다 덧발라주면 효과적입니다. * 외부환경으로인한 자극에 한함",DermoCosmetics,Sun care
[UV 프레스티지 케어] 리쥬란힐러 UV 프로텍션 크림 40ml,23900,개봉 전 36개월,본 품 적당량을 취하여 피부에 골고루 펴 발라줍니다.,DermoCosmetics,Sun care
[온가족선크림] 닥터디퍼런트 베리어 밸런스 선크림 40ml,25500,"개봉 전 36개월, 개봉 후 12개월","스킨케어 마지막 단계에서 자외선에 노출되기 쉬운 얼굴, 목 등에 골고루 펴발라 부드럽게 흡수시켜줍니다.",DermoCosmetics,Sun care
[올영단독/한정수량] 리쥬란힐러 UV 프로텍션 크림 40ml 기획(+10ml 추가증정),23900,개봉 전 36개월,본 품 적당량을 취하여 피부에 골고루 펴 발라줍니다.,DermoCosmetics,Sun care
[소프트-파우더리 시스템] 리쥬란 힐러 UV 프로텍션 밤 19g,25600,제조일로부터 30개월,"캡을 열고 용기 아래 부분을 돌려 내용물을 올린 후 얼굴 안쪽에서 바깥쪽으로 피부 결을 따라 발라줍니다. 휴대하면서 얼굴,  목 등 자외선 차단이 필요한 부위에 수시로 덧발라 줍니다.",DermoCosmetics,Sun care
[톤업무기자차] 닥터디퍼런트 더블 디펜스 선블록 40ml,24000,"개봉전 36개월, 개봉후 12개월",기초케어 마지막 단계에서 적당량을 덜어 얼굴과 목 등 자외선에 노출되기 쉬운 피부에 꼼꼼하게 펴 바릅니다.,DermoCosmetics,Sun care
에스트라 더마UV365 장벽수분 무기자차 선크림 40ml,24800,36개월 (개봉 후 1년),스킨케어 마지막 단계에서 자외선이 노출되는 부위에 골고루 펴 바릅니다.,DermoCosmetics,Sun care
더마펌 수딩 리페어 토닝 선 크림 R4 40g,21700,개봉전 36개월 / 개봉 후 12 개월,스킨케어 마지막 단계에서 적당량을 취해 자외선에 노출되는 부위에 골고루 펴 발라줍니다.,DermoCosmetics,Sun care
[NEW] 피지오겔 DMT 마일드 릴리프 UV 썬스크린 40ml,28000,제조일자로부터 36개월(개봉후 12개월),본 품 적당량을 취해 피부에 골고루 펴 바릅니다.,DermoCosmetics,Sun care
[NEW] 바이오더마 포토덤 스팟에이지 SPF50+ 40ml,27200,제조일로부터 3년 이내의 상품을 순차적으로 발송/ 개봉 후 6개월 사용 권장,아침 스킨케어 마무리 단계에 적당량을 덜어 얼굴과 목에 부드럽게 펴 발라 줍니다.,DermoCosmetics,Sun care
[노세범/보송] 톡스앤필 유브이 엑스퍼트 올인원 선스틱 18 g,34000,제조일로부터 730일,기초 케어 마지막 단계 혹은 자외선 차단이 필요한 부위에 발라줍니다.,DermoCosmetics,Sun care
[톤업진정선크림] 톡스앤필 썬블럭 50ml,25500,제조일로부터 914일,기초 케어 마지막 단계에서 적당량을 덜어 피부에 골고루 펴 바릅니다.,DermoCosmetics,Sun care
[민감피부용] 피지오겔 시카밸런스 포어솔루션 썬스크린 30ml,35000,제조일자로부터 36개월,적당량을 취하여 피부에 마사지하듯 두드려 흡수시켜 줍니다,DermoCosmetics,Sun care
테라로직 마데셀 더마 리페어 B5 톤업 선크림 50ml,21000,제조일로부터 36개월,스킨케어 후 적당량을 덜어 자외선에 노출되기 쉬운 피부에 골고루 펴 발라 줍니다.,DermoCosmetics,Sun care
라로제 클린 선스틱 SPF 50 PA++++ 18.5g (워터프루프),26100,개봉 후 9개월,"""1. 피부를 햇볕에 노출하기 30분 전에 바릅니다. 2. 이후 2시간 마다, 또는 물에 들어갔다 나올 때마다 덧바릅니다.(만 3세 이상 사용)""",DermoCosmetics,Sun care
[혼합자차/피부온도-3.5도] 메디톡스 뉴라덤 인텐시브 선크림 50ml,24600,제조일로부터 36개월,"스킨케어 마지막 단계에서 제품을 적당량 덜어 피부에 부드럽게 펴 발라 줍니다. 사용tip 자외선에 더 노출되기 쉬운 튀어나온 부분 이마, 콧날, 광대 등 부위에 덧발라주면 좋습니다",DermoCosmetics,Sun care
피지오겔 DMT 하이드로에센셜 썬스크린 40ml,28000,제조일자로부터 36개월,적당량을 취하여 피부에 마사지하듯 두드려 흡수시켜 줍니다,DermoCosmetics,Sun care
피지오겔 레드수딩 AI 글로우업 썬스크린 30ml,28000,제조일자로부터 36개월,적당량을 취하여 피부에 마사지하듯 두드려 흡수시켜 줍니다,DermoCosmetics,Sun care
제로이드 모이스처 리페어 선크림 50ml,19900,"개봉 전 제조일로부터 36개월간,  개봉 후에는 12개월 이내",자외선이 노출되는 피부에 내용물을 적당량 취해 고르게 펴 발라줍니다. (TIP : 자외선 차단제 사용 후 세안시에는 전용 클렌저를 사용하여 꼼꼼히 닦아주는 것이 좋습니다.),DermoCosmetics,Sun care
피토메르 선 베리어 모이스처라이징 프로텍티브 선스크린 50ml 더블 기획,124000,"개봉 전 36개월, 개봉 후 12개월 이내 사용",적당량을 취하여 얼굴과 목 전체에 골고루 펴 발라 줍니다.,DermoCosmetics,Sun care
파이코어 디퍼런씨 블루바이옴 리페어 선크림 40ml,20500,36개월 / 개봉 후 12개월,"스킨케어 마지막 단계에서 적당량을 덜어 얼굴 전체에 골고루 펴 발라준 뒤 광대뼈, T존 부위 등 노출이 많이 되는 부위는 덧발라 주세요.",DermoCosmetics,Sun care
[NEW]에스트라 더마UV365 비타C 광채수분 선크림 40ml,31000,36개월 (개봉 후 1년),스킨케어 마지막 단계에서 자외선이 노출되는 부위에 골고루 펴 바릅니다.,DermoCosmetics,Sun care
에르쯔틴 에어리 토닝 선크림 60ml,26700,제조일로부터 30개월,스킨케어 마무리 단계에서 적당량을 취하여 발라줍니다.,DermoCosmetics,Sun care
에르쯔틴 에어리 워터 선크림 60ml,26700,제조일로부터 30개월,스킨케어 마무리 단계에서 적당량을 취하여 발라줍니다.,DermoCosmetics,Sun care
[NEW] 유세린 선크림 페이스 하이드로 프로텍트 SPF50+ 50ml,19200,1095일,스킨케어 마지막 단계에 적당량을 취하여 자외선 노출이 걱정되는 모든 부위에 골고루 펴 발라줍니다.,DermoCosmetics,Sun care
오가나셀 바이오 액티옴 선스크린 50ml,42000,제조일로부터 36개월,적당량을 덜어 도포한 후 완전히 흡수될 수 있도록 충분히 롤링해 주세요.,DermoCosmetics,Sun care
LBB 올 데이 에어 핏 선스크린 50ml,25200,제조일로부터 36개월 / 개봉 후 12개월,"기초케어 마지막 단계에서 사용하며 겉은보송,속은촉촉하게 마무리됩니다.",DermoCosmetics,Sun care
[화잘먹/광채선]에스테덤 포토리버스 선크림 50ml,88000,제조일로부터 3년 사용 가능/개봉 후 6개월 사용 권장,"외출 전, 자외선 노출 부위에 꼼꼼히 펴바릅니다. 장시간 자외선 노출 시 수시로 덧발라줍니다.",DermoCosmetics,Sun care
[저자극 무기자차/톤업선]에스테덤 노 썬 선크림 50ml,85000,제조일로부터 3년 사용 가능/개봉 후 6개월 사용 권장,"외출 전, 자외선 노출 부위에 꼼꼼히 펴바릅니다. 장시간 자외선 노출 시 수시로 덧발라줍니다.",DermoCosmetics,Sun care
[UV차단]이지듀 멜라 비 토닝 UV 클리어 선 패치 4회분,24900,개봉 전 24개월 이내 / 개봉 후 12개월 이내,"투명 필름을 떼어내고, 눈가 및 광대 주변 자리에 붙여줍니다. 1) 선크림 사용 시 : 선크림을 먼저 얼굴에 바르고 흡수시킨 후, 패치를 부착해 줍니다. 2) 메이크업 시 : 패치 부착 후 메이크업을 진행해 주세요.",DermoCosmetics,Sun care
[모공커버] 라로슈포제 유비데아 안뗄리오스 톤업 클리어 30ml 기획 (+에빠폼15ml+듀오+M 에센스 3ml 증정),29970,제조일로부터 35개월 / 개봉 후 12개월,"유비데아 안뗄리오스 톤업 클리어 메이크업 전 단계에서 적당량을 덜어 얼굴 전체에 부드럽게 펴 발라줍니다. 메이크업 프라이머, 베이스 대용으로 사용하셔도 좋습니다. '에빠끌라 포밍 크림 피부 각질 고민 케어적당량을 젖은 손에 덜어 충분히 거품을 낸 후 젖은 얼굴과 목에 마사지한 후 미지근한 물로 말끔이 헹구어 내줍니다 -에빠끌라 듀오+M 적당량을 고민 부위에 도포해줍니다.",DermoCosmetics,Sun care
[파데프리] 라로슈포제 유비데아 톤업 로지 글로우 30ml,29970,18개월 이상 남아있는 제품부터 순차적으로 발송 / 개봉 후 12개월,매일 아침 스킨케어 마지막 단계에서 적당량을 덜어 얼굴 전체에 발라줍니다. 화사하고 윤기나는 피부톤업으로 메이크업 베이스/프라이머 대용으로 사용하셔도 좋습니다.,DermoCosmetics,Sun care
라로슈포제 유비데아 안뗄리오스 멜트인 크림 [수분],29970,제품 뒷면에 표기 / 1년 6개월 이상 남아있는 제품부터 순차적 배송 / 개봉 후 12개월,메이크업 전 단계에서 적당량을 덜어 얼굴 전체에 부드럽게 펴 발라줍니다. 메이크업 베이스 대용으로 사용하셔도 좋습니다.,DermoCosmetics,Sun care
피지오겔 DMT UV 썬로션 100ml,28000,제조일자로부터 36개월(개봉후 12개월),본 품 적당량을 취해 피부에 골고루 펴 바릅니다.,DermoCosmetics,Sun care
파티온 노스카나인 잡티 프루프 선크림 50ml,22000,"제조일로부터 36개월, 개봉 후 12개월 (2022년 7월 13일 이후 제조된 상품만을 취급)","스킨케어 마지막 단계에서, 자외선에 노출되는 부위에 골고루 펴 발라 줍니다.",DermoCosmetics,Sun care
[지속율95.46%/광노화케어_신소재적용] 리쥬란 바이옴 힐러 유스 포뮬러 선크림 50ml,25900,제조일로부터 36개월 이내,"스킨케어 마지막 단계에서 손바닥에 적당량을 덜어, 피부 결을 따라 안쪽에서 바깥쪽으로 부드럽게 두드리며 펴 발라 피부에 흡수 시켜줍니다.",DermoCosmetics,Sun care
라로제 대용량 클린 선크림 SPF 50+ PA++++ 150ml (워터프루프),37800,개봉 후 12개월,"""1. 피부를 햇볕에 노출하기 30분 전에 바릅니다. 2. 이후 2시간 마다, 또는 물에 들어갔다 나올 때마다 덧바릅니다.(만 3세 이상 사용)""",DermoCosmetics,Sun care
[한정기획] 피지오겔 레드수딩 AI 센서티브 UV 썬스크린 30ml 더블 기획 (+DMT리젠크림 10ml 추가증정),30000,제조일자로부터 36개월,적당량을 취하여 피부에 마사지하듯 두드려 흡수시켜 줍니다,DermoCosmetics,Sun care
[8월올영픽/31억장 돌파] 메디힐 에센셜 마스크팩 10/10+1매 7종 택1,9950,제조일로부터 36개월 (개봉 후 즉시),1. 세안 후 화장수로 피부를 정돈해 줍니다. 마스크 시트를 꺼내 얼굴 모양에 맞춰  붙여 줍니다. 2. 약 10~20분 후 시트를 떼어내고 피부에 남아있는 에센스는 가볍게 두드려 흡수시켜 줍니다.,maskpack,Sheetpack
토리든 마스크 시트 1매 3종 택 1(수분/진정/브라이트닝),3000,제조일로부터 36개월 (개봉 후 즉시),1. 세안 후 피부결을 정돈합니다. 2. 개봉 전 파우치를 양손바닥으로 2~3번 두드려 에센스가 골고루 퍼지도록 합니다. 3. 마스크를 눈과 입을 제외하고 고르게 펴서 균등하게 붙여 밀착합니다. 4. 15~20분 후 마스크를 떼어낸 후 남은 에센스를 가볍게 두드려 흡수시킵니다.,maskpack,Sheetpack
[1매/5종] 아비브 껌딱지 시트 마스크 스티커 1매 (어성초/수분초/마데카소사이드/콜라겐밀크/비타),4000,"제조일로부터 36개월, 개봉 후 즉시 사용","1. 세안 후 화장수로 피부를 깨끗이 정돈합니다. 2. 본 제품을 개봉해 마스크를 눈과 입주위를 제외한 얼굴 전체에 고르게 위치시킨 후, 본인의 얼굴에 맞게 팩을 살짝 늘려 밀착시킵니다. 3. 10~20분 정도 후에 마스크를 떼어냅니다. 4. 피부 위에 남은 내용물을 가볍게 두드려 흡수 시켜 줍니다.",maskpack,Sheetpack
넘버즈인 1번~5번 마스크팩 10매 기획 4종 중 택 1,40000,"[1번] 제조일로부터 30개월/개봉 후 즉시 사용, [2~3번] 제조일로부터 24개월 / 개봉 후 즉시 사용, [4~5번] 제조일로부터 36개월 / 개봉 후 즉시 사용",세안 직후 얼굴을 토너 및 화장수로 정돈해 줍니다. 마스크 시트를 꺼내 펼친 후 얼굴의 눈부분부터 맞추어 얼굴에 고르게 펴서 밀착시켜 줍니다. 10~20분 휴식 및 진정을 취한 후 마스크를 떼어냅니다. 남은 에센스는 가볍게 두드려 피부에 흡수시켜 줍니다.,maskpack,Sheetpack
"[3시간팩] 바이오던스 리얼 딥 마스크 7매 (콜라겐, 세라놀, 비타, 씨켈프)",29900,제조일로부터 36개월,"1. 세안 후 피부 결을 정돈하고, 스킨케어를 마친 뒤 마스크의 필름을 제거하고 부착합니다. 2. 팩을 부착한 후 투명해질 때까지 기다렸다 팩이 투명해지면 떼어내 줍니다. TIP : 모든 기초 스킨케어를 마친 후 수면팩으로 활용하거나 최소 3시간 이상 부착하여 더욱 특별한 효과를 경험해 보세요.",maskpack,Sheetpack
[모공탄력] 바이오힐 보 프로바이오덤 콜라겐 리모델링 세럼 겔 마스크 5+1매,15000,제조일로부터 36개월,"1. 세안 후, 마스크를 꺼내어 상하로 분리되어 있는 마스크 양면의 필름을 떼어냅니다. 2. 엠보싱 부분이 피부에 밀착되도록 얼굴에 고르게 올려줍니다. 3. 약 45분 후 시트를 떼어냅니다. 피부상태에 따라 방치 시간을 조절해 줍니다.",maskpack,Sheetpack
[투명진정팩] 아비브 약산성 pH 시트 마스크 어성초 핏 5매 (+1매 증정 기획),20000,"제조일로부터 36개월, 개봉 후 즉시 사용","1. 세안 후 화장수로 피부를 깨끗이 정돈합니다. 2. 본 제품을 개봉해 마스크를 눈과 입주위를 제외한 얼굴 전체에 고르게 위치시킨 후, 본인의 얼굴에 맞게 팩을 살짝 늘려 밀착시킵니다.",maskpack,Sheetpack
[붙이는 리쥬란/오리지널PDRN] 리쥬란 힐러 스킨 프로텍션 마스크 5매,28000,제조일로부터 24개월,본 품을 피부에 붙이고 10~20분 후 지지체를 제거한 다음 남은 제품을 골고루 펴 바른다.,maskpack,Sheetpack
브링그린 프레시마스크 1매 5종,880,"■ 제조일로부터 30개월, 개봉 후 즉시","1. 세안 후, 토너로 피부 결을 정돈합니다. 2. 파우치를 개봉한 후, 마스크를 꺼내 얼굴에 밀착시켜 줍니다. 3. 약 10~20분간 시트를 붙이고 휴식을 취한 뒤 마스크를 떼어냅니다. 4. 남아있는 에센스는 가볍게 두드려 흡수시켜 줍니다.",maskpack,Sheetpack
[3+3] 셀퓨전씨 포스트 알파 퍼스트 쿨링 마스크 3매+3매 태닝 마이멜로디 기획,8000,30개월,1. 세안 후 토너로 피부결을 정돈해줍니다. 2. 파우치를 개봉하여 얼굴에 맞춰 잘 부착 시켜줍니다. 3. 약 20~30분 후 마스크를 제거하고 피부에 남은 내용물을 가볍게 두드려 흡수 시켜줍니다. ※ 10℃ 이하의 온도에서 냉장 보관하여 사용하시면 더욱 효과적입니다.,maskpack,Sheetpack
[겔마스크] 메디힐 하이퍼 마스크 1매 2종 택 1 [콜라겐/히알루론산],3300,제조 후 36M,"1. 세안 후 화장수로 피부를 정돈한 뒤, 상·하로 분리된 마스크 시트의 필름을 떼어 줍니다. 2. 시트의 하단을 입을 중심으로 얼굴 모양에 맞춰 붙여주고, 상단은 눈을 중심으로 얼굴 모양에 맞춰 붙여 줍니다. 3. 약 30분 후, 시트를 떼어내고 피부에 남아있는 에센스를 가볍게 두드려 흡수시켜 줍니다. *마스크 시트가 투명해지는 시간은 개인차가 있을 수 있습니다.",maskpack,Sheetpack
넘버즈인 1번~5번 마스크팩 5매 기획 중 택 1,9800,"[1번] 제조일로부터 30개월/개봉 후 즉시 사용, [2~3번] 제조일로부터 24개월 / 개봉 후 즉시 사용, [4~5번] 제조일로부터 36개월 / 개봉 후 즉시 사용",세안 직후 얼굴을 토너 및 화장수로 정돈해 줍니다. 마스크 시트를 꺼내 펼친 후 얼굴의 눈부분부터 맞추어 얼굴에 고르게 펴서 밀착시켜 줍니다. 10~20분 휴식 및 진정을 취한 후 마스크를 떼어냅니다. 남은 에센스는 가볍게 두드려 피부에 흡수시켜 줍니다.,maskpack,Sheetpack
"[원조겔팩] 바이오던스 리얼 딥 마스크 4매 (콜라겐, 세라놀, 비타, 씨켈프)",20000,제조일로부터 2년 6개월,스킨케어를 끝낸 피부에 콜라겐 마스크를 얹어 3~4시간 가량 흡수시켜준 뒤 떼어냅니다. tip. 스킨케어 마지막 단계에 사용하여 수면팩으로 사용해 주시면 더욱 더 효과적입니다.,maskpack,Sheetpack
[올영단독/10+1] 메디힐 마데카소사이드 에센셜 마스크 흔적 리페어 10+1매 기획,10000,제조일로부터 36개월 (개봉 후 즉시),1. 세안 후 화장수로 피부를 정돈해 줍니다. 마스크 시트를 꺼내 얼굴 모양에 맞춰 붙여 줍니다. 2. 약 10~20분 후 시트를 떼어내고 피부에 남아있는 에센스는 가볍게 두드려 흡수시켜 줍니다.,maskpack,Sheetpack
[1등마스크팩] 유세린 울트라센시티브 리페어 진정 마스크팩 5매,14910,"1,095일","세안 후 깨끗한 피부에 울트라 센시티브 마스크팩을 얹어 15분 가량 기다린 후, 떼어내고 충분히 흡수시켜줍니다.",maskpack,Sheetpack
"[1매] 메디힐 랩핑 세럼 마스크 5종 택1 (마데카소사이드, 콜라겐, 비타민씨, 히알루론산, 티트리)",1800,제조 후 36개월,1. 세안 후 화장수로 피부를 정돈해 줍니다. 마스크 시트를 꺼내 얼굴 모양에 맞춰 붙여 줍니다. 2. 약 10~20분 후 시트를 떼어내고 피부에 남아있는 에센스는 가볍게 두드려 흡수시켜 줍니다.,maskpack,Sheetpack
[온라인 단독기획]브링그린 프레시마스크 10매 기획 5종,8000,"■ 제조일로부터 30개월, 개봉 후 즉시","1. 세안 후, 토너로 피부 결을 정돈합니다. 2. 파우치를 개봉한 후, 마스크를 꺼내 얼굴에 밀착시켜 줍니다. 3. 약 10~20분간 시트를 붙이고 휴식을 취한 뒤 마스크를 떼어냅니다. 4. 남아있는 에센스는 가볍게 두드려 흡수시켜 줍니다.",maskpack,Sheetpack
[5분 마스크팩] 스킨푸드 데일리 마스크 30매 6종 중 택1,27000,제조연월: 발송일로부터 1년이내 제조 사용기한: 제조일로부터 36개월,"캡을 왼쪽으로 돌려 열어주세요. 필름을 제거하고 사용해주세요. 1. 세안 후, 화장수로 피부 결을 정돈해줍니다. 2. 집게로 마스크 1매를 뽑아 얼굴 전체에 고르게 밀착시킵니다. 3. 5분 후 시트를 떼어내고 남은 에센스는 가볍게 두드려 흡수 시켜줍니다.",maskpack,Sheetpack
[투명잡티팩] 아비브 약산성 pH시트 마스크 글루타치온좀 핏 5매 (+1매 증정기획),20000,제조일로부터 36개월/개봉후 즉시사용,"1. 세안 후 화장수로 피부를 깨끗이 정돈합니다. 2. 본 제품을 개봉해 마스크를 눈과 입주위를 제외한 얼굴 전체에 고르게 위치시킨 후, 본인의 얼굴에 맞게 팩을 살짝 늘려 밀착시킵니다. 3. 10~20분 정도 후에 마스크를 떼어냅니다. 4. 피부 위에 남은 내용물을 가볍게 두드려 흡수 시켜 줍니다.",maskpack,Sheetpack
[올리브영 1위] 더마픽스 페이턴트 콜라겐 마스크 2매 (3종 택1),9900,제조일로부터 36개월,"""1) 세안 후 콜라겐 토너로 피부 결을 정돈한 다음 상/하로 분리된 마스크를 꺼내 필름을 제거합니다. 2) 벌집모양의 면을 피부 쪽으로 한 후, 하단을 먼저 입 중심으로 상단은 눈 중심으로 얼굴에 맞춰 잘 붙여줍니다. 3) 피부 상태에 따라 약 20~30분 부터 유효성분이 흡수되면서 투명해집니다. (개인 피부 상태에 따라 40분 이상 소요될 수 있습니다.) 4) 마스크가 투명해지면 떼어낸 후 남은 내용물을 손으로 두드려 흡수 시켜줍니다.""",maskpack,Sheetpack
[14년연속 1위] 메디힐 에센셜 마스크팩 2+2매 고기능 7종 택1,4000,제조일로부터 36개월 (개봉 후 즉시),1. 세안 후 화장수로 피부를 정돈해 줍니다. 마스크 시트를 꺼내 얼굴 모양에 맞춰 붙여 줍니다. 2. 약 10~20분 후 시트를 떼어내고 피부에 남아있는 에센스는 가볍게 두드려 흡수시켜 줍니다.,maskpack,Sheetpack
메디힐 모공톡스 탄산 버블 시트 1매,1500,제조일로부터 36개월 (개봉 후 즉시),"※ 내용물의 특성상 용액이 가라앉을 수 있으므로 사용 전 파우치 표면에 원을 그리듯 문질러 내용물을 충분히 섞어 줍니다. 파우치 개봉 후 즉시 사용해 주십시오. 세안 후 마른 얼굴에 코와 입 부분을 맞추어 고르게 밀착시켜 준 후, 10분간 탄산 버블이 풍성하게 올라오면 시트를 떼어냅니다. 피부에 남은 잔여 버블로 부드럽게 마사지한 후, 미온수로 깨끗이 헹구어 줍니다. ※ 피부 온도 및 외부 온도에 따라 버블 생성 속도와 버블 생성량에 차이가 있을 수 있습니다. ※ 피부가 간지럽거나 따끔거리는 현상은 버블 형성으로 인하여 모공에 있는 노폐물을 정돈하는 과정입니다. 제품 고유의 정상적인 반응이며 이로 인한 반품 및 교환은 되지 않습니다.",maskpack,Sheetpack
[콜라겐생성177%/8월 올영픽] 아로셀 슈퍼 콜라겐 마스크 3+1매 기획,21000,제조일로부터 3년,파우치 개봉 후 본품을 피부에 붙이고 20~40분 후 제거한 뒤 남은 잔여물을 골고루 펴발라 줍니다. *특별한 효과를 위해 3~5시간 사용을 권장드립니다.,maskpack,Sheetpack
아이소이 에센셜 마스크팩 3+1매 3종 택 1 (잡티 / 진정 / 수분),9000,제조일자로부터 3년 개봉 후 6개월 사용권장,"마스크시트팩을 꺼낸 후, 눈과 입 주위를 제왜한 얼굴 전체에 골고루 밀착시켜줍니다. 10~20분 정도 후 마스크팩을 떼어내 고, 남은 에센스를 가볍게 두드려 피부에 흡수시켜줍니다.",maskpack,Sheetpack
[NEW] 바이오힐 보 프로바이오덤 3D 리프팅 크림 마스크 5+1매,20000,제조일로부터 36개월,1. 세안 후 토너/패드로 피부 결을 정돈해줍니다. 2. 파우치를 개봉한 후 시트를 중안부와 하안부 중심으로 부위별로 맞춰 늘려가며 끌어올리듯 감싸 부착해줍니다. 3. 약 10~20분 후 마스크를 떼어냅니다. 4. 남아있는 에센스는 가볍게 두드려 흡수시켜줍니다.,maskpack,Sheetpack
[얼음마스크팩] 닥터지 레드블레미쉬 쿨 수딩 마스크 10p,20000,3년 (개봉 후 12개월),1. 세안 후 토너로 피부 결을 정돈해 줍니다. 마스크를 꺼내어 지지체를 제거한 후 얼굴에 고르게 부착시킵니다. 2. 약 10~20분 후 마스크를 떼어내고 피부에 남아 있는 에센스를 가볍게 두르려 흡수시켜 줍니다. 사용팁 : 1)실온! 냉장! 10분 냉동! 보관 사용 가능합니다. 마스크 시트가 꽝꽝 얼었다면 꼭 5분 동안 실온에서 녹힌 후 사용하세요! 2) 사용 전 내용물이 시트에 잘 스며들도록  파우치를 골고루 문질러 사용하세요. *시원한 사용감은 개인에 따라 화한 느낌으로 느껴질 수 있으며 피부 자극 테스트 완료된 제품으로 안심하고 사용하실 수 있습니다.,maskpack,Sheetpack
[NEW/1매] 바이오던스 리얼 딥 마스크 4종 택1,4800,제조일로부터 2년 6개월,스킨케어를 끝낸 피부에 콜라겐 마스크를 얹어 3~4시간 가량 흡수시켜준 뒤 떼어냅니다. tip. 스킨케 마지막 단계에 사용하여 수면팩으로 사용해 주시면 더욱 더 효과적입니다.,maskpack,Sheetpack
[4매/3종] 아비브 콜라겐 겔 마스크 4매 (어성초/수분초/부활초),20000,"제조일로부터 36개월, 개봉 후 즉시 사용","밀착력을 높이기 위해 엠보면이 피부에 닿도록 부착해주세요. 1. 세안 후 토너로 피부 결을 정돈한 뒤 마스크의 양쪽 필름을 제거합니다. 2. 마스크 하단부터 입을 중심으로, 상단은 눈을 중심으로 부착하여 얼굴에 밀착시켜줍니다. 3. 20-30분 후 마스크를 떼어내고 남아있는 내용물을 가볍게 두드려 흡수시켜줍니다. *지지체 없이 에센스를 굳혀 만든 겔 마스크로 손톱 등 날카로운 것에 닿거나 잡아당기면 찢어질 수 있습니다. *겔 마스크에 사용되는 천연 유래 원료 특성상 간혹 미세한 점이 보일 수 있습니다.",maskpack,Sheetpack
[10매/5종] 아비브 약산성 pH 시트 마스크 핏 10매 (어성초/부활초/아쿠아/글루타치온좀/허니),40000,"제조일로부터 36개월, 개봉 후 즉시 사용","1. 세안 후 화장수로 피부를 깨끗이 정돈합니다. 2. 본 제품을 개봉해 마스크를 눈과 입주위를 제외한 얼굴 전체에 고르게 위치시킨 후, 본인의 얼굴에 맞게 팩을 살짝 늘려 밀착시킵니다. 3. 10~20분 정도 후에 마스크를 떼어냅니다. 4. 피부 위에 남은 내용물을 가볍게 두드려 흡수 시켜 줍니다.",maskpack,Sheetpack
"[10매] 메디힐 랩핑 세럼 마스크 5종 택1 (마데카소사이드, 콜라겐, 비타민씨, 히알루론산, 티트리)",14900,제조 후 36개월,1. 세안 후 화장수로 피부를 정돈해 줍니다. 마스크 시트를 꺼내 얼굴 모양에 맞춰 붙여 줍니다. 2. 약 10~20분 후 시트를 떼어내고 피부에 남아있는 에센스는 가볍게 두드려 흡수시켜 줍니다.,maskpack,Sheetpack
더마토리 레티날덤 밴드 마스크 1매(모공탄력),4000,개봉 전 36개월 / 개봉 후 즉시 사용,"1. 세안 후 토너를 이용하여 피부를 깨끗이 정돈해 줍니다. 2. 파우치를 개봉하여 시트를 꺼낸 뒤 이마, 코, 윗볼 순으로 붙여 줍니다. 3. 시트의 절개 라인을 잡고 위쪽으로 잡아 당기며 볼을 감싸 들뜸 없이 밀착시켜 줍니다. 4. 약 10-20분 후 마스크를 제거하고, 피부에 남은 에센스를 가볍게 두드려 흡수시켜 줍니다.",maskpack,Sheetpack
[1일1팩/쿨링진정]듀이트리 AC 딥 진정 마스크 (열감/흔적) 10매,14000,"개봉 전 36개월, 개봉 후 즉시 사요",1. 세안 후 화장수로 피부결을 정돈합니다. 2. 마스크를 꺼내어 눈을 중심으로 얼굴에 밀착합니다. 3. 10~20분 정도 휴식 후 마스크를 떼어냅니다. 4. 얼굴에 남은 내용물은 두드려 흡수시킵니다.,maskpack,Sheetpack
[단독기획] 파티온 노스카나인 트러블 세럼 마스크팩 기획(4+1),16000,"제조일로부터 36개월, 개봉 후 12개월(2024년 4월 28일 이후 제조된 상품만을 취급)",1. 세안 후 토너로 피부 결을 정돈해 줍니다. 2. 파우치 개봉 후 마스크 시트를 꺼내 얼굴에 맞게 부착합니다. 3. 10~20분 후 시트를 떼어내고 남은 에센스는 가볍게 두드려 흡수시켜 줍니다.,maskpack,Sheetpack
[8월 올영픽/1매 추가 증정/진정쿨링] 닥터지 레드 블레미쉬 쿨 수딩 마스크 4+1매 한정 기획,7300,제조일로부터 36개월,1. 세안 후 토너로 피부 결을 정돈해 줍니다. 마스크를 꺼내어 지지체를 제거한 후 얼굴에 고르게 부착시킵니다. 2. 약 10~20분 후 마스크를 떼어내고 피부에 남아 있는 에센스를 가볍게 두르려 흡수시켜 줍니다. 사용팁 : 1)실온! 냉장! 10분 냉동! 보관 사용 가능합니다. 마스크 시트가 꽝꽝 얼었다면 꼭 5분 동안 실온에서 녹힌 후 사용하세요! 2) 사용 전 내용물이 시트에 잘 스며들도록  파우치를 골고루 문질러 사용하세요. *시원한 사용감은 개인에 따라 화한 느낌으로 느껴질 수 있으며 피부 자극 테스트 완료된 제품으로 안심하고 사용하실 수 있습니다.,maskpack,Sheetpack
메디힐 티트리 임팩트인 밸런싱 마스크 1매,3000,제조일로부터 36개월,1. 세안 후 스킨으로 피부결을 정돈한 후 마스크를 꺼내어 편 뒤 얼굴 모양에 맞게 시트를 얼굴에 부착시킵니다. 2. 약 10~20분 동안 편안한 휴식을 취한 후 마스크를 떼어냅니다. 3. 마스크를 떼어낸 후 얼굴에 남아있는 에센스는 가볍게 두드려 흡수시켜 줍니다.,maskpack,Sheetpack
[NEW 구매인증 이벤트/-4도 즉각 수분쿨링] 러븀 울릉도 해양수 PDRN 쿨링 겔 마스크 5매,18500,제조일로부터 36개월,1. 세안 후 토너로 피부 결을 정돈하여 줍니다. 2. 마스크를 꺼내어 얼굴 모양에 맞게 고르게 밀착시켜줍니다. 3. 30분가량 피부에 부착 후 떼어냅니다. 4. 얼굴에 남은 에센스는 두드려 흡수시켜줍니다. *TIP 피부 컨디션에 따라 수면 팩으로 사용해도 좋습니다 15분 이내로 냉장 보관 후 더욱 시원하게 사용 가능합니다.,maskpack,Sheetpack
[급속쿨링/열감케어] 셀퓨전씨 포스트 알파 퍼스트 쿨링 마스크 5P,7500,"제조일로부터 1년6개월 이내의 상품을 순차적으로 발송, 유통기한 개봉후 12개월",1. 세안 후 토너로 피부결을 정돈해줍니다. 2. 파우치를 개봉하여 얼굴에 맞춰 잘 부착 시켜줍니다. 3. 약 20~30분 후 마스크를 제거하고 피부에 남은 내용물을 가볍게 두드려 흡수 시켜줍니다. ※ 10℃ 이하의 온도에서 냉장 보관하여 사용하시면 더욱 효과적입니다.,maskpack,Sheetpack
[4매입/탄력미백]메디큐브 PDRN 핑크 콜라겐 겔 마스크팩 4매,16900,"개봉전 24개월, 개봉후 즉시 사용","1. 세안 후 토너를 사용하여 피부결을 정돈해 줍니다. 2. 파우치를 개봉하여 얼굴 상,하단 마스크의 필름 제거 후 상단은 눈을 중심으로, 하단은 입을 중심으로 얼굴에 맞추어 부착해 줍니다. 3. 팩 부착 후 시트가 투명해지면 떼어내어 줍니다. 4. 피부에 남은 에센스를 손으로 두드려 흡수시켜 줍니다. * 마스크가 투명해지는 시간은 개인차가 있을 수 있습니다.",maskpack,Sheetpack
[모공톡스 콜라겐] 아로셀 보툴케어 마스크 EX 4매입,36000,제조일로부터 3년,파우치 개봉 후 본품을 피부에 붙이고 20~40분 후 제거한 뒤 남은 잔여물을 골고루 펴발라 줍니다. *특별한 효과를 위해 3~5시간 사용을 권장드립니다.,maskpack,Sheetpack
[1일1팩/쿨링진정] 듀이트리 AC 딥 진정 마스크 (열감/흔적) 1매,1350,제조일로부터 36개월 / 개봉 후 즉시 사용,1. 세안 후 화장수로 피부결을 정돈합니다. 2. 마스크를 꺼내어 눈을 중심으로 얼굴에 밀착합니다. 3. 10~20분 정도 휴식 후 마스크를 떼어냅니다. 4. 얼굴에 남은 내용물은 두드려 흡수시킵니다.,maskpack,Sheetpack
[반쪽모공팩] 어나더페이스 펩타테놀 수분 밸런스 하이드로겔 마스크팩 4매,17600,제조일로부터 36개월,"① 세안 후 피부결을 정돈해 줍니다. ② 파우치를 개봉하여 얼굴 하단 마스크의 필름을 제거한 후, 입을 중심으로 맞추어 붙여 줍니다. ③ 얼굴 상단 마스크의 필름을 제거한 후, 눈을 중심으로 맞추어 붙어줍니다. ④ 팩 부착 후 투명해지면 떼어내어 피부에 남은 에센스를 가볍게 마사지하며 흡수시켜 줍니다. ※ 시트가 점점 얇고 투명해지면서 유효성분이 피부에 전달됩니다.",maskpack,Sheetpack
[NEW/대용량] 바이오힐 보 프로바이오덤 콜라겐 리모델링 세럼 겔 마스크 7+3매 증정 기획세트,15000,제조일로부터 36개월,"1. 세안 후, 마스크를 꺼내어 상하로 분리되어 있는 마스크 양면의 필름을 떼어냅니다. 2. 엠보싱 부분이 피부에 밀착되도록 얼굴에 고르게 올려줍니다. 3. 약 45분 후 시트를 떼어냅니다. 피부상태에 따라 방치 시간을 조절해 줍니다.",maskpack,Sheetpack
더멀매트릭스 페이셜 더멀케어 마스크,9000,36개월,세안후 스킨으로 피부결을 정돈 합니다. 피우치를 개봉후 필름을 제거합니다. 피부에 잘 부착되도록 얼굴 윗 부위는 눈을 중심으로 부드럽게 부착합니다. 피부에 잘 밀착되도록 얼굴 아래부위는 입을 중심으로 부드럽게 부착합니다. 가능한 오랫동안 부착하고 있을 수록 특별한 효과를 느낄 수 있습니다.,maskpack,Sheetpack
메디힐 대나무/닥나무 4D 마스크 1매 2종 택1,3000,제조일로부터 36개월 (개봉 후 즉시),1. 세안 후 화장수로 피부를 정돈한 후 마스크 시트를 꺼내 시트의 눈이 바깥쪽으로 향하도록 펼쳐준 다음 양쪽 눈을 기준으로 이마→코→윗볼 순으로 붙여 줍니다. 2. ⓐ리프팅 라인을 잡고 ⓑ 부분을 위쪽으로 잡아당기면서 볼을 감싸 팽팽하게 고정시켜 줍니다. 3. 다시 한번 광대(볼) 부분을 한 손으로 누르면서 ⓑ를 잡고 턱을 감싸 밀착시켜 줍니다. 4. 약 10분~20분간 휴식을 취한 후 시트를 떼어내고 남은 액은 가볍게 두드려 흡수시킵니다.,maskpack,Sheetpack
[어성초진정]듀이트리 픽앤퀵 뽑아쓰는 카밍풀 마스크 30매입,23000,제조일로부터 36개월 / 개봉 후 6개월 내 사용 권장,`1. 세안 후 화장수로 피부결을 정돈합니다. 2. 마스크를 꺼내어 눈을 중심으로 얼굴에 밀착합니다. 3. 10~20분 정도 휴식 후 마스크를 떼어냅니다. 4. 얼굴에 남은 내용물은 두드려 흡수시킵니다. `,maskpack,Sheetpack
[탄력붓기] 넘버즈인 9번 NMN BIO 리프팅 풀페이스팩 4매(+땡김이원단 증정기획),12500,제조일로부터 36개월 / 개봉 후 즉시 사용,상단 시트를 꺼내 얼굴의 눈부터 맞추어 얼굴에 고르게 펴서 밀착시켜 줍니다. 하단 시트를 꺼내 턱에 중심을 맞춘 후 천천히 당겨 양쪽 귀에 걸어주고 목에 밀착시켜줍니다. 남은 에센스는 가볍게 두드려 흡수시켜줍니다.,maskpack,Sheetpack
[이나연PICK/더블겔링] 라운드랩 자작나무 수분 더블 겔 마스크 1매,3000,"제조일로부터 36개월, 개봉 후 즉시","세안 후 토너로 피부결을 정돈해 줍니다. 시트를 꺼내어 눈, 코 부분부터 맞추어 얼굴 전체에 고르게 밀착 시킵니다. 10~20분 후 시트를 떼어내고 피부 남은 내용물은 가볍게 손으로 두드려 흡수시킵니다.",maskpack,Sheetpack
[NEW/즉각수분쿨링]닥터지 레드 블레미쉬 히알 시카 쿨링 겔 마스크 5매 기획(4+1매 증정),15000,제조일로부터 30개월,"1. 세안 후 토너로 피부결을 정돈한 다음 상, 하로 분리된 마스크팩을 꺼내 필름을 제거합니다. 2. 상단은 눈을 중심으로, 하단은 입을 중심으로 얼굴에 맞춰 잘 붙여줍니다. (하단을 먼저 붙이면 밀착력이 더욱 좋습니다.) 3. 약 30분 후, 주요 성분이 흡수되면서 투명해진 겔 마스크를 떼어내고, 남은 에센스는 가볍게 두드려 흡수시켜 줍니다. (마스크가 투명해지는 시간은 피부 타입에 따라 30분에서 1시간 이상 차이가 있을 수 있습니다.) * 한 번 사용한 제품은 재사용하지 마십시오. * 밀착력이 좋은 초슬림 시트로 손톱에 의해 겔시트가 찢어질 수 있으니 사용 시 주의하십시오.",maskpack,Sheetpack
[10매입/6종] 아누아 시트 마스크 6종 (어성초 진정/피디알엔/복숭아/비타민씨/앰플/크림),15000,36개월 (개봉 후 즉시 사용) / 피디알엔 세럼 마스크 24개월 (개봉 후 즉시 사용),1. 세안 후 토너로 피부결을 정돈합니다. 2. 얼굴에 알맞게 시트를 붙입니다. 3. 15~20분 후에 시트를 떼어내고 피부를 가볍게 두드려 남은 내용물을 흡수 시켜 줍니다.,maskpack,Sheetpack
[1매/6종] 아누아 시트 마스크 6종 (어성초 진정/피디알엔/복숭아/비타민씨/앰플/크림),4000,36개월 (개봉 후 즉시 사용) / 피디알엔 마스크 24개월 (개봉 후 즉시 사용),1. 세안 후 토너로 피부결을 정돈합니다. 2. 얼굴에 알맞게 시트를 붙입니다. 3. 15~20분 후에 시트를 떼어내고 피부를 가볍게 두드려 남은 내용물을 흡수 시켜 줍니다.,maskpack,Sheetpack
메디힐 더마 앰플 마스크 1매 3종 택1 [광채미백/매끈결광/탄력볼륨],1500,제조일로부터 36개월,1. 세안 후 화장수로 피부를 정돈해 줍니다. 마스크 시트를 꺼내 얼굴 모양에 맞춰 붙여 줍니다. 2. 약 10~20분 후 시트를 떼어내고 피부에 남아있는 에센스는 가볍게 두드려 흡수시켜 줍니다.,maskpack,Sheetpack
[NEW] 구달 겔 마스크 5매 기획 2종 택1(청귤/어성초),25000,- 개봉전 : 36개월  - 개봉후: 즉시사용,1. 파우치를 개봉하여 얼굴 하단 마스크의 필름을 제거해 줍니다. 2. 입을 중심으로 얼굴 모양에 맞게 붙여주고 턱 아랫부분은 절취선을 따라 뜯어낸 후 턱 밑부터 턱 라인에 맞춰 끌어올리듯 붙여줍니다. 3. 얼굴 상단 마스크의 필름을 제거한 후 눈을 중심으로 맞추어 붙여줍니다. 4. 약 20~40분 후 떼어내어 피부에 남은 에센스를 가볍게 흡수시켜 줍니다.,maskpack,Sheetpack
스킨푸드 캐롯 카로틴 마스크시트 기획 7매 (+3매 증정),21000,제조연월 : 발송일로부터 1년이내 제조 / 사용기한 : 제조일로부터 36개월,"1. 세안 후, 화장수로 피부 결을 정돈해줍니다. 2. 마스크를 얼굴 전체에 고르게 밀착시킵니다. 3. 20~30분 후 시트를 떼어내고, 남은 에센스는 가볍게 두드려 흡수시킵니다.",maskpack,Sheetpack
메디힐 W.H.P 미백수분 블랙 마스크 EX 1매,3000,제조일로부터 36개월,"1. 세안 후 스킨으로 피부결을 정돈한 후 마스크를 꺼내어 편 뒤 얼굴 모양에 맞게 시트를 얼굴에 부착시킵니다. 2. 약 15~20분 동안 편안한 휴식을 취한 후 마스크를 떼어냅니다. 3. 마스크를 떼어낸 후 얼굴에 남아있는 에센스는 가볍게 두드려 흡수시켜 줍니다. ☞ 4주간의 피부 턴오버 주기를 고려하여 일주일에 2~3회, 4주간 연속적으로 사용하시는 것이 가장 효과적입니다. (한달 집 중관리 프로그램",maskpack,Sheetpack
메디힐 NMF 누드겔 마스크 1매 수분 부스팅 하이드로겔,4000,제조일로부터 36개월 (개봉 후 즉시),1. 세안 후 화장수로 피부를 정돈한 후 상·하로 분리된 마스크의 양쪽 필름을 각각 떼어냅니다. 2. 엠보 면이 피부에 닿도록 시트를 얼굴 모양에 맞춰 붙여 줍니다. 3. 약 10~20분 후 시트를 떼어내고 피부에 남아있는 에센스는 가볍게 두드려 흡수시켜 줍니다.,maskpack,Sheetpack
토리든 밸런스풀 시카 마스크 10매,15000,개봉 전 36개월 / 개봉 후 즉시 사용,1. 세안 후 피부결을 정돈합니다. 2. 개봉 전 파우치를 양손바닥으로 2~3번 두드려 에센스가 골고루 퍼지도록 합니다. 3. 마스크를 눈과 입을 제외하고 고르게 펴서 균등하게 붙여 밀착합니다. 4. 15~20분 후 마스크를 떼어낸 후 남은 에센스를 가볍게 두드려 흡수시킵니다.,maskpack,Sheetpack
[1+1/화잘먹팩]듀이트리 픽앤퀵 뽑아쓰는 화장발 마스크 더블 기획(30매+30매),21900,제조일로부터 36개월 / 개봉 후 6개월 내 사용 권장,`1. 세안 후 화장수로 피부결을 정돈합니다. 2. 마스크를 꺼내어 눈을 중심으로 얼굴에 밀착합니다. 3. 10~20분 정도 휴식 후 마스크를 떼어냅니다. 4. 얼굴에 남은 내용물은 두드려 흡수시킵니다. `,maskpack,Sheetpack
[콜라겐탱글/화해1위] 에스네이처 수퍼 아쿠아겔 오아시스 앰플 마스크 1매,1600,제조일로부터 2년 / 개봉 후 즉시 사용 권장,"본 제품을 개봉하여 마스크 필름을 제거한 후, 얇은  아쿠아겔 시트를 얼굴에 고르게 밀착시킵니다.",maskpack,Sheetpack
[모공쫀쫀/콜라겐팩] CKD 레티노콜라겐 저분자300 모공탄력 마스크 4매 기획 (+1매),16800,제조일로부터 36개월 / 개봉 후 즉시 사용,"1) 세안 후, 토너로 피부결을 정돈한 다음 상/하로 분리된 마스크를 꺼내 필름을 제거합니다. 2) 상단은 눈을 중심으로, 하단은 입을 중심으로 얼굴에 맞춰 잘 붙여줍니다. 3) 피부상태에 따라 약 30분부터 유효성분이 흡수되면서 투명해집니다. ※개인 피부 상태에 따라 40분 이상 소요될 수 있습니다. 4) 마스크가 투명해지면 떼어낸 후 남은 내용물을 손으로 두드려 흡수 시켜줍니다",maskpack,Sheetpack
더멀매트릭스 페이셜 더멀케어 마스크 4매,36000,36개월,"1. 세안 후 토너로 피부결을 정돈합니다. 2. 파우치를 개봉하여 필름을 제거합니다. 3. 피부에 잘 밀착되도록 얼굴 윗 부위는 눈 중심으로, 아래 부위는 입을 중심으로 부드럽게 부착합니다. 4. 얼굴의 중심에서부터 기포가 생기지 않도록 부드럽게 부착합니다. 5. 가능한 오랫동안 부착하고 있을수록 특별한 효과를 느끼실 수 있습니다.",maskpack,Sheetpack
[1매/5종] 아비브 약산성 pH 시트 마스크 핏 1매 (어성초/부활초/아쿠아/글루타치온좀/허니),2400,제조일로부터 36개월 /개봉 후 즉시 사용,"1. 세안 후 화장수로 피부를 깨끗이 정돈합니다. 2. 본 제품을 개봉해 마스크를 눈과 입주위를 제외한 얼굴 전체에 고르게 위치시킨 후, 본인의 얼굴에 맞게 팩을 살짝 늘려 밀착시킵니다. 3. 10~20분 정도 후에 마스크를 떼어냅니다. 4. 피부 위에 남은 내용물을 가볍게 두드려 흡수 시켜 줍니다.",maskpack,Sheetpack
[나나PICK] 센텔리안24 마데카랩 히알 워터풀 글로우 겔 마스크팩 1매,6000,제품 별도표기일까지 / 제조일로부터 30일 / 개봉 후 6개월,"1. 세안 후 피부 결을 정돈한 뒤, 상하로 분리된 겔 마스크 시트의 필름을 각각 떼어 줍니다. 2. 시트 상단은 눈을 중심으로 얼굴 모양에 맞춰 붙여 주고, 하단은 입을 중심으로 얼굴 모양에 맞춰 붙여줍니다. 3. 약 20-30분 후, 시트를 떼어내고 피부에 남아있는 에센스를 가볍게 두드려 흡수 시켜 줍니다.",maskpack,Sheetpack
[밀착 겔 마스크/수면팩] 러븀 겔 마스크 3매입(수분진정 시카/광채미백 유자),12400,"제조일로부터 2년 , 개봉 후 12개월",1. 세안 후 토너로 피부 결을 정돈해 줍니다. 2. 마스크를 꺼내어 얼굴 모양에 맞게 얼굴 전체에 고르게 밀착시켜 줍니다. 3. 40분가량 피부에 붙인 후 떼어내어 줍니다. 4. 얼굴에 남아있는 에센스를 가볍게 두드려 흡수시켜 줍니다.,maskpack,Sheetpack
[여배우PICK] 바이오던스 바이오 콜라겐 리얼 딥 마스크 16매,68000,제조일로부터 2년 6개월,스킨케어를 끝낸 피부에 콜라겐 마스크를 얹어 3~4시간 가량 흡수시켜준 뒤 떼어냅니다. tip. 스킨케어 마지막 단계에 사용하여 수면팩으로 사용해 주시면 더욱 더 효과적입니다.,maskpack,Sheetpack
[응급진정/흔적케어] 로벡틴 닥터마스크 시카 5매,12000,개봉즉시,"1. 세안 후 화장수로 피부를 깨끗이 정돈합니다. 2. 본 제품을 개봉해 마스크를 눈과 입주위를 제외한 얼굴 전체에 고르게 위치시킨 후, 본인의 얼굴에 맞게 팩을 살짝 늘려 밀착시킵니다. 3. 10~20분 정도 후에 마스크를 떼어냅니다. 4. 피부 위에 남은 내용물을 가볍게 두드려 흡수 시켜 줍니다",maskpack,Sheetpack
[이나연PICK/더블겔링] 라운드랩 자작나무 수분 더블 겔 마스크 10매,30000,"제조일로부터 36개월, 개봉 후 즉시","세안 후 토너로 피부결을 정돈해 줍니다. 시트를 꺼내어 눈, 코 부분부터 맞추어 얼굴 전체에 고르게 밀착 시킵니다. 10~20분 후 시트를 떼어내고 피부 남은 내용물은 가볍게 손으로 두드려 흡수시킵니다.",maskpack,Sheetpack
하우스오브비 글루타치온 페이스필름 4매,29900,제조일로부터 36개월 (개봉 후 즉시 사용),"1) 상단부를 뜯어 1제 앰플 마스크를 피부에 도포해 주세요 * 꼭 1제 앰플 마스크를 먼저 도포하세요. 2) 하단부 필름을 뜯어 양쪽의 투명 지지체를 제거한 후 일체형 필름의 눈 위치에 맞추어 상단을 부착합니다. * 피부 투과력을 높인 생체 친화적 필름으로, 과도하게 당기거나 긴 손톱, 날카로운 물건 등이 닿으면 찢어질 수 있으니 섬세하게 부착해 주세요. 3) 볼 아래 부위의 하단부 필름을 끌어올리듯 밀착하여 붙여줍니다. 4)짧으면 1시간, 길면 3시간까지 휴식을 취해 주세요. 드라마틱하게 충전되는 피부 컨디션을 느끼실 수 있습니다.",maskpack,Sheetpack
마녀공장 갈락 나이아신 에센스 투명광채 마스크 1매,3000,"제조일로부터 2년, 개봉 후 즉시사용",1. 세안 후 스킨이나 토너로 피부 결을 정돈한 후 마스크 팩 파우치를 개봉하여 줍니다. 2. 마스크 시트를 펼쳐 눈과 입을 기준으로 얼굴 모양에 맞추어 시트를 붙여줍니다. 3. 10분~20분 후 마스크를 제거하고 남아있는 내용물을 가볍게 두드려 흡수시켜 줍니다.,maskpack,Sheetpack
[모공순삭/피지쓱싹]  로벡틴 닥터마스크 포어 1매,1800,개봉즉시,"1. 세안 후 화장수로 피부를 깨끗이 정돈합니다. 2. 본 제품을 개봉해 마스크를 눈과 입주위를 제외한 얼굴 전체에 고르게 위치시킨 후, 본인의 얼굴에 맞게 팩을 살짝 늘려 밀착시킵니다. 3. 10~20분 정도 후에 마스크를 떼어냅니다. 4. 피부 위에 남은 내용물을 가볍게 두드려 흡수 시켜 줍니다",maskpack,Sheetpack
닥터지 블랙 스네일 레티놀 링클 마스크 4매 (+1매 증정기획),11000,36개월(개봉 후 12개월),"1. 세안 후 토너로 피부 결을 정돈해 줍니다. 2. 마스크를 꺼내어 눈과 입을 중심으로 위치를 맞춘 후, 본인의 얼굴에 맞게 잘 밀착시켜줍니다. 3. 약 10-20분 후 마스크를 떼어내고 피부에 남아있는 에센스를 가볍게 두드려 흡수시켜 줍니다.",maskpack,Sheetpack
[5종/1매] 메디힐 더마 시너지 랩핑 마스크 1매 5종 택1,1900,제조일로부터 36개월,1. 세안 후 화장수로 피부를 정돈해 줍니다. 마스크 시트를 꺼내 얼굴 모양에 맞춰 붙여 줍니다. 2. 약 10~20분 후 시트를 떼어내고 피부에 남아있는 에센스는 가볍게 두드려 흡수시켜 줍니다.,maskpack,Sheetpack
VT 리들샷 300 2스텝 마스크팩 10매,35000,제조일로부터 36개월,1. 세안 후 맨 얼굴에 STEP1 리들샷 300을 적당량 덜어 마사지하듯 러빙하여 펴 발라줍니다. 2. STEP1 리들샷 300 흡수 후 STEP2 리들샷 컨디셔닝 마스크를 개봉하여 시트 한 장을 꺼내고 얼굴 형태에 맞추어 준 뒤 피부에 고르게 밀착될 수 있도록 부착시켜줍니다. 3. 약 10~20분 동안 휴식을 취한 뒤 마스크 시트를 제거하고 피부 위에 남은 에센스는 가볍게 두드려 흡수시켜줍니다.,maskpack,Sheetpack
[쿨링진정/민감피부추천] 셀퓨전씨 포스트 알파 시카 쿨링 마스크 1매,3000,"제조일로부터 1년6개월 이내의 상품을 순차적으로 발송, 유통기한 개봉후 즉시",1. 세안 후 토너로 피부결을 정돈해줍니다. 2. 파우치를 개봉하여 얼굴에 맞춰 잘 부착 시켜줍니다. 3. 약 20~30분 후 마스크를 제거하고 피부에 남은 내용물을 가볍게 두드려 흡수 시켜줍니다. ※ 10℃ 이하의 온도에서 냉장 보관하여 사용하시면 더욱 효과적입니다.,maskpack,Sheetpack
마몽드 앰플 마스크팩 1매 (4종),1750,개봉 전 36개월 / 개봉 후 즉시,1. 세안 후 토너로 피부결을 정돈해 줍니다. 2. 마스크 시트를 꺼내 얼굴 모양에 맞춰 고르게 밀착시킵니다. 3. 10~20분 후 마스크를 떼어내고 피부에 남아있는 에센스를 가볍게 두드려 흡수시켜 줍니다.,maskpack,Sheetpack
[NEW] 토리든 셀메이징 저분자 콜라겐 탄력 겔마스크 상/하 4매 (온),18000,별도표기 / 36개월 (개봉 후 즉시사용),"1. 세안 후 마스크를 꺼내 상,하 부분으로 분리된 마스크의 양쪽 필름을 떼어냅니다. 2. 올록볼록한 엠보면이 피부에 닿도록 얼굴&목에 고르게 붙여 밀착시켜 줍니다. 3. 약 20~30분 뒤 마스크를 떼어내고 남은 에센스를 가볍게 두드려 흡수 시킵니다. TIP.눈, 입에서 떼어낸 조각을 피부가 얇은 입가, 눈가 등에 붙여 집중케어 해보세요.",maskpack,Sheetpack
파티온 노스카나인 트러블 세럼 마스크팩 1매,1900,"제조일로부터 36개월, 개봉 후 12개월(2024년 4월 28일 이후 제조된 상품만을 취급)",1. 세안 후 토너로 피부 결을 정돈해 줍니다. 2. 파우치 개봉 후 마스크 시트를 꺼내 얼굴에 맞게 부착합니다. 3. 10~20분 후 시트를 떼어내고 남은 에센스는 가볍게 두드려 흡수시켜 줍니다.,maskpack,Sheetpack
[급속쿨링/열감케어] 셀퓨전씨 포스트 알파 퍼스트 쿨링 마스크 1P,3000,"제조일로부터 1년6개월 이내의 상품을 순차적으로 발송, 유통기한 개봉후 즉시",1. 세안 후 토너로 피부결을 정돈해줍니다. 2. 파우치를 개봉하여 얼굴에 맞춰 잘 부착 시켜줍니다. 3. 약 20~30분 후 마스크를 제거하고 피부에 남은 내용물을 가볍게 두드려 흡수 시켜줍니다. ※ 10℃ 이하의 온도에서 냉장 보관하여 사용하시면 더욱 효과적입니다.,maskpack,Sheetpack
[1매] 넘버즈인 1번~5번 마스크팩 5종 중 택 1,2000,"[1번] 제조일로부터 30개월/개봉 후 즉시 사용, [2~3번] 제조일로부터 24개월 / 개봉 후 즉시 사용, [4~5번] 제조일로부터 36개월 / 개봉 후 즉시 사용",세안 직후 얼굴을 토너 및 화장수로 정돈해 줍니다. 마스크 시트를 꺼내 펼친 후 얼굴의 눈부분부터 맞추어 얼굴에 고르게 펴서 밀착시켜 줍니다. 10~20분 휴식 및 진정을 취한 후 마스크를 떼어냅니다. 남은 에센스는 가볍게 두드려 피부에 흡수시켜 줍니다.,maskpack,Sheetpack
VT 시카 데일리 수딩 마스크,19800,3년,"세안 후 스킨으로 피부 결을 가볍게 정돈한 후, 미니 핀셋으로 마스크시트를 한 장 꺼내 얼굴에 고르게 밀착 후 10~15분 후에 떼어내고 남은 내용물을 가볍게 두드려 흡수시켜 줍니다.",maskpack,Sheetpack
[집중케어] VT 리들샷 100 2스텝 마스크 4매 (+1매 증정기획),10200,개봉 전 36개월(개봉 후 즉시),1. 세안 후 맨 얼굴에 STEP1 리들샷® 100을 적당량 덜어 마사지하듯 러빙하여 펴 발라줍니다. 2. STEP1 리들샷® 100 흡수 후 STEP2 리들샷® 밸런스 마스크를 개봉하여 시트 한 장을 꺼내고 얼굴 형태에 맞추어 준 뒤 피부에 고르게 밀착될 수 있도록 부착시켜줍니다. 3. 약 10~20분 동안 휴식을 취한 뒤 마스크 시트를 제거하고 피부 위에 남은 에센스는 가볍게 두드려 흡수시켜줍니다.,maskpack,Sheetpack
[수분광채/쫀쫀탄력] 로벡틴 닥터마스크 아쿠아 5매,8000,개봉 즉시,"1. 세안 후 화장수로 피부를 깨끗이 정돈합니다. 2. 본 제품을 개봉해 마스크를 눈과 입주위를 제외한 얼굴 전체에 고르게 위치시킨 후, 본인의 얼굴에 맞게 팩을 살짝 늘려 밀착시킵니다. 3. 10~20분 정도 후에 마스크를 떼어냅니다. 4. 피부 위에 남은 내용물을 가볍게 두드려 흡수 시켜 줍니다",maskpack,Sheetpack
페이스인페이스 아쿠아 샤워룩 하이드로겔 마스크 10매입,30000,제조일로부터 24개월 까지 / 개봉후 즉시사용,"1. 세안 후 물기를 제거하고 화장수로 피부결을 정돈합니다. 2. 제품을 개봉하여 얼굴 상, 하의 양쪽 필름을 제거합니다. 3. 시트를 하단, 상단의 순서로 얼굴에 맞게 밀착시켜 줍니다. 4. 30분 후 마스크를 떼어내고 남은 내용물을 두드려 흡수시켜 줍니다.",maskpack,Sheetpack
[붙이는 세럼팩] 아렌시아 홀리 히솝 마스크팩 4매 (+1매 증정),16000,사용 기한 3년 / 개봉 후 즉시 사용,세안 후 마스크를 얼굴에 고르게 붙여 밀착합니다. 15~20분 뒤 마스크를 떼어내고 남은 세럼을 가볍게 두드려 흡수시킵니다.,maskpack,Sheetpack
[탄력속광] 메디큐브 PDRN 핑크 콜라겐 겔 마스크팩(1매입),6300,730일,"1. 세안 후 토너를 사용하여 피부결을 정돈해 줍니다. 2. 파우치를 개봉하여 얼굴 상,하단 마스크의 필름 제거 후 상단은 눈을 중심으로, 하단은 입을 중심으로 얼굴에 맞추어 부착해 줍니다. 3. 팩 부착 후 시트가 투명해지면 떼어내어 줍니다. 4. 피부에 남은 에센스를 손으로 두드려 흡수시켜 줍니다. * 마스크가 투명해지는 시간은 개인차가 있을 수 있습니다.",maskpack,Sheetpack
스킨푸드 수비드 마스크시트 1매 10종 중 택1,1100,제조일로부터 30개월,"1. 세안 후, 화장수로 피부결을 정돈해줍니다. 2. 마스크를 얼굴 전체에 고르게 밀착시킵니다. 3. 10~20분 후 시트를 떼어내고, 남은 토너는 가볍게 두드려 흡수시킵니다.",maskpack,Sheetpack
[원조3시간팩] 아로셀 슈퍼 콜라겐 6+2매 기획,48000,제조일로부터 3년,파우치 개봉 후 본품을 피부에 붙이고 20~40분 후 제거한 뒤 남은 잔여물을 골고루 펴발라 줍니다. *특별한 효과를 위해 3~5시간 사용을 권장드립니다.,maskpack,Sheetpack
[붓기완화]듀이트리 픽앤퀵 뽑아쓰는 모닝붓기 마스크 30매입,13800,제조일로부터 24개월 / 개봉 후 6개월 내 사용 권장,1. 세안 후 화장수로 피부결을 정돈합니다. 2. 마스크를 꺼내어 눈을 중심으로 얼굴에 밀착합니다. 3. 10~20분 정도 휴식 후 마스크를 떼어냅니다. 4. 얼굴에 남은 내용물은 두드려 흡수시킵니다.,maskpack,Sheetpack
[단독기획] 아누아 피디알엔 마스크 5+1매 기획세트,9500,24개월 (개봉 후 즉시 사용),1. 세안 후 토너로 피부결을 정돈합니다. 2. 얼굴에 알맞게 시트를 붙입니다. 3. 15~20분 후에 시트를 떼어내고 피부를 가볍게 두드려 남은 내용물을 흡수 시켜 줍니다.,maskpack,Sheetpack
[응급진정/흔적케어] 로벡틴 닥터마스크 시카 1매,2000,개봉즉시,"1. 세안 후 화장수로 피부를 깨끗이 정돈합니다. 2. 본 제품을 개봉해 마스크를 눈과 입주위를 제외한 얼굴 전체에 고르게 위치시킨 후, 본인의 얼굴에 맞게 팩을 살짝 늘려 밀착시킵니다. 3. 10~20분 정도 후에 마스크를 떼어냅니다. 4. 피부 위에 남은 내용물을 가볍게 두드려 흡수 시켜 줍니다",maskpack,Sheetpack
듀이셀 프라이빗 케어 마스크팩 5매,19800,제조일로부터 3년 / 즉시 사용,"1.세안 후 도트가 있는 면으로 가볍게 얼굴전체를 마사지 하고,반대쪽 면으로 닦아내듯 마무리 해준 후 그대로 흡수 시키거나 가볍게 세안해 줍니다. 2.상층마스크 와 하층마스크를 차례로 붙이고 10~20분 후 마스크를 제거한 다음 남은 제품을 골고루 펴 발라줍니다.",maskpack,Sheetpack
[최서은PICK] 아로셀 슈퍼 콜라겐 마스크 1매,8000,제조일로부터 3년,파우치 개봉 후 본품을 피부에 붙이고 20~40분 후 제거한 뒤 남은 잔여물을 골고루 펴발라 줍니다. *특별한 효과를 위해 3~5시간 사용을 권장드립니다.,maskpack,Sheetpack
스킨푸드 감자 마데카소사이드 마스크시트 기획 7매 (+3매 증정),21000,제조연월 : 발송일로부터 1년이내 제조 / 사용기한 : 제조일로부터 36개월,"1. 세안 후, 화장수로 피부 결을 정돈해줍니다. 2. 마스크를 얼굴 전체에 고르게 밀착시킵니다. 3. 20~30분 후 시트를 떼어내고, 남은 에센스는 가볍게 두드려 흡수시킵니다.",maskpack,Sheetpack
[피부진정] 마리엔메이 시카 어성초 티트리 카밍 뽑아쓰는 마스크팩 30매,17910,제조일로부터 36개월 / 개봉 후 12개월,세안 후 토너를 이용해 피부를 정돈해줍니다. 마스크를 꺼내 펼친 후 눈 부분부터 맞춰 얼굴에 골고루 밀착시킵니다. 10-20분 정도 휴식 후 마스크를 떼어내고 피부에 남은 내용물을 가볍게 두드려 흡수시켜 줍니다. 사용후에는 본품 뚜껑을 꼭 닫아주시기 바랍니다.,maskpack,Sheetpack
[탄력리프팅] 메디힐 레티놀 콜라겐 윤곽 마스크 1매 2종 택 1 [앰플/크림],4000,제조일로부터 36개월,① 상단 마스크를 꺼내어 얼굴에 맞춰 잘 밀착되도록 붙여줍니다. ② 하단 마스크를 꺼내어 절개선을 턱 중앙에 맞춰주고 턱 선을 따라 한쪽씩 당겨서 볼 옆으로 밀착시켜줍니다. ③ 약 10~20분 후 시트를 떼어내고 피부에 남아있는 에센스를 가볍게 두드려 흡수시켜 줍니다.,maskpack,Sheetpack
[단독기획] 토리든 마스크 5+1매 기획 3종 (수분/진정/브라이트닝),8500,개봉 전 36개월 / 개봉 후 즉시 사용,1. 세안 후 피부결을 정돈합니다. 2. 개봉 전 파우치를 양손바닥으로 2~3번 두드려 에센스가 골고루 퍼지도록 합니다. 3. 마스크를 눈과 입을 제외하고 고르게 펴서 균등하게 붙여 밀착합니다. 4. 15~20분 후 마스크를 떼어낸 후 남은 에센스를 가볍게 두드려 흡수시킵니다.,maskpack,Sheetpack
[대나무 비건시트/진정쿨링] 프리메이 그린 하트리프 앰플 마스크 1매,900,제조일로부터 36개월,"1. 세안 후 토너로 피부결을 정돈해 줍니다. 2. 시트 부분을 눈, 코, 입 위치에 맞추어 얼굴 전체에 고르게 밀착시킵니다. 3. 약 10~20분 후 시트를 떼어 내고, 남은 액은 가볍게 두드려 흡수시킵니다.",maskpack,Sheetpack
[2024어워즈/콜라겐수면팩] 성분에디터 딥 콜라겐 파워 부스팅 마스크 4매,18000,제조일로부터 3년,얼굴에 맞게 시트 부착 후 약 30~40분 뒤 마스크팩을 제거하고 피부에 남은 에센스를 가볍게 두드려 줍니다 *수면팩으로 사용하시면 더욱 좋습니다.,maskpack,Sheetpack
[단독패키지] 웰더마 사파이어 콜라겐 임팩트 겔마스크팩 4매 콜라겐수 85%,16900,제조일로부터 36개월,"Step 1. 파우치를 개봉하여 마스크팩을 꺼낸 후 양면의 필름을 제거합니다. Step 2. 미세홀이 난 면을 피부쪽으로, 눈/코/입에 맞춰 피부에 밀착시킵니다. Step 3. 세안 및 기초 스킨케어 후 수면팩으로 사용하시거나, 팩이 투명해질 때까지 2~3시간 이상 부착해 주세요! ※tip- 기초 제품 크림까지 바른 후 마스크를 붙이고 수면팩으로 사용시 더욱 효과적입니다",maskpack,Sheetpack
[기미잡티/비타민팩] CKD 비타씨테카 기미잡티샷 마스크 4매 기획 (+1매),20000,제조일로부터 3년,"①세안 후, 토너로 피부결을 정돈한 다음 상/하로 분리된 마스크를 꺼내 필름을 제거합니다. ② 상단은 눈을 중심으로, 하단은 입을 중심으로 얼굴에 맞춰 잘 붙여줍니다. ③피부상태에 따라 약 30분 부터 유효성분이 흡수되면서 투명해집니다. ※개인 피부상태에 따라 40분 이상 소요될 수있습니다. ④마스크가 투명해지면 떼어낸 후 남은 내용물을 손으로 두드려 흡수 시켜줍니다",maskpack,Sheetpack
브리스킨 엑소펩타이드 콜라겐 마스크 5매(부활초/어성초),35000,30개월,1. 세안 후 토너를 사용하여 피부 결을 정돈합니다. 2. 붙어있는 필름을 제거한 후 하단 마스크부터 얼굴 모양에 맞게 붙여줍니다. 3. 피부 상태에 따라 약 20분~40분 후부터 유효성분이 흡수되면서 시트가 투명하게 변합니다. Tip. 수면팩으로 사용하거나 약 3~4시간 정도 사용하여 특별한 효과를 경험해 보세요. 4. 시트를 떼어낸 다음 피부에 남아 있는 에센스를 가볍게 두드려 흡수시켜 줍니다.,maskpack,Sheetpack
[트러블진정]  바이오던스 리프레싱 씨 켈프 리얼 딥 마스크 7매 (OY단독),29900,제조일로부터 36개월,"1. 세안 후 피부 결을 정돈하고, 스킨케어를 마친 뒤 마스크의 필름을 제거하고 부착합니다. 2. 팩을 부착한 후 투명해질 때까지 기다렸다 팩이 투명해지면 떼어내 줍니다. TIP : 모든 기초 스킨케어를 마친 후 수면팩으로 활용하거나 최소 3시간 이상 부착하여 더욱 특별한 효과를 경험해 보세요.",maskpack,Sheetpack
[모공순삭/피지쓱싹] 로벡틴 닥터마스크 포어 5매,6500,개봉즉시,"1. 세안 후 화장수로 피부를 깨끗이 정돈합니다. 2. 본 제품을 개봉해 마스크를 눈과 입주위를 제외한 얼굴 전체에 고르게 위치시킨 후, 본인의 얼굴에 맞게 팩을 살짝 늘려 밀착시킵니다. 3. 10~20분 정도 후에 마스크를 떼어냅니다. 4. 피부 위에 남은 내용물을 가볍게 두드려 흡수 시켜 줍니다",maskpack,Sheetpack
[밀착코팅] 라운드랩 소나무 진정 시카 겔 마스크 1매 (온),5000,"제조일로부터 36개월, 개봉 후 즉시","세안 후, 토너로 피부 결을 정돈한 후 상/하 분리된 마스크의 양쪽 필름을 제거해 줍니다. 얼굴 모양에 맞게 고르게 부착한 후 20~30분 뒤 떼어내어 남은 내용물은 가볍게 두드려 흡수시켜 줍니다.",maskpack,Sheetpack
[겔마스크] 메디힐 하이퍼 마스크 10매 2종 택 1 [콜라겐/히알루론산],45000,제조 후 36M,"1. 세안 후 화장수로 피부를 정돈한 뒤, 상·하로 분리된 마스크 시트의 필름을 떼어 줍니다. 2. 시트의 하단을 입을 중심으로 얼굴 모양에 맞춰 붙여주고, 상단은 눈을 중심으로 얼굴 모양에 맞춰 붙여 줍니다. 3. 약 30분 후, 시트를 떼어내고 피부에 남아있는 에센스를 가볍게 두드려 흡수시켜 줍니다. *마스크 시트가 투명해지는 시간은 개인차가 있을 수 있습니다.",maskpack,Sheetpack
[붙이는리쥬란_이중턱케어] 리쥬란 힐러 퍼펙트 힐링 V 타이터 4매,43000,"개봉 전 24개월, 개봉 후 12개월",마스크 시트를 꺼내어 눈 주위부터 얼굴 형태에 맞춰 접히는 부분이 없도록 꼼꼼히 붙여줍니다. 약 10~20분 경과 후 마스크를 제거 해줍니다,maskpack,Sheetpack
구달 흑당근 비타A 레티놀 탄력 리프팅 마스크 1매,2800,개봉 전 36개월 / 개봉 후 즉시 사용,본품을 피부에 붙이고 10~20분 후 지지체를 제거한 다음 남은 제품을 골고루 펴 바른다.,maskpack,Sheetpack
[시카진정] 더마토리 시카 징크덤 밴드 마스크 4매(+1매 증정기획),8900,개봉 전 30개월 / 개봉 후 즉시 사용,"1. 세안 후 토너를 이용하여 피부를 깨끗이 정돈해 줍니다. 2. 파우치를 개봉하여 시트를 꺼낸 뒤 이마, 코, 윗볼 순으로 붙여 줍니다. 3. 시트의 절개 라인을 잡고 위쪽으로 잡아 당기며 볼을 감싸 들뜸 없이 밀착시켜 줍니다. 4. 약 10-20분 후 마스크를 제거하고, 피부에 남은 에센스를 가볍게 두드려 흡수시켜 줍니다.",maskpack,Sheetpack
[한혜진PICK/대용량] CKD 레티노콜라겐 저분자 300 모공탄력 마스크 10매,50000,제조일로부터 3년,"①세안 후, 토너로 피부결을 정돈한 다음 상/하로 분리된 마스크를 꺼내 필름을 제거합니다. ② 상단은 눈을 중심으로, 하단은 입을 중심으로 얼굴에 맞춰 잘 붙여줍니다. ③피부상태에 따라 약 30분부터 유효성분이 흡수되면서 투명해집니다. ※개인 피부 상태에 따라 40분 이상 소요될 수 있습니다. ④마스크가 투명해지면 떼어낸 후 남은 내용물을 손으로 두드려 흡수 시켜줍니다",maskpack,Sheetpack
리얼베리어 마스크 10매 3종 택1(장벽/수분/쿨링),30000,"개봉 전 제조일로부터 24개월간 이내, 개봉 후 즉시 사용",1. 세안 후 화장수로 피부결을 정돈 후 지지체를 바깥쪽 으로 하여 얼굴에 고르게 붙여 줍니다. 2. 지지체를 제거합니다. 3. 약 10~20분 동안 편안한 휴식을 취한 후 마스크를 떼어냅니다. 4. 얼굴에 남은 크림은 가볍게 두드려 흡수시켜줍니다.,maskpack,Sheetpack
[모공즉각개선/자극진정]메디앤서 콜라겐 나노샷 마스크 10매 포어/카밍 택 1,60000,36개월,"① 세안 후 토너로 피부결을 정돈한 다음 상, 하로분리된 마스크팩을 꺼내 필름을 제거합니다. ② 상단은 눈을 중심으로, 하단은 입을 중심으로 얼굴에 맞춰 잘 붙여줍니다. ③ 약 30분 후 마스크를 떼어낸 다음 남은 내용물은 손으로 두드려 흡수시켜 줍니다. ※마스크가 투명해지는 시간은 개인차가 있을 수 있습니다.",maskpack,Sheetpack
[모공/밀착] VT 리들샷 1000 2스텝 마스크 1매,3800,개봉 전 36개월,1. 세안 후 맨 얼굴에 STEP1 마일드 리들샷 1000을 적당량 덜어 마사지하듯 러빙하여 펴 발라줍니다. 2. STEP1 마일드 리들샷 1000 흡수 후 STEP2 리들샷 컴포트 마스크를 개봉하여 시트 한 장을 꺼내고 얼굴 형태에 맞추어 준 뒤 피부에 고르게 밀착될 수 있도록 부착시켜줍니다. 3. 약 10~20분 동안 휴식을 취한 뒤 마스크 시트를 제거하고 피부 위에 남은 에센스는 가볍게 두드려 흡수시켜줍니다.,maskpack,Sheetpack
차앤박(CNP) 그리너리 카밍 앰플 마스크 5매입 (진정수분),9800,36개월 / 개봉 후 즉시 사용,1) 세안 후 1 Step 앰플을 개봉하여 얼굴에 부드럽게 펴 발라줍니다. 2) 2 Step 마스크 시트를 꺼내어 펼친 뒤 얼굴 전체에 밀착 시킵니다. 3) 약 15~20분 후 마스크를 떼어 냅니다. 4) 피부에 남은 내용물을 가볍게 두드려 흡수 시켜 줍니다.,maskpack,Sheetpack
[콜라겐탱글/화해1위] 에스네이처 수퍼 아쿠아겔 오아시스 앰플 마스크 10매,16000,제조일로부터 2년 / 개봉 후 즉시 사용 권장,"본 제품을 개봉하여 마스크 필름을 제거한 후, 얇은  아쿠아겔 시트를 얼굴에 고르게 밀착시킵니다.",maskpack,Sheetpack
토리든 셀메이징 비타C 브라이트닝 마스크 5매 (+1매 증정기획) (OY단독),15000,별도표기 / 36개월 (개봉 후 즉시),1. 세안 후 토너를 사용하여 피부결을 정돈합니다. 2. 파우치를 개봉하여 마스크를 얼굴에 고르게 붙여 밀착합니다. 3. 15~20분 뒤 마스크를 떼어내고 남은 에센스를 가볍게 두드려 흡수시킵니다,maskpack,Sheetpack
더마픽스 퍼펙트 퍼포먼스 콜라겐  1+1기획  (3종 1택),8910,제조일로부터 36개월,"Step1) 세안 후, 콜라겐 토너로 피부결을 정돈한 다음 상/하로 분리된 마스크를 꺼내 필름을 제거합니다. Step2) 벌집모양의 면을 피부 쪽으로 한 후, 하단을 먼저 입중심으로 상단은 눈 중심으로 얼굴에 맞춰 잘 붙여줍니다. Step3) 피부상태에 따라 약 20분~30분 부터 유효성분이 흡수되면서 투명해집니다. ※개인 피부상태에 따라 40분 이상 소요될 수 있습니다. Step4) 마스크가 투명해지면 떼어낸 후 남은 내용물을 손으로 두드려 흡수 시켜줍니다.",maskpack,Sheetpack
[수분진정] 바이오던스 하이드로 세라놀 리얼 딥 마스크 7매,29900,제조일로부터 2년 6개월,스킨케어를 끝낸 피부에 세라놀 마스크를 얹어 3~4시간 가량 흡수시켜준 뒤 떼어냅니다. tip. 스킨케어 마지막 단계에 사용하여 수면팩으로 사용해 주시면 더욱 더 효과적입니다.,maskpack,Sheetpack
[영양탄력] 제이준 콜라겐 스킨 핏 탄력 강화 마스크팩 10매,39000,"사용기한 36개월, 개봉 후 즉시 사용","STEP 01 적당량을 덜어 얼굴 안쪽에서 바깥쪽으로 부드럽게 펴 발라 준 후, 손으로 두드려 완전히 흡수시켜줍니다. STEP 02 세안 후 피부 결을 정돈해준 뒤, 시트를 꺼내어 얼굴 전체에 고르게 밀착시켜줍니다. 10~20분 후에 떼어내고 피부에 남아있는 내용물을 가볍게 두드려 흡수시켜줍니다.",maskpack,Sheetpack
메디앤서 포어 콜라겐 나노샷 마스크 1매,6000,36개월,① 세안 후 토너로 피부결을 정돈한 다음 상/하로분리된 마스크팩을 꺼내 필름을 제거합니다. ② 상단은 눈을 중심으로 하단은 입을 중심으로 얼굴에 맞춰 잘 붙여줍니다. ③ 약 30분 후 마스크를 떼어낸 다음 남은 내용물은 손으로 두드려 흡수시켜 줍니다. ※마스크가 투명해지는 시간은 개인차가 있을 수 있습니다.,maskpack,Sheetpack
리얼베리어 마스크 3종 택1(장벽/수분/쿨링),1500,"개봉 전 제조일로부터 36개월간 이내, 개봉 후 즉시 사용",1. 세안 후 화장수로 피부결을 정돈 후 지지체를 바깥쪽 으로 하여 얼굴에 고르게 붙여 줍니다. 2. 지지체를 제거합니다. 3. 약 10~20분 동안 편안한 휴식을 취한 후 마스크를 떼어냅니다. 4. 얼굴에 남은 크림은 가볍게 두드려 흡수시켜줍니다.,maskpack,Sheetpack
[리쥬란 독자소재_저자극 안심성분]리쥬란 더마힐러 모이스처 트리트먼트 마스크팩 1매,4480,2년,"1. 세안 후 토너로 피부 결을 정돈해 줍니다. 2. 파우치를 열어 시트의 필름을 제거한 뒤, 얼굴 형태에 맞게 잘 부착해줍니다. 3. 약 10-20분 후 마스크를 제거하고, 얼굴에 남은 에센스를 가볍게 두드려 흡수시켜줍니다.",maskpack,Sheetpack
[영양/탄력] 닥터지 로얄블랙 스네일크림 마스크 16g 5매기획,16500,30개월 (개봉 후 12개월이내 사용 권장),1. 세안 후 토너로 피부결을 정돈한 후 마스크를 꺼내어 필름을 제거해 줍니다. 2. 피부에 잘 밀착되도록 얼굴 윗 부위는 눈을 중심으로 부드럽게 부착합니다. 3. 피부에 잘 밀착되도록 얼굴 아래 부위는 입을 중심으로 부드럽게 볼쪽으로 끌어올려 부착합니다. 4. 10~20분 후 시트를 떼어내고 피부 위에 남은 크림은 충분히 두드려 흡수시킵니다.,maskpack,Sheetpack
스킨푸드 도토리 마스크시트 7매 (+3매 증정기획),21000,제조일로부터 36개월,"1. 세안 후, 화장수로 피부 결을 정돈해줍니다. 2. 마스크를 얼굴 전체에 고르게 밀착시킵니다. 3. 10~20분 후 시트를 떼어내고, 남은 에센스는 가볍게 두드려 흡수시킵니다.",maskpack,Sheetpack
[탄력광채] VT 피디알엔 하이드로겔 마스크 4매,24000,제조일로부터 36개월 / 개봉 후 즉시 사용,"1. 세안 후 피부결을 정돈해줍니다. 2. 마스크를 꺼내어 눈 주위를 중심으로 얼굴 모양에 맞게 시트를 얼굴에 밀착시킵니다. 3. 약 20~40분간 부착한 후, 떼어내줍니다. 4. 마스크를 떼어내고 남은 에센스를 피부에 흡수시켜 줍니다. TIP. 피디알엔 하이드로겔 마스크의 특별한 효과를 경험하시려면 2~3시간 정도 붙여주세요.",maskpack,Sheetpack
[한정기획] 피지오겔 사이언수티컬즈 디멜라나이저 토닝 앰플 세럼 마스크 3+1매,12000,개봉전 36개월,"세안 후 피부결을 정돈해 준 후, 눈, 코 부분에 맞추어 얼굴 전체에 고르게 밀착시켜줍니다. 10~20분 후 떼어내고 피부 위에 남은 내용물을 흡수시켜줍니다.",maskpack,Sheetpack
더샘 내추럴 마스크팩 1매 (알로에/레몬/녹차/허니/석류 5종 택 1),1200,제조일로부터 30개월 / 개봉후 즉시,"1. 세안후 토너로 피부결을 정돈해줍니다. 2. 파우치를 개봉한 다음 시트를 꺼내어 눈,코 부분부터 맞추어 얼굴 전체에 고르게 밀착시켜 줍니다. 3. 10분~20분정도 후 마스크를 떼어내고 남은 에센스를 가볍게 두드려 흡수시켜 줍니다.",maskpack,Sheetpack
[리뷰이벤트] 톡스앤필 리프팅마스크 포 페이스 앤 넥 1매/5매,5200,제조일로부터 730일,"세안 후, 깨끗한 피부에 시트 마스크를 턱과 목 위치에 맞추어 고르게 밀착 시킵니다. 고리를 귀에 걸어 리프팅을 강화하고 20~30분 동안 휴식 후 시트를 제거 합니다.",maskpack,Sheetpack
[NEW] 구달 어성초 히알루론 수딩 겔 마스크 1매,3000,- 개봉전 : 36개월  - 개봉후: 즉시사용,1. 파우치를 개봉하여 얼굴 하단 마스크의 필름을 제거해 줍니다. 2. 입을 중심으로 얼굴 모양에 맞게 붙여주고 턱 아랫부분은 절취선을 따라 뜯어낸 후 턱 밑부터 턱 라인에 맞춰 끌어올리듯 붙여줍니다. 3. 얼굴 상단 마스크의 필름을 제거한 후 눈을 중심으로 맞추어 붙여줍니다. 4. 약 20~40분 후 떼어내어 피부에 남은 에센스를 가볍게 흡수시켜 줍니다.,maskpack,Sheetpack
[모공/밀착] VT 리들샷 700 2스텝 마스크 1매,4500,개봉 전 36개월,1. 세안 후 맨 얼굴에 STEP1 리들샷 700을 적당량 덜어 마사지하듯 러빙하여 펴 발라줍니다. 2. STEP1 리들샷 700 흡수 후 STEP2 리들샷 소프트 딥 마스크를 개봉하여 시트 한 장을 꺼내고 얼굴 형태에 맞추어 준 뒤 피부에 고르게 밀착될 수 있도록 부착시켜줍니다. 3. 약 10~20분 동안 휴식을 취한 뒤 마스크 시트를 제거하고 피부 위에 남은 에센스는 가볍게 두드려 흡수시켜줍니다.,maskpack,Sheetpack
[NEW]바이오힐보 판테셀 리페어 시카좀 앰플 마스크 1매,4000,제조일로부터 36개월,"1, 세안 후 토너/패드로 피부결을 정돈해 줍니다. 2. 파우치를 개봉한 후 얼굴에 맞춰 밀착하여 붙여줍니다. 3. 약 10~20분간 시트를 붙이고 휴식을 취한 뒤 마스크를 떼어냅니다. 4. 남아있는 에센스는 가볍게 두드려 흡수시켜 줍니다.",maskpack,Sheetpack
[올영단독] 바이오던스 하이드로 세라놀 리얼 딥 마스크 1매,4800,제조일로부터 2년 6개월,스킨케어를 끝낸 피부에 세라놀 마스크를 얹어 3~4시간 가량 흡수시켜준 뒤 떼어냅니다. tip. 스킨케어 마지막 단계에 사용하여 수면팩으로 사용해 주시면 더욱 더 효과적입니다.,maskpack,Sheetpack
VT 리들샷 100 2스텝 마스크팩 10매,15000,제조일로부터 36개월,1. 세안 후 맨 얼굴에 STEP1 리들샷 100을 적당량 덜어 마사지하듯 러빙하여 펴 발라줍니다. 2. STEP1 리들샷 100 흡수 후 STEP2 리들샷 밸런스 마스크를 개봉하여 시트 한 장을 꺼내고 얼굴 형태에 맞추어 준 뒤 피부에 고르게 밀착될 수 있도록 부착시켜줍니다. 3. 약 10~20분 동안 휴식을 취한 뒤 마스크 시트를 제거하고 피부 위에 남은 에센스는 가볍게 두드려 흡수시켜줍니다.,maskpack,Sheetpack
[1일1팩]다자연 어성초 마스크 1매,1500,제조일로부터 24개월 / 개봉시 즉시 사용,1. 세안 후 물기를 제거하고 화장 수로 피부 결 정돈 2. 상품 개봉 후 눈과 입에 잘 맞추어 얼굴 전면에 고르게 밀착 3. 약 10분 ~ 20분 동안 휴식을 취한 후 마스크 시트 제거 4. 피부에 남은 잔여 에센스는 가볍게 두드려 피부 흡수,maskpack,Sheetpack
[모공/밀착] VT 리들샷 300 2스텝 마스크 1매,2700,개봉 전 36개월,1. 세안 후 맨 얼굴에 STEP1 리들샷 300을 적당량 덜어 마사지하듯 러빙하여 펴 발라줍니다. 2. STEP1 리들샷 300 흡수 후 STEP2 리들샷 딥 마스크를 개봉하여 시트 한 장을 꺼내고 얼굴 형태에 맞추어 준 뒤 피부에 고르게 밀착될 수 있도록 부착시켜줍니다. 3. 약 10~20분 동안 휴식을 취한 뒤 마스크 시트를 제거하고 피부 위에 남은 에센스는 가볍게 두드려 흡수시켜줍니다.,maskpack,Sheetpack
[리뉴얼] 구달 청귤 비타C 잡티케어 세럼 마스크 알파 1매,3000,- 개봉전 : 36개월  - 개봉후: 즉시사용,"1. 세안 후 토너를 이용하여 피부를 정돈해 줍니다. 2. 마스크를 꺼내어 얼굴에 맞게 골고루 밀착합니다. 3. 약 10~20분 후 마스크를 제거하고, 피부에 남은 에센스를 가볍게 두드려 흡수시켜 줍니다.",maskpack,Sheetpack
메디앤서 비타 콜라겐 나노샷 마스크 1매,3300,36개월,① 세안 후 토너로 피부결을 정돈한 다음 상/하로분리된 마스크팩을 꺼내 필름을 제거합니다. ② 상단은 눈을 중심으로 하단은 입을 중심으로 얼굴에 맞춰 잘 붙여줍니다. ③ 약 30분 후 마스크를 떼어낸 다음 남은 내용물은 손으로 두드려 흡수시켜 줍니다. ※마스크가 투명해지는 시간은 개인차가 있을 수 있습니다.,maskpack,Sheetpack
[수분광밀착팩/1매] 웰라쥬 리얼 히알루로닉 블루 앰플 마스크 1매,3000,제조 후 사용기한 36개월,"1. 세안 후, 토너로 피부 결을 정돈해줍니다. 2. 본 제품을 개봉하여 마스크 시트를 얼굴 형태에 맞추어 준 뒤 피부에 고르게 밀착될 수 있도록 부착시켜 줍니다. 3. 약 10~20분 동안 휴식을 취한 뒤 마스크 시트를 제거하고 피부 위에 남은 에센스는 가볍게 두드려 흡수시켜 줍니다.",maskpack,Sheetpack
[수분/진정] 아이오페 바이오 컨디셔닝 에센스 하이드로 인핸싱 마스크 5매 기획,11250,개봉 전 36개월 / 개봉 후 즉시,"1. 그물망이 없는 시트면을 이마, 눈, 코 위치에 맞춘 후 얼굴에 붙여줍니다. 2. 한쪽 손으로 마스크를 고정한 후 다른 손으로 겉면의 그물망을 뗴어냅니다. 3. 10-20분 후, 마스크를 떼어 내고 남은 에센스 성분을 두드려 흡수시켜줍니다.",maskpack,Sheetpack
"[스피큘/1매] 메디힐 스피큘 모공 탄력 시스템 1000, 3000",5000,제조 후 36M,1. 세안 후 STEP 1 스피큘 더마 앰플을 덜어 마사지하듯 롤링하며 펴 발라줍니다. ※ 개인의 피부 상태에 따라 따끔함의 차이가 있을 수 있습니다. 2. 앰플을 흡수한 후 상/하로 분리된 STEP 2 스피큘 더마 겔 마스크를 꺼내 양쪽 필름을 제거하고 얼굴 모양에 맞춰 붙여 줍니다. 3. 약 30분간 유효성분이 흡수되면서 투명해지는 겔 마스크를 떼어낸 후 피부에 남아있는 에센스를 가볍게 두드려 흡수시켜 줍니다. ※ 피부 상태에 따라 겔 마스크가 투명해지는데 40분 이상 소요될 수 있습니다.,maskpack,Sheetpack
메디힐 NMF 누드겔 마스크 10매 수분 부스팅 하이드로겔,20000,제조일로부터 36개월 (개봉 후 즉시),1. 세안 후 화장수로 피부를 정돈한 후 상·하로 분리된 마스크의 양쪽 필름을 각각 떼어냅니다. 2. 엠보 면이 피부에 닿도록 시트를 얼굴 모양에 맞춰 붙여 줍니다. 3. 약 10~20분 후 시트를 떼어내고 피부에 남아있는 에센스는 가볍게 두드려 흡수시켜 줍니다.,maskpack,Sheetpack
[피부과 시술 동일성분] 아로셀 보툴케어 마스크 EX 1매,7500,제조일로부터 3년,파우치 개봉 후 본품을 피부에 붙이고 20~40분 후 제거한 뒤 남은 잔여물을 골고루 펴발라 줍니다. *특별한 효과를 위해 3~5시간 사용을 권장드립니다.,maskpack,Sheetpack
김정문알로에 큐어 피토그린 앰플 마스크 1매,1500,개봉 후 즉시사용,"1) 세안 후 피부결을 정돈한 후 마스크를 꺼내어 접힌 부분을 완전히 펼쳐줍니다. 2) 눈,코,입 부분을 먼저 맞춘 다음 피부에 밀착되도록 고르게 잘 붙여 줍니다. 3) 약 10~20분 후 마스크를 떼어낸 후, 피부에 남은 에센스를 가볍게 두드려 흡수시켜 줍니다.",maskpack,Sheetpack
파파레서피 블레미쉬 딥 브라이트닝 크림 마스크 10매,18000,제조일로부터 36개월,"1. 세안 후, 토너로 피부 결을 정돈한 후, 시트를 꺼내어 접힌 부분을 펼쳐 줍니다. 2. 눈, 코 부분부터 맞추어 얼굴 전체에 고르게 밀착시킵니다. 3. 약 10~20분 후 떼어 내고 피부에 남은 내용물을 손으로 가볍게 두드려 흡수시켜 줍니다.",maskpack,Sheetpack
아이소이 에센셜 마스크팩 1매 3종 택 1 (잡티 / 진정 / 수분),2400,제조일자로부터 3년 개봉 후 6개월 사용권장,"마스크시트팩을 꺼낸 후, 눈과 입 주위를 제외한 얼굴 전체에 골고루 밀착시켜줍니다. 10~20분 정도 후 마스크팩을 떼어내고 남은 에센스는 가볍게 두드려 피부에 흡수시켜줍니다.",maskpack,Sheetpack
[1매/3종] 아비브 콜라겐 겔 마스크 1매 (어성초/수분초/부활초),3000,"제조일로부터 36개월, 개봉 후 즉시 사용","밀착력을 높이기 위해 엠보면이 피부에 닿도록 부착해주세요. 1. 세안 후 토너로 피부 결을 정돈한 뒤 마스크의 양쪽 필름을 제거합니다. 2. 마스크 하단부터 입을 중심으로, 상단은 눈을 중심으로 부착하여 얼굴에 밀착시켜줍니다. 3. 20-30분 후 마스크를 떼어내고 남아있는 내용물을 가볍게 두드려 흡수시켜줍니다. *지지체 없이 에센스를 굳혀 만든 겔 마스크로 손톱 등 날카로운 것에 닿거나 잡아당기면 찢어질 수 있습니다. *겔 마스크에 사용되는 천연 유래 원료 특성상 간혹 미세한 점이 보일 수 있습니다.",maskpack,Sheetpack
바이오던스 리프레싱 씨 켈프 리얼 딥 마스크 1매,4800,제조일로부터 36개월,스킨케어를 끝낸 피부에 마스크를 얹어 3~4시간 가량 흡수시켜준 뒤 떼어냅니다. tip. 스킨케어 마지막 단계에 사용하여 수면팩으로 사용해 주시면 더욱 더 효과적입니다.,maskpack,Sheetpack
[탄력리프팅] 메디힐 레티놀 콜라겐 윤곽 마스크 4매 2종 택 1[앰플/크림],16000,제조일로부터 36개월,① 상단 마스크를 꺼내어 얼굴에 맞춰 잘 밀착되도록 붙여줍니다. ② 하단 마스크를 꺼내어 절개선을 턱 중앙에 맞춰주고 턱 선을 따라 한쪽씩 당겨서 볼 옆으로 밀착시켜줍니다. ③ 약 10~20분 후 시트를 떼어내고 피부에 남아있는 에센스를 가볍게 두드려 흡수시켜 줍니다.,maskpack,Sheetpack
[4매입/미백토닝] 메디큐브 코직 애씨드 터메릭 미백 겔 마스크팩 4매,16900,"개봉 전 24개월, 개봉 후 즉시 사용","1. 세안 후 토너를 사용하여 피부결을 정돈해 줍니다. 2. 파우치를 개봉하여 얼굴 상,하단 마스크의 필름 제거 후 상단은 눈을 중심으로, 하단은 입을 중심으로 얼굴에 맞추어 부착해 줍니다. 3. 팩 부착 후 시트가 투명해지면 떼어내어 줍니다. 4. 피부에 남은 에센스를 손으로 두드려 흡수시켜 줍니다. * 마스크가 투명해지는 시간은 개인차가 있을 수 있습니다.",maskpack,Sheetpack
[880원 초특가] 바이오힐 보 히알셀 하이드라 마스크 1매,880,제조일로부터 36개월,1. 세안 후 피부결을 정돈해줍니다. 2. 마스크를 얼굴에 맞춰 밀착하여 붙여줍니다. 3. 10-15분 뒤 마스크를 떼어내고 남아있는 에센스를 가볍게 두드려 흡수시켜 줍니다.,maskpack,Sheetpack
FIF 티트리 아크페어 앰플마스크 10P,40000,제조일로부터 3년 / 개봉 후 즉시 사용,1. 세안 후 화장수로 피부결을 정돈합니다. 2. 파우치 개봉 후 마스크를 꺼내어 얼굴에 맞게 시트를 부착합니다. 3. 10~20분 후 마스크를 떼어내고 남은 내용물을 두드려 흡수시켜 줍니다.,maskpack,Sheetpack
[광채피부팩] 온그리디언츠 스킨 베리어 카밍 마스크팩 5매(+1매 증정기획),20000,개봉 후 즉시 사용,눈과 입을 중심으로 마스크 위치를 맞추어 얼굴 전체에 고르게 밀착시킨 후 10~20분 정도 후에 마스크를 떼어냅니다.,maskpack,Sheetpack
[광채피부팩] 온그리디언츠 스킨 베리어 카밍 마스크팩 1매 (온),4000,개봉 후 즉시 사용,눈과 입을 중심으로 마스크 위치를 맞추어 얼굴 전체에 고르게 밀착시킨 후 10~20분 정도 후에 마스크를 떼어냅니다.,maskpack,Sheetpack
아이디플라코스메틱 페이스핏 마이너스 밴드 V3 4매,19900,제조일자로 부터 36개월,"1. 세안 후 화장수로 피부 결을 정돈해줍니다. 2. 파우치를 개봉하여 턱 부분 절개선이 ⌒ 모양이 되도록 향한뒤 투명 필름을 제거합니다. 3. 필름이 제거된 면이 피부쪽을 향하도록 한 뒤, 절개선을 턱 끝에 맞추어 줍니다. 4. 마스크 끝을 천천히 잡아당겨 늘린 후, 양쪽 귀에 걸어줍니다. 5. 약 20-30분 후 마스크를 제거 해준 다음, 가볍게 두드려 흡수시켜 줍니다.",maskpack,Sheetpack
브리스킨 부활초 엑소펩타이드 콜라겐 마스크 1매,10000,30개월,1. 세안 후 토너를 사용하여 피부 결을 정돈합니다. 2. 붙어있는 필름을 제거한 후 하단 마스크부터 얼굴 모양에 맞게 붙여줍니다. 3. 피부 상태에 따라 약 20분~40분 후부터 유효성분이 흡수되면서 시트가 투명하게 변합니다. Tip. 수면팩으로 사용하거나 약 3~4시간 정도 사용하여 특별한 효과를 경험해 보세요. 4. 시트를 떼어낸 다음 피부에 남아 있는 에센스를 가볍게 두드려 흡수시켜 줍니다.,maskpack,Sheetpack
[8월 올영픽/4세대발효콜라겐] 달바 비타 하이드로겔 마스크 1매입,4800,"개봉전 24개월, 개봉후 즉시","1. 세안 후 토너 또는 미스트로 피부 결을 정돈해 준줍니다. 2. 파우치를 개봉하여 접혀져 있는 마스크팩을 펼쳐준 뒤, 마스크팩의 필름을 제거합니다. ① 아이패치를 떼어내 한 장씩 양쪽 눈 밑에 붙여줍니다. ② 넥 패치를 떼어내 목 라인에 맞추어 붙여줍니다. ③ 입 부분 패치를 떼어내 미간에 부착해 줍니다. ④ 양쪽 눈 부분 패치를 떼어내 팔자 부위에 부착해 줍니다. ⑤ 마스크의 하단을 입 중심으로 얼굴에 맞추어 붙여줍니다. ⑤ 마스크의 상단을 눈 중심으로 얼굴에 맞추어 붙여줍니다. 3. 피부 상태에 따라 약 40-50분부터 유효성분이 흡수되며 투명해지기 시작합니다. 4. 마스크 전체가 투명해지면 떼어낸 후 남은 에센스를 손으로 두드려 흡수시켜줍니다. TIP. 집중 케어가 필요한 날에는 스킨케어 마지막 단계에서 수면팩으로 사용해 주세요.",maskpack,Sheetpack
AHC 마이크로 비타민 착붙 마스크 시트 33ml 10매,30000,개봉 전 3년 이내 / 개봉 후 즉시 사용 권장,"1. 세안 후 토너로 피부결을 정돈해 줍니다. 2. 파우치를 개봉하고, 마스크를 얼굴 형태에 맞춰 밀착시킵니다. 3. 10~20분 후 마스크를 떼어내고 피부에 남은 앰플을 가볍게 두드려 흡수시켜 줍니다.",maskpack,Sheetpack
마녀공장 비피다 바이옴 앰플 마스크 피부장벽 10매,30000,"제조일로부터 2년, 개봉 후 즉시 사용",1. 세안 후 스킨이나 토너로 피부 결을 정돈한 후 마스크 팩 파우치를 개봉하여 줍니다. 2. 마스크 시트를 펼쳐 눈과 입을 기준으로 얼굴 모양에 맞추어 시트를 붙여줍니다. 3. 10분~20분 후 마스크를 제거하고 남아있는 내용물을 가볍게 두드려 흡수시켜 줍니다.,maskpack,Sheetpack
메디힐 닥나무 4D 화이트 마스크 생기영양 10매,30000,제조일로부터 36개월 (개봉 후 즉시),1. 세안 후 화장수로 피부를 정돈한 후 마스크 시트를 꺼내 시트의 눈이 바깥쪽으로 향하도록 펼쳐준 다음 양쪽 눈을 기준으로 이마→코→윗볼 순으로 붙여 줍니다. 2. ⓐ리프팅 라인을 잡고 ⓑ 부분을 위쪽으로 잡아당기면서 볼을 감싸 팽팽하게 고정시켜 줍니다. 3. 다시 한번 광대(볼) 부분을 한 손으로 누르면서 ⓑ를 잡고 턱을 감싸 밀착시켜 줍니다. 4. 약 10분~20분간 휴식을 취한 후 시트를 떼어내고 남은 액은 가볍게 두드려 흡수시킵니다.,maskpack,Sheetpack
토리든 셀메이징 비타C 브라이트닝 마스크 10매,15000,별도표기 / 36개월 (개봉 후 즉시),1. 세안 후 토너를 사용하여 피부결을 정돈합니다. 2. 파우치를 개봉하여 마스크를 얼굴에 고르게 붙여 밀착합니다. 3. 15~20분 뒤 마스크를 떼어내고 남은 에센스를 가볍게 두드려 흡수시킵니다,maskpack,Sheetpack
[고밀착/쿨링진정] 라운드랩 1025 독도 수분 워터겔 마스크 1매,2000,"제조일로부터 36개월, 개봉 후 즉시",세안 후 토너로 정돈 된 피부에 마스크를 꺼내어 필름을 제거한 후 피부에 밀착시켜 줍니다. 10~20분간 휴식 후 마스크를 떼어내고 피부에 남은 에센스는 가볍게 두드려 흡수시켜줍니다.,maskpack,Sheetpack
[모공탄력] 바이오힐 보 프로바이오덤 콜라겐 리모델링 세럼 겔 마스크 1매,3900,제조일로부터 36개월,"1. 세안 후, 마스크를 꺼내어 상하로 분리되어 있는 마스크 양면의 필름을 떼어냅니다. 2. 엠보싱 부분이 피부에 밀착되도록 얼굴에 고르게 올려줍니다. 3. 약 45분 후 시트를 떼어냅니다. 피부상태에 따라 방치 시간을 조절해 줍니다.",maskpack,Sheetpack
마이뷰티다이어리 흑진주마스크 8매입,8600,제조일로부터 3년/개봉후 즉시 사용,1. 세안 후 물기를 제거하고 바로 사용합니다. 2.민감성 피부의 경우 사용 전 손목 안쪽 등에 테스트합니다. 3. 마스크를 보호필름에서 분리하여 얼굴모양에 맞게 붙인 후 시트를 밀착시켜 줍니다. 4. 약 15~20분 후 시트를 떼어 냅니다. 5. 얼굴에 남아있는 세럼은 가볍게 톡톡 두드려 흡수시켜 줍니다.,maskpack,Sheetpack
[반쪽모공] 한율 보들은행잎 모공핏 마스크 4매 (+1매 증정기획),12800,"""개봉전 36개월 개봉후12개월""",1.세안 후 피부결을 정돈해줍니다. 2. 이지필 형태의 파우치 상단 모서리 부분 앞뒤면을 양쪽으로 잡아 간편하게 개봉해줍니다. *개봉 후 시트의 한쪽면 손잡이를 잡아 마스크끼리 붙지 않게 잘 펼쳐줍니다. 3. 코를 중심으로 눈아래 이어지는 양볼까지 얼굴 중안부 부위에 시트를 밀착시켜 줍니다. 4. 겔시트로 밀착 후 모공이 차갑게 쿨링되면서 조여집니다. 시트가 얇아지면서 건조해지면 필오프로 제거해주세요. 5. 세럼 또는 크림으로 얼굴 전체 스킨케어를 마무리해줍니다.,maskpack,Sheetpack
코스알엑스 겔 마스크팩 3매입 3종 중 택 1 (스네일/펩타이드/알파-알부틴),15000,유통 기한 36개월,"1. 세안 후 피부 결을 정돈해 줍니다. 2. 파우치를 개봉하여 필름을 떼어낸 후 얼굴에 맞게 부착해 줍니다. 3. 마스크가 투명해지면 떼어낸 후, 피부에 남은 에센스를 가볍게 두드려 흡수시켜 줍니다. *TIP* 더욱 효과적인 사용을 위해 스킨케어 마지막 단계에 부착하여 수면팩으로 활용하셔도 좋습니다.",maskpack,Sheetpack
SNP 골드 콜라겐 데일리 마스크 30매,12500,제조일로부터 3년(개봉후1년),"1. 세안 후, 토너로 피부결을 정돈해 줍니다 2. 본 제품을 개봉하여 내장된 핀셋을 이용하여 마스크 시트 1매를 뽑아 얼굴 형태에 맞춘 뒤 피부에 고르게 밀착 시켜 줍니다. 3. 약 10~20분 동안 휴식을 취한 뒤 마스크 시트를 제거하고 피부에 남은 에센스는 가볍게 두드려 흡수시켜 줍니다.",maskpack,Sheetpack
[긴급진정] 라운드랩 소나무 진정 시카 마스크 1매,1500,"제조일로부터 30개월, 개봉 후 즉시","세안 후, 토너로 피부 결을 정돈해줍니다. 시트를 꺼내어 눈,코 부분부터 맞추어 얼굴 전체에 고르게 밀착시킵니다. 10~20분 후 시트를 떼어내고 피부 위에 남은 내용물은 가볍게 손으로 두드려 흡수시킵니다.",maskpack,Sheetpack
[대나무 비건시트/흔적진정] 프리메이 올리브 시카 카밍 앰플 마스크 1매,900,제조일로부터 36개월,"1. 세안 후 토너로 피부결을 정돈해 줍니다. 2. 시트 부분을 눈, 코, 입 위치에 맞추어 얼굴 전체에 고르게 밀착시킵니다. 3. 약 10~20분 후 시트를 떼어 내고, 남은 액은 가볍게 두드려 흡수시킵니다.",maskpack,Sheetpack
[비건인증] 아리얼 세븐데이즈 마스크 알로에 H 10매+5매 기획,12750,개봉 후 즉시,"세안 후 토너로 피부 결을 정돈해 줍니다. 시트를 꺼내어 눈, 코 부분부터 맞추어 얼굴에 고르게 밀착 시킵니다. 10~20분 후 마스크를 떼어내고 피부 위에 남은 내용물을 가볍게 손으로 두드려 흡수 시킵니다",maskpack,Sheetpack
닥터디퍼런트 더마 릴렉싱 마스크 5매,12000,"개봉전 24개월, 개봉 후 즉시 사용","세안 후 토너를 이용하여 피부를 가볍거 정돈한 후, 마스크를 꺼내어 얼굴에 맞게 붙여줍니다. 10분~15분 후 시트를 떼어낸 후 남아 있는 내용물을 가볍게 두드려 흡수시켜 줍니다.",maskpack,Sheetpack
바이비드 인앤아웃 페이셜 마스크 1매,4900,30개월 (개봉 후 즉시 사용 ),1. 파우치를 개봉하여 시트를 꺼내 양면에 부착된 보호 필름을 제거 합니다. 2. 얼굴에 물기가 없는 상태에서 시트를 얼굴에 밀착시켜 부착합니다. 3. 에센스가 피부에 완전히 흡수되어 촉촉함이 없어질 때까지 붙여줍니다. 4. 완전히 건조된 시트를 물에 적셔 피지를 확인합니다.,maskpack,Sheetpack
"[초밀착젤리랩핑시트] 한율 랩핑 마스크 4매 (+1매 증정기획)(어린쑥,달빛유자,빨간쌀)",11200,개봉 전 36개월 / 개봉 후 즉시 사용,1. 세안 후 피부결을 정돈한 다음 시트마스크를 얼굴 전체에 고르게 밀착시켜줍니다. 2. 약 10~20분간 편안한 휴식을 취한 후 시트마스크를 떼어냅니다. 3. 피부에 남아있는 에센스를 가볍게 롤링하여 흡수시켜줍니다,maskpack,Sheetpack
[쿨링 마스크/1매] 닥터지 레드블레미쉬 쿨 마스크 1매 3종 (수딩/흔적/탄력),2000,"쿨수딩: 제조일로부터 36개월, 쿨흔적/ 쿨탄력: 제조일로부터 30개월",1. 세안 후 토너로 피부 결을 정돈해 줍니다. 마스크를 꺼내어 지지체를 제거한 후 얼굴에 고르게 부착시킵니다. 2. 약 10~20분 후 마스크를 떼어내고 피부에 남아 있는 에센스를 가볍게 두르려 흡수시켜 줍니다. 사용팁 : 1)실온! 냉장! 10분 냉동! 보관 사용 가능합니다. 마스크 시트가 꽝꽝 얼었다면 꼭 5분 동안 실온에서 녹힌 후 사용하세요! 2) 사용 전 내용물이 시트에 잘 스며들도록  파우치를 골고루 문질러 사용하세요. *시원한 사용감은 개인에 따라 화한 느낌으로 느껴질 수 있으며 피부 자극 테스트 완료된 제품으로 안심하고 사용하실 수 있습니다.,maskpack,Sheetpack
[단독기획] 아이디플라코스메틱 페이스핏 플라스터 마스크 기획 (4+1매),14900,제조일자로 부터 36개월,"1. 세안 후 토너로 피부결을 정리하여 줍니다. 2. 마스트 시트를 개봉하여 비닐 부분을 제거한 뒤 눈과 코를 맞추어 얼굴에 부착하고 반대편 불투명한 비닐면을 제거합니다. 3. 동일한 방법으로 입 부분에 맞추어 아랫 부분을 부착하고 약20~25분 정도 시트가 완전히 건조될 때까지 기다립니다. 4. 시트가 건조되면 상, 하 시트를 같이 얼굴 측면 부분부터 부드럽게 떼어낸 후 가벼운 물 세안으로 피부에 남은 잔여물을 닦아냅니다. 5. 필요 시 앰플, 크림 등으로 골고루 펴 발라 흡수시켜 줍니다.",maskpack,Sheetpack
[스페셜 에디션] 메디힐 마데카소사이드 에센셜 마스크 흔적 리페어 EYE-OFF 10매,10000,제조 후  36M,1. 세안 후 화장수로 피부를 정돈해 줍니다. 마스크 시트를 꺼내 얼굴 모양에 맞춰 붙여 줍니다. 2. 눈을 감고 눈꺼풀 위의 시트를 내려 덮어준 후 휴식에 집중해 보세요. 3. 약 10~20분 후 시트를 떼어내고 피부에 남아있는 에센스는 가볍게 두드려 흡수시켜 줍니다. ※사용 중에 에센스가 눈가에 흐를 수 있으니 반드시 눈을 감고 사용해 주세요.,maskpack,Sheetpack
쌍빠 어반 익스프레스 마스크 기획(1+1),3000,"■ 제조일로부터 2년이내의 상품을 순차적으로 발송, 유통기한 개봉 후 즉시 사용","1.세안 후 스킨으로 피부결을 정돈해 줍니다. 2. 본 제품을 개봉하여 눈과 입에 위치를 잘 맞춘 다음, 피부에 잘 밀착되도록 부착시킵니다. 3.약 10~20분 동안 휴식을 취한 후 마스크를 떼어냅니다. 4.피부 위에 남아있는 에센스는 가볍게 두드려 흠수시켜 줍니다.",maskpack,Sheetpack
[강력진정] 마몽드 카밍 샷 아줄렌 앰플 마스크팩 1매,1750,개봉 전 24개월 / 개봉 후 즉시,1. 세안 후 토너로 피부결을 정돈해 줍니다. 2. 마스크 시트를 꺼내 얼굴 모양에 맞춰 고르게 밀착시킵니다. 3. 10~20분 후 마스크를 떼어내고 피부에 남아있는 에센스를 가볍게 두드려 흡수시켜 줍니다.,maskpack,Sheetpack
[1매] 더마토리 밀착 밴드 마스크 3종 택1 (시카(AD)/레티날/히알덤),2000,개봉 전 30개월 / 개봉 후 즉시 사용,"1. 세안 후 토너를 이용하여 피부를 깨끗이 정돈해 줍니다. 2. 파우치를 개봉하여 시트를 꺼낸 뒤 이마, 코, 윗볼 순으로 붙여 줍니다. 3. 시트의 절개 라인을 잡고 위쪽으로 잡아 당기며 볼을 감싸 들뜸 없이 밀착시켜 줍니다. 4. 약 10-20분 후 마스크를 제거하고, 피부에 남은 에센스를 가볍게 두드려 흡수시켜 줍니다.",maskpack,Sheetpack
[모공/밀착] VT 리들샷 100 2스텝 마스크 1매,3000,개봉 전 36개월,1. 세안 후 맨 얼굴에 STEP1 리들샷 100을 적당량 덜어 마사지하듯 러빙하여 펴 발라줍니다. 2. STEP1 리들샷 100 흡수 후 STEP2 리들샷 밸런스 마스크를 개봉하여 시트 한 장을 꺼내고 얼굴 형태에 맞추어 준 뒤 피부에 고르게 밀착될 수 있도록 부착시켜줍니다. 3. 약 10~20분 동안 휴식을 취한 뒤 마스크 시트를 제거하고 피부 위에 남은 에센스는 가볍게 두드려 흡수시켜줍니다.,maskpack,Sheetpack
[수분광밀착팩/5매] 웰라쥬 리얼 히알루로닉 블루 앰플 마스크 5매,9000,제조 후 사용기한 36개월,"1. 세안 후, 토너로 피부 결을 정돈해줍니다. 2. 본 제품을 개봉하여 마스크 시트를 얼굴 형태에 맞추어 준 뒤 피부에 고르게 밀착될 수 있도록 부착시켜 줍니다. 3. 약 10~20분 동안 휴식을 취한 뒤 마스크 시트를 제거하고 피부 위에 남은 에센스는 가볍게 두드려 흡수시켜 줍니다.",maskpack,Sheetpack
[진정장벽] 유세린 울트라센시티브 리페어 진정 마스크팩 1매,4000,"1,095일","세안 후 깨끗한 피부에 울트라 센시티브 마스크팩을 얹어 15분 가량 기다린 후, 떼어내고 충분히 흡수시켜줍니다.",maskpack,Sheetpack
[비건인증] 아리얼 세븐데이즈 마스크 로터스 N 1매,900,개봉 후 즉시,"세안 후 토너로 피부 결을 정돈해 줍니다. 시트를 꺼내어 눈, 코 부분부터 맞추어 얼굴에 고르게 밀착 시킵니다. 10~20분 후 마스크를 떼어내고 피부 위에 남은 내용물을 가볍게 손으로 두드려 흡수 시킵니다",maskpack,Sheetpack
[진정쿨링/민감피부추천] 셀퓨전씨 포스트 알파 시카 쿨링 마스크 5매입,7500,"제조일로부터 1년6개월 이내의 상품을 순차적으로 발송, 유통기한 개봉후 즉시",1. 세안 후 토너로 피부결을 정돈해줍니다. 2. 파우치를 개봉하여 얼굴에 맞춰 잘 부착 시켜줍니다. 3. 약 20~30분 후 마스크를 제거하고 피부에 남은 내용물을 가볍게 두드려 흡수 시켜줍니다. ※ 10℃ 이하의 온도에서 냉장 보관하여 사용하시면 더욱 효과적입니다.,maskpack,Sheetpack
(NEW)닥터자르트 더마스크 수딩 하이드라 솔루션 프로 1매,4120,36개월(상품 발송 시 기준으로 사용기간 12개월 이상 제품을 발송),파우치를 개봉하고 시트 마스크를 펼칩니다. 깨끗한 피부에 마스크를 올리고 피부에 밀착될 때까지 마스크를 가볍게 눌러줍니다. 15-20분 동안 착용하십시오. 마스크를 제거한 후 피부 위에 남은 에센스를 마사지하여 흡수 시킵니다.,maskpack,Sheetpack
[워터젤리/수분장벽] 닥터자르트 더마스크 바이탈 하이드라 솔루션 프로 1매,4120,36개월(상품 발송 시 기준으로 사용기간 12개월 이상 제품을 발송),파우치를 개봉하고 시트 마스크를 펼칩니다. 깨끗한 피부에 마스크를 올리고 피부에 밀착될 때까지 마스크를 가볍게 눌러줍니다. 15-20분 동안 착용하십시오. 마스크를 제거한 후 피부 위에 남은 에센스를 마사지하여 흡수 시킵니다.,maskpack,Sheetpack
[수분광채/쫀쫀탄력] 로벡틴 닥터마스크 아쿠아 1매,1600,개봉 즉시,"1. 세안 후 화장수로 피부를 깨끗이 정돈합니다. 2. 본 제품을 개봉해 마스크를 눈과 입주위를 제외한 얼굴 전체에 고르게 위치시킨 후, 본인의 얼굴에 맞게 팩을 살짝 늘려 밀착시킵니다. 3. 10~20분 정도 후에 마스크를 떼어냅니다. 4. 피부 위에 남은 내용물을 가볍게 두드려 흡수 시켜 줍니다",maskpack,Sheetpack
[피부특화 DNA성분] 리쥬란 힐러 스킨 프로텍션 마스크 1매,5600,제조일로부터 24개월,본 품을 피부에 붙이고 10~20분 후 지지체를 제거한 다음 남은 제품을 골고루 펴 바른다.,maskpack,Sheetpack
"[초밀착젤리랩핑시트] 한율 어린쑥 수분진정 랩핑 마스크 1매(어린쑥,달빛유자,빨간쌀)",2800,개봉 전 36개월 / 개봉 후 즉시 사용,1. 세안 후 피부결을 정돈한 다음 시트마스크를 얼굴 전체에 고르게 밀착시켜줍니다. 2. 약 10~20분간 편안한 휴식을 취한 후 시트마스크를 떼어냅니다. 3. 피부에 남아있는 에센스를 가볍게 롤링하여 흡수시켜줍니다,maskpack,Sheetpack
[최서은PICK/콜라겐177%생성] 아로셀 슈퍼 콜라겐 마스크 2종 택1,8000,제조일로부터 3년,파우치 개봉 후 본품을 피부에 붙이고 20~40분 후 제거한 뒤 남은 잔여물을 골고루 펴발라 줍니다. *특별한 효과를 위해 3~5시간 사용을 권장드립니다.,maskpack,Sheetpack
[수분미백] 마몽드 플로라 글로우 로즈 앰플 마스크팩 1매,1750,개봉 전 36개월 / 개봉 후 즉시,1. 세안 후 토너로 피부결을 정돈해 줍니다. 2. 마스크 시트를 꺼내 얼굴 모양에 맞춰 고르게 밀착시킵니다. 3. 10~20분 후 마스크를 떼어내고 피부에 남아있는 에센스를 가볍게 두드려 흡수시켜 줍니다.,maskpack,Sheetpack
[듬아pick]콤마나인 클레이 깐달걀 모공 마스크팩 1매,6000,제조일자로 부터 36개월,"1. 세안 후 토너로 피부결을 정돈합니다. 2. 마스크 시트를 개봉하여 얼굴 윗 부분의 투명한 비닐 부분을 제거한 뒤 눈과 코를 맞추어 얼굴에 부착합니다. [*투명한 필름이 붙어있는 면이 얼굴에 닿도록 부착합니다] 3. 반대편 백색 불투명한 비닐면을 제거하고 얼굴 윤곽에 맞추어 밀착시켜 줍니다. 4. 동일한 방법으로 입 분분에 맞추어 아랫 부분을 부착하고, 시트가 완전하게 건조 될 때까지 기다립니다. 5. 시트가 완전히 건조되어 타이트한 느낌이 들면 상,하 시트를 같이 얼굴 옆 방향으로 부드럽게 떼어냅니다. (건조시간은 환경과 피부타입에 따라 다를 수 있으나 약 40~50분 정도의 시간이 최고의 효과를 나타낼 수 있습니다.) 6. 시트를 떼어낸 후 가벼운 물 세안으로 피부에 남은 잔여물을 닦아내고 피부를 정돈합니다. 사용TIP 사용전 눈썹부위 및 눈가, 입가 주변에 크림을 바른 후 사용하시면 좋습니다.",maskpack,Sheetpack
토리든 셀메이징 저분자 콜라겐 탄력 겔마스크 (얼굴&목) 1매,6000,개봉 전 36개월 / 개봉 후 즉시 사용,"1. 세안 후 마스크를 꺼내 상,하,목부분으로 분리된 마스크의 양쪽 필름을 떼어냅니다. 2. 올록볼록한 엠보면이 피부에 닿도록 얼굴&목에 고르게 붙여 밀착시켜 줍니다. 3. 약 20~30분 뒤 마스크를 떼어내고 남은 에센스를 가볍게 두드려 흡수 시킵니다. TIP.눈, 입에서 떼어낸 조각을 피부가 얇은 입가, 눈가 등에 붙여 집중케어 해보세요.",maskpack,Sheetpack
[나나PICK] 센텔리안24 마데카랩 PDRN 스킨 타이트닝 글로우 겔 마스크팩 1매,3500,제품 별도표기일까지 / 제조일로부터 30개월 / 개봉 후 6개월,"1. 세안 후 피부 결을 정돈한 뒤, 상ㆍ하로 분리된 겔 마스크 시트의 필름을 각각 떼어줍니다. 2. 시트 상단은 눈을 중심으로 얼굴 모양에 맞춰 붙여 주고, 하단은 입을 중심으로 얼굴 모양에 맞춰 붙여줍니다. 3. 약 20-30분 후, 시트를 떼어내고 피부에 남아있는 에센스를 가볍게 두드려 흡수시켜 줍니다.",maskpack,Sheetpack
[대나무 비건시트/피부광채] 프리메이 옐로우 비타민 앰플 마스크 1매,1200,제조일로부터 36개월,"1. 세안 후 토너로 피부결을 정돈해 줍니다. 2. 시트 부분을 눈, 코, 입 위치에 맞추어 얼굴 전체에 고르게 밀착시킵니다. 3. 약 10~20분 후 시트를 떼어 내고, 남은 액은 가볍게 두드려 흡수시킵니다.",maskpack,Sheetpack
듀이셀 리프팅 마스크 1P,5900,제조일로부터 3년 / 개봉후즉시,마스크의 효과적인 흡수를 위해 세안 후 건조된 피부에 아무것도 바르지 않은 상태에서 마스크를 붙여줍니다. 기초케어 후 붙이면 부착력이 떨어질 수 있습니다.,maskpack,Sheetpack
파티온 포도당 하이드로 마스크 1매,1200,"36개월, 개봉 후 12개월 (2025년 1월 28일 이후 제조된 상품만을 취급)",1. 세안 후 토너로 피부 결을 정돈해 줍니다. 2. 파우치 개봉 후 마스크 시트를 꺼내 얼굴에 맞게 부착합니다. 3. 10~20분 후 시트를 떼어내고 남은 에센스는 가볍게 두드려 흡수시켜 줍니다.,maskpack,Sheetpack
차앤박(CNP) 그리너리 카밍 앰플 마스크 1매입 (진정수분),2000,36개월/개봉후 즉시 사용,1) 세안 후 1 Step 앰플을 개봉하여 얼굴에 부드럽게 펴 발라줍니다. 2) 2 Step 마스크 시트를 꺼내어 펼친 뒤 얼굴 전체에 밀착 시킵니다. 3) 약 15~20분 후 마스크를 떼어 냅니다. 4) 피부에 남은 내용물을 가볍게 두드려 흡수 시켜 줍니다.,maskpack,Sheetpack
[탄력&붓기] 넘버즈인 9번 NMN BIO 리프팅 풀페이스팩 1매,3500,제조일로부터 36개월 / 개봉 후 즉시 사용,상단 시트를 꺼내 얼굴의 눈부터 맞추어 얼굴에 고르게 펴서 밀착시켜 줍니다. 하단 시트를 꺼내 턱에 중심을 맞춘 후 천천히 당겨 양쪽 귀에 걸어주고 목에 밀착시켜줍니다. 남은 에센스는 가볍게 두드려 흡수시켜줍니다.,maskpack,Sheetpack
차앤박(CNP) 프로폴리스 에너지 액티브 앰플 마스크 1매,2000,36개월/ 개봉후 즉시사용,1. 1Step 앰플을 얼굴에 부드럽게 펴 발라 줍니다. 2. 2Step 마스크를 꺼내어 얼굴에 밀착시켜 줍니다. 3. 약 15분 후 마스크를 떼어 내고 남은 내용물을 가볍게 흡수시켜 줍니다.,maskpack,Sheetpack
마녀공장 비피다 바이옴 앰플 마스크 1매,1500,"제조일로부터 2년, 개봉 후 즉시사용",1. 세안 후 스킨이나 토너로 피부 결을 정돈한 후 마스크 팩 파우치를 개봉하여 줍니다. 2. 마스크 시트를 펼쳐 눈과 입을 기준으로 얼굴 모양에 맞추어 시트를 붙여줍니다. 3. 10분~20분 후 마스크를 제거하고 남아있는 내용물을 가볍게 두드려 흡수시켜 줍니다.,maskpack,Sheetpack
[NEW] 식물나라 마스크팩 1매 (어린녹차/뽀얀쌀),1600,"■제조일로부터 30개월, 개봉 후 12개월",세안 후 토너로 피부 결을 정돈해줍니다. 마스크 시트를 꺼내 얼굴에 맞게 밀착시켜 줍니다. 약 10~20분 후 마스크를 떼어냅니다. 남아있는 에센스를 가볍게 두드려 흡수시켜 줍니다.,maskpack,Sheetpack
[모공탄력] 아이오페 레티놀 세럼 인 겔 마스크 1매,4870,개봉 전 24개월,"1. 세안 후 피부 결을 정돈하고, 스킨케어를 마친 뒤 마스크의 필름을 제거하고 부착합니다. *효과적인 밀착과 랩핑을 위해 백색 필름지가 부착된 거즈면이 피부에 닿도록 양면을 구별해 사용하기를 권장합니다. 2. 약 20~40분 후 마스크를 떼어낸 다음 남은 내용물은 손으로 두드려 흡수시켜줍니다. *팩을 사용한 당일 또는 다음날 아침에는 기초 마지막 단계에 꼭 자외선 차단제를 발라 피부를 보호해 주세요. *레티놀 성분이 함유된 제품 사용이 처음일 경우, 첫 2주는 주1~2회, 40분 미만 사용을 권장합니다.",maskpack,Sheetpack
[10분 완성팩] 아로셀 보툴케어 그래핀 마스크 2종 택1,5000,제조일로부터 3년,파우치 개봉 후 본품을 피부에 붙이고 약 10~20분 후 제거한 뒤 남은 잔여물을 골고루 발라줍니다.,maskpack,Sheetpack
[NEW] 바이오힐 보 비타시너지 트리플 토닝 샷 마스크 1매,4000,■제조일로부터 36개월,"1. 세안 후 스킨/토너로 피부결을 정돈해 줍니다. 2. 파우치를 개봉한 후, 마스크를 꺼내 얼굴에 밀착해 줍니다. 3. 약 15~20분간 시트를 붙이고 휴식을 취한 뒤 마스크를 떼어냅니다. 4. 남아있는 에센스는 가볍게 두드려 흡수시켜 줍니다.",maskpack,Sheetpack
[대나무 비건시트/탄력개선] 프리메이 핑크 콜라겐 앰플 마스크 1매,900,제조일로부터 36개월,"1. 세안 후 토너로 피부결을 정돈해 줍니다. 2. 시트 부분을 눈, 코, 입 위치에 맞추어 얼굴 전체에 고르게 밀착시킵니다. 3. 약 10~20분 후 시트를 떼어 내고, 남은 액은 가볍게 두드려 흡수시킵니다.",maskpack,Sheetpack
프리메이 비건 앰플 마스크 1매 5종 택 1,900,제조일로부터 36개월,"1. 세안 후 토너로 피부결을 정돈해 줍니다. 2. 시트 부분을 눈, 코, 입 위치에 맞추어 얼굴 전체에 고르게 밀착시킵니다. 3. 약 10~20분 후 시트를 떼어 내고, 남은 액은 가볍게 두드려 흡수시킵니다.",maskpack,Sheetpack
[NEW/탱글밀착] 라운드랩 동백 딥 콜라겐 탄력 겔 마스크 1매,6000,"제조일로부터 36개월, 개봉 후 즉시",세안 후 토너로 피부 결을 정돈한 후 상/하 분리된 마스크의 양쪽 필름을 제거해 줍니다. 얼굴 모양에 맞춰 고르게 부착한 후 20~30분 뒤 떼어내어 남은 내용물은 가볍게 두드려 흡수시켜 줍니다.,maskpack,Sheetpack
[붙이는고순도비타민C] CKD 비타씨테카 기미잡티샷 마스크 3종 택1,3500,제조일로부터 3년,"①세안 후, 토너로 피부결을 정돈한 다음 상/하로 분리된 마스크를 꺼내 필름을 제거합니다. ② 상단은 눈을 중심으로, 하단은 입을 중심으로 얼굴에 맞춰 잘 붙여줍니다. ③피부상태에 따라 약 30분 부터 유효성분이 흡수되면서 투명해집니다. ※개인 피부상태에 따라 40분 이상 소요될 수있습니다. ④마스크가 투명해지면 떼어낸 후 남은 내용물을 손으로 두드려 흡수 시켜줍니다",maskpack,Sheetpack
에르쯔틴 리제너레이티브 실트 마스크 1매,3500,제조일로부터 36개월,세안 후 토너로 피부 결을 정돈한 후 마스크를 꺼내어 필름을 제거해 줍니다. 피부에 잘 밀착되도록 상단 마스크는 눈을 중심으로 부드럽게 부착합니다. 하단 마스크는 입을 중심으로 부드럽게 볼 쪽으로 끌어올리면서 부착합니다. 10~20분 후 시트를 떼어내고 피부에 남아 있는 크림은 가볍게 두드려 흡수 시킵니다.,maskpack,Sheetpack
[비건인증] 아리얼 세븐데이즈 마스크 카렌듈라 P 1매,900,개봉 후 즉시,"세안 후 토너로 피부 결을 정돈해 줍니다. 시트를 꺼내어 눈, 코 부분부터 맞추어 얼굴에 고르게 밀착 시킵니다. 10~20분 후 마스크를 떼어내고 피부 위에 남은 내용물을 가볍게 손으로 두드려 흡수 시킵니다",maskpack,Sheetpack
[비건인증] 아리얼 세븐데이즈 마스크 알로에 H 1매,1500,개봉 후 즉시,"세안 후 토너로 피부 결을 정돈해 줍니다. 시트를 꺼내어 눈, 코 부분부터 맞추어 얼굴에 고르게 밀착 시킵니다. 10~20분 후 마스크를 떼어내고 피부 위에 남은 내용물을 가볍게 손으로 두드려 흡수 시킵니다",maskpack,Sheetpack
[비건인증] 아리얼 세븐데이즈 마스크 녹차 S 1매,900,개봉 후 즉시,"세안 후 토너로 피부 결을 정돈해 줍니다. 시트를 꺼내어 눈, 코 부분부터 맞추어 얼굴에 고르게 밀착 시킵니다. 10~20분 후 마스크를 떼어내고 피부 위에 남은 내용물을 가볍게 손으로 두드려 흡수 시킵니다",maskpack,Sheetpack
[비건인증] 아리얼 세븐데이즈 마스크 대나무 B 1매,1500,개봉 후 즉시,"세안 후 토너로 피부 결을 정돈해 줍니다. 시트를 꺼내어 눈, 코 부분부터 맞추어 얼굴에 고르게 밀착 시킵니다. 10~20분 후 마스크를 떼어내고 피부 위에 남은 내용물을 가볍게 손으로 두드려 흡수 시킵니다",maskpack,Sheetpack
[모공청소팩] 안티톡스 스파클린 마스크 포어필 1매,3500,"제조일로부터36개월, 개봉 후 즉시 사용","	마른 얼굴에 시트의 부드러운 면이 피부에 닿도록 마스크를 부착한다. 	5-7분간 거품으로 충분히 피부를 불려낸 후, 마스크를 떼어낸다. 	시트를 이용하여 거품과 함께 부드럽게 문지르며 노폐물을 제거한다. 	미온수로 꼼꼼히 씻어낸다.",maskpack,Sheetpack
[초밀착젤리랩핑시트] 한율 달빛유자 브라이트닝 랩핑 마스크 1매,2800,개봉 전 36개월 / 개봉 후 즉시 사용,1. 세안 후 피부결을 정돈한 다음 시트마스크를 얼굴 전체에 고르게 밀착시켜줍니다. 2. 약 10~20분간 편안한 휴식을 취한 후 시트마스크를 떼어냅니다. 3. 피부에 남아있는 에센스를 가볍게 롤링하여 흡수시켜줍니다,maskpack,Sheetpack
[속광탄력/리프팅] 닥터지 블랙 스네일 레티놀 링클 마스크 1매,2500,36개월(개봉 후 12개월),"1. 세안 후 토너로 피부 결을 정돈해 줍니다. 2. 마스크를 꺼내어 눈과 입을 중심으로 위치를 맞춘 후, 본인의 얼굴에 맞게 잘 밀착시켜줍니다. 3. 약 10-20분 후 마스크를 떼어내고 피부에 남아있는 에센스를 가볍게 두드려 흡수시켜 줍니다.",maskpack,Sheetpack
더마토리 아쿠아 히알덤 밴드 마스크 1매(수분장벽),2000,개봉전 30개월 / 개봉 후 즉시 사용,"1. 세안 후 토너를 이용하여 피부를 깨끗이 정돈해 줍니다. 2. 파우치를 개봉하여 시트를 꺼낸 뒤 이마, 코, 윗볼 순으로 붙여 줍니다. 3. 시트의 절개 라인을 잡고 위쪽으로 잡아 당기며 볼을 감싸 들뜸 없이 밀착시켜 줍니다. 4. 약 10-20분 후 마스크를 제거하고, 피부에 남은 에센스를 가볍게 두드려 흡수시켜 줍니다.",maskpack,Sheetpack
코스알엑스 풀핏 프로폴리스 너리싱 마그넷 시트마스크 1매,4000,상품 발송일 기준으로 사용기한이 12개월 이상 남아있는 제품부터 순차적으로 판매 (유통 기한 24개월 /즉시 사용 권장),"세안 후, 시트를 꺼내어 필름을 제거한 뒤, 얼굴에 알맞게 부착하여 줍니다. 10-20분 뒤 시트를 떼어내고 가볍게 두드려 흡수시켜 줍니다",maskpack,Sheetpack
수이스킨 편안한 진정초 시트 마스크 1매,3000,"제조일로부터 1년6개월 이내의 상품을 순차적으로 발송, 유통기한 개봉후 즉시",1. 세안 후 얼굴에 고르게 붙여줍니다. 2. 약 10-20분 후 마스크를 떼어내고 남은 에센스를 가볍게 두드려 흡수시켜줍니다.,maskpack,Sheetpack
파티온 리얼핏 콜라겐 퍼밍 마스크 1매,1200,"제조일로부터 36개월, 개봉 후 12개월 (2022년 9월 4일 이후 제조된 상품만을 취급)",1. 세안 후 화장수로 피부 결을 정돈해 줍니다. 2. 파우치 개봉 후 마스크 시트를 꺼내 얼굴에 맞게 부착합니다. 3. 10~20분 후 시트를 떼어내고 남은 에센스는 가볍게 두드려 흡수시켜 줍니다.,maskpack,Sheetpack
[8중 히알루론/깊은보습] 프리메이 블루 모이스춰 앰플 마스크 1매,900,제조일로부터 36개월,"1. 세안 후 토너로 피부결을 정돈해 줍니다. 2. 시트 부분을 눈, 코, 입 위치에 맞추어 얼굴 전체에 고르게 밀착시킵니다. 3. 약 10~20분 후 시트를 떼어 내고, 남은 액은 가볍게 두드려 흡수시킵니다.",maskpack,Sheetpack
[비건인증] 아리얼 세븐데이즈 마스크 티트리 M 1매,900,개봉 후 즉시,"세안 후 토너로 피부 결을 정돈해 줍니다. 시트를 꺼내어 눈, 코 부분부터 맞추어 얼굴에 고르게 밀착 시킵니다. 10~20분 후 마스크를 떼어내고 피부 위에 남은 내용물을 가볍게 손으로 두드려 흡수 시킵니다.",maskpack,Sheetpack
[비건인증] 아리얼 세븐데이즈 마스크 레몬 C 1매,1500,개봉 후 즉시,"세안 후 토너로 피부 결을 정돈해 줍니다. 시트를 꺼내어 눈, 코 부분부터 맞추어 얼굴에 고르게 밀착 시킵니다. 10~20분 후 마스크를 떼어내고 피부 위에 남은 내용물을 가볍게 손으로 두드려 흡수 시킵니다",maskpack,Sheetpack
메디힐 W.H.P 미백수분 블랙 마스크 EX 10매,15000,제조일로부터 3년,"1. 세안 후 스킨으로 피부결을 정돈한 후 마스크를 꺼내어 편 뒤 얼굴 모양에 맞게 시트를 얼굴에 부착시킵니다. 2. 약 15~20분 동안 편안한 휴식을 취한 후 마스크를 떼어냅니다. 3. 마스크를 떼어낸 후 얼굴에 남아있는 에센스는 가볍게 두드려 흡수시켜 줍니다. ☞ 4주간의 피부 턴오버 주기를 고려하여 일주일에 2~3회, 4주간 연속적으로 사용하시는 것이 가장 효과적입니다. (한달 집 중관리 프로그램",maskpack,Sheetpack
메디힐 캡슐100 바이오 세컨덤 10매 2종 택1 [수분하이드로/진정클리어],25000,제조일로부터 720일,"1. 겔마스크 사이에 메쉬가 앞뒤로 붙어있으며 가운데 겔 시트를 사용합니다. 2. 약 20~30분 정도 마스크가 적당히 마를 때까지 기다린 후 마스크를 떼어내고, 얼굴에 남아있는 내용물은 가볍게 두드려 흡수시켜 줍니다. 3. 마스크 사용 후 원액캡슐을 꺼내 토출부를 개방한 후 원하는 양만큼 얼굴에 직접 도포하여 부드럽게 펴발라 흡수시켜 줍니다.",maskpack,Sheetpack
브리스킨 리얼 핏 세컨드스킨 마스크 탄력리프팅 10P,50000,"제조일로부터 2년, 개봉 후 즉시 사용","1.세안 후 토너를 사용하여 피부결을 정돈해줍니다. 2.마스크 양면에 붙어있는 그물망 중 한쪽 그물망을 제거한 다음 얼굴 모양에 맞도록 부착 후, 반대면의 그물망을 제거합니다. 3. 15-20분 후 마스크를 제거한 후 피부에 남은 에센스는 가볍게 두드려 흡수시켜 줍니다.",maskpack,Sheetpack
브리스킨 리얼 핏 세컨드스킨 마스크 10P 4종,50000,"제조일로부터 2년, 개봉후 즉시 사용","1.세안 후 토너를 사용하여 피부결을 정돈해줍니다. 2.마스크 양면에 붙어있는 그물망 중 한쪽 그물망을 제거한 다음 얼굴 모양에 맞도록 부착 후, 반대면의 그물망을 제거합니다. 3. 15-20분 후 마스크를 제거한 후 피부에 남은 에센스는 가볍게 두드려 흡수시켜 줍니다.",maskpack,Sheetpack
브리스킨 리얼 핏 세컨드스킨 마스크 SOS 트러블케어 10P,30000,제조일로부터 2년,"1.세안 후 토너를 사용하여 피부결을 정돈해줍니다. 2.마스크 양면에 붙어있는 그물망 중 한쪽 그물망을 제거한 다음 얼굴 모양에 맞도록 부착 후, 반대면의 그물망을 제거합니다. 3. 15-20분 후 마스크를 제거한 후 피부에 남은 에센스는 가볍게 두드려 흡수시켜 줍니다.",maskpack,Sheetpack
[가이안PICK] 브리스킨 리얼 핏 세컨드스킨 마스크 3종,5000,"제조일로부터 2년, 개봉후 즉시사용","1.세안 후 토너를 사용하여 피부결을 정돈해줍니다. 2.마스크 양면에 붙어있는 그물망 중 한쪽 그물망을 제거한 다음 얼굴 모양에 맞도록 부착 후, 반대면의 그물망을 제거합니다. 3. 15-20분 후 마스크를 제거한 후 피부에 남은 에센스는 가볍게 두드려 흡수시켜 줍니다.",maskpack,Sheetpack
브리스킨 리얼 핏 세컨드스킨 마스크 SOS 트러블케어,3000,"제조일로부터 2년, 개봉후 즉시사용","1.세안 후 토너를 사용하여 피부결을 정돈해줍니다. 2.마스크 양면에 붙어있는 그물망 중 한쪽 그물망을 제거한 다음 얼굴 모양에 맞도록 부착 후, 반대면의 그물망을 제거합니다. 3. 15-20분 후 마스크를 제거한 후 피부에 남은 에센스는 가볍게 두드려 흡수시켜 줍니다.",maskpack,Sheetpack
브리스킨 리얼 핏 세컨드스킨 마스크 톤업광채,3000,"제조일로부터 2년, 개봉후 즉시 사용","1.세안 후 토너를 사용하여 피부결을 정돈해줍니다. 2.마스크 양면에 붙어있는 그물망 중 한쪽 그물망을 제거한 다음 얼굴 모양에 맞도록 부착 후, 반대면의 그물망을 제거합니다. 3. 15-20분 후 마스크를 제거한 후 피부에 남은 에센스는 가볍게 두드려 흡수시켜 줍니다.",maskpack,Sheetpack
제이엠솔루션 꿀광 로얄 프로폴리스 마스크 10매,10000,제조일로부터 1095일 / 개봉 후 즉시,얼굴 전체에 시트를 밀착시킨 후 10-20분 후에 떼어내고 남은 내용물을 가볍게 두들겨 흡수시킨다.,maskpack,Sheetpack
[화잘먹팩]듀이트리 픽앤퀵 뽑아쓰는 화장발 마스크 30매입,12900,제조일로부터 36개월 / 개봉 후 6개월 내 사용 권장,`1. 세안 후 화장수로 피부결을 정돈합니다. 2. 마스크를 꺼내어 눈을 중심으로 얼굴에 밀착합니다. 3. 10~20분 정도 휴식 후 마스크를 떼어냅니다. 4. 얼굴에 남은 내용물은 두드려 흡수시킵니다. `,maskpack,Sheetpack
[보습영양]듀이트리 픽앤퀵 뽑아쓰는 모이스처풀 마스크 30매입,13800,제조일로부터 24개월 / 개봉 후 6개월 내 사용 권장,`1. 세안 후 화장수로 피부결을 정돈합니다. 2. 마스크를 꺼내어 눈을 중심으로 얼굴에 밀착합니다. 3. 10~20분 정도 휴식 후 마스크를 떼어냅니다. 4. 얼굴에 남은 내용물은 두드려 흡수시킵니다. `,maskpack,Sheetpack
[대용량] 아이소이 에센셜 마스크팩 10매 2종 택 1(잡티 / 진정),30000,제조일자로부터 3년 개봉 후 즉시 사용 권장,"마스크시트팩을 꺼낸 후, 눈과 입 주위를 제외한 얼굴 전체에 골고루 밀착시켜줍니다. 10~20분 정도 후 마스크팩을 떼어내고 남은 에센스는 가볍게 두드려 피부에 흡수시켜줍니다.",maskpack,Sheetpack
투쿨포스쿨 에그 크림 마스크 하이드레이션/포어타이트닝 중 택1,3000,개봉 전 36개월,1. 세안 후 화장수를 이용하여 피부결을 정돈하여 줍니다. 2. 파우치를 대봉하여 지지대와 마스크 시트를 분리한 후 마스크 시트를 얼굴 전체에 고르게 밀착 시켜 줍니다. 3. 15~20분의 휴식을 취한 후 마스크 시트를 떼어내고 피부에 남은 내용물을 두드려 흡수시켜 줍니다.,maskpack,Sheetpack
듀이셀 마스크팩 1매,4800,제조일로부터 3년 / 즉시 사용.,"1.세안 후 도트가 있는 면으로 가볍게 얼굴전체를 마사지 하고,반대쪽 면으로 닦아내듯 마무리 해준 후 그대로 흡수 시키거나 가볍게 세안해 줍니다. 2.상층마스크 와 하층마스크를 차례로 붙이고 10~20분 후 마스크를 제거한 다음 남은 제품을 골고루 펴 발라줍니다.",maskpack,Sheetpack
바세린 오리지널 영양 시트마스크 10매,12500,■ 유통기한 제조일로부터 30개월,"■ 세안 후 정돈된 피부 위에 마스크시트를 펼쳐 부착합니다. 눈, 코, 입에 맞게 잘 부착한 다음, 10분 동안 피부에 마법 같은 휴식시간을 가집니다. 시트 제거 후 남은 에센스를 토닥토닥 흡수시켜 줍니다.""",maskpack,Sheetpack
바세린 오리지널 수분 시트마스크 10매,25000,■ 유통기한 제조일로부터 30개월,"세안 후 정돈된 피부 위에 마스크시트를 펼쳐 부착합니다. 눈, 코, 입에 맞게 잘 부착한 다음, 10분 동안 피부에 마법 같은 휴식시간을 가집니다. 시트 제거 후 남은 에센스를 토닥토닥 흡수시켜 줍니다.""",maskpack,Sheetpack
제이엠솔루션 윤광 플라워 퍼밍 마스크 로즈 10매,10000,3년 / 개봉 후 즉시,1. 세안 후 토너 등으로 피부 결을 정돈해줍니다. (사용 전 에센스가 충분히 시트에 침전될 수 있도록 파우치에 원을 그리듯 가볍게 문질러 줍니다. 2. 얼굴 전체에 가볍게 시트를 올려준 뒤 충분한 휴식을 취해줍니다. 3. 약 10~20분 후 시트를 떼어 내고 남은 에센스를 가볍게 두드려 흡수 시켜 줍니다.,maskpack,Sheetpack
쌍빠 어반 익스프레스 하이드로겔 마스크 10P,16000,"제조일로부터 2년이내의 상품을 순차적으로 발송, 유통기한 개봉 후 즉시 사용","1. 세안 후 피부를 정돈하고 파우치를 개봉합니다. 2. 얇은 필름이 제거된 면으로 얼굴에 알맙게 밀착합니다.3. 20~30분 후 마스크를 제거하고, 피부에 남아있는 에센스는 가볍게 두드려 흡수시켜 줍니다.",maskpack,Sheetpack
닥터자르트 더마스크 마이크로젯 브라이트닝 솔루션,3500,36개월(상품 발송 시 기준으로 사용기간 12개월 이상 제품을 발송),"1. 세안 후 스킨으로 피부결을 가볍게 정돈한 후 시트를 꺼냅니다. 2. 얼굴 모양에 맞게 시트를 부착시켜 줍니다. 3. 약 15~20분 정도 후 마스크를 떼어 내고, 피부에 남아있는 내용물을 가볍게 두드려 흡수시켜 줍니다.",maskpack,Sheetpack
바세린 오리지널 보습 시트마스크 10매,12500,■ 유통기한 제조일로부터 30개월,"세안 후 정돈된 피부 위에 마스크시트를 펼쳐 부착합니다. 눈, 코, 입에 맞게 잘 부착한 다음, 10분 동안 피부에 마법 같은 휴식시간을 가집니다. 시트 제거 후 남은 에센스를 토닥토닥 흡수시켜 줍니다.""",maskpack,Sheetpack
[리뷰 이벤트] 듀이셀 리프팅 마스크 4P,19500,제조일로부터 3년 / 개봉후즉시,마스크의 효과적인 흡수를 위해 세안 후 건조된 피부에 아무것도 바르지 않은 상태에서 마스크를 붙여줍니다. 기초케어 후 붙이면 부착력이 떨어질 수 있습니다.,maskpack,Sheetpack
[영양/탄력] 닥터지 로얄 블랙스네일 크림마스크 1매,3300,30개월 (개봉 후 12개월이내 사용 권장),1. 세안 후 토너로 피부결을 정돈한 후 마스크를 꺼내어 필름을 제거해 줍니다. 2. 피부에 잘 밀착되도록 얼굴 윗 부위는 눈을 중심으로 부드럽게 부착합니다. 3. 피부에 잘 밀착되도록 얼굴 아래 부위는 입을 중심으로 부드럽게 볼쪽으로 끌어올려 부착합니다. 4. 10~20분 후 시트를 떼어내고 피부 위에 남은 크림은 충분히 두드려 흡수시킵니다.,maskpack,Sheetpack
[쿨링 마스크/5매] 닥터지 레드블레미쉬 쿨 마스크 5매 3종 (수딩/흔적/탄력),10000,"쿨수딩: 제조일로부터 36개월, 쿨흔적/ 쿨탄력: 제조일로부터 30개월",1. 세안 후 토너로 피부 결을 정돈해 줍니다. 마스크를 꺼내어 지지체를 제거한 후 얼굴에 고르게 부착시킵니다. 2. 약 10~20분 후 마스크를 떼어내고 피부에 남아 있는 에센스를 가볍게 두르려 흡수시켜 줍니다. 사용팁 : 1)실온! 냉장! 10분 냉동! 보관 사용 가능합니다. 마스크 시트가 꽝꽝 얼었다면 꼭 5분 동안 실온에서 녹힌 후 사용하세요! 2) 사용 전 내용물이 시트에 잘 스며들도록  파우치를 골고루 문질러 사용하세요. *시원한 사용감은 개인에 따라 화한 느낌으로 느껴질 수 있으며 피부 자극 테스트 완료된 제품으로 안심하고 사용하실 수 있습니다.,maskpack,Sheetpack
페이스인페이스 아쿠아 샤워룩 하이드로겔 마스크,2100,제조일로부터 24개월 까지 / 개봉후 즉시사용,"1. 세안 후 물기를 제거하고 화장수로 피부결을 정돈합니다. 2. 제품을 개봉하여 얼굴 상, 하의 양쪽 필름을 제거합니다. 3. 시트를 하단, 상단의 순서로 얼굴에 맞게 밀착시켜 줍니다. 4. 30분 후 마스크를 떼어내고 남은 내용물을 두드려 흡수시켜 줍니다.",maskpack,Sheetpack
듀이트리 픽앤퀵 투윅스 수딩 마스크 14매입(진정),7320,제조일로부터 36개월 / 개봉 후 6개월 내 사용 권장,"세안 후 캡을 열고 마스크를 꺼냅니다. 눈가와 입가를 제외한 얼굴 전체에 마스크팩을 부착합니다. 사용 후에 마스크를 제거하고, 가볍게 두드려 에센스를 흡수시켜줍니다. Tip 1분도 OK! 필요에 따라 부착시간을 알맞게 이용하세요(1~15분 사용가능)",maskpack,Sheetpack
[리뉴얼] 셀리맥스 더 리얼 노니 에너지 앰플 마스크 1매입,4000,제조일로부터 2년,1. 세안 후 토너로 피부결을 정돈해 줍니다. 2. 시트를 꺼내 얼굴 전체에 고르게 밀착시켜주고 10~20분 후에 시트를 떼어내고 피부에 남아 있는 내용물을 가볍게 두드려 흡수 시켜줍니다.,maskpack,Sheetpack
미구하라 2스텝 화이트닝 마스크 팩,3000,제조일자로부터 30개월/개봉 후 6개월,"1 STEP : 미백 기능성 원료인 나이아신아마이드 성분이 피부를 밝고 환하게 가꾸어 주는 데 도움을 주고, 건강한 광채 피부로 가꾸는 데 도움을 줍니다. 2 STEP : 부드러운 마스크 시트가 피부에 빈틈없이 밀착되어 앰플의 흡수를 높여 영양을 공급하고 매끄러운 피부로 가꾸는 데 도움을 줍니다. 또한 최적의 수분 밸런스를 유지해 건조한 피부에 수분을 공급해 촉촉하고 윤기 나는 피부를 유지해줍니다.",maskpack,Sheetpack
코스알엑스 하이드리움 트리플 히알루로닉 워터 웨이브 시트 마스크,1800,상품 발송일 기준으로 사용기한이 18개월 이상 남아있는 제품부터 순차적으로 판매 (유통 기한 36개월 / 개봉 후 즉시 사용 권장),"세안 후, 시트를 꺼내어 얼굴에 알맞게 부착하여 줍니다. 10-20분 뒤 시트를 떼어내고 가볍게 두드려 흡수시켜 줍니다.",maskpack,Sheetpack
코스알엑스 퓨어핏 시카 카밍 트루 시트 마스크,1800,상품 발송일 기준으로 사용기한이 18개월 이상 남아있는 제품부터 순차적으로 판매 (유통 기한 36개월 / 개봉 후 즉시 사용 권장),"세안 후, 시트를 꺼내어 얼굴에 알맞게 부착하여 줍니다. 10-20분 뒤 시트를 떼어내고 가볍게 두드려 흡수시켜 줍니다.",maskpack,Sheetpack
유니크미 제주 방림원 화산송이동굴 100일 발효 집중영양 마스크팩(적하수오),4020,제조일로부터 30개월 이내 (제품별 사용기한 별도표기) / 개봉 후 바로사용,"1. 세안 후 토너로 피부 결을 정돈해 줍니다. 2. 파우치를 개봉하여 시트를 꺼낸 후, 마스크를 얼굴 형태에 맞추어 부착합니다. 3. 상단에 위치한 날개 부분을 잡아서 이형지를 부드럽게 벗겨낸 후, 마스크를 골고루 밀착시켜줍니다. 4. 약 15-20분 동안 마스크 영양성분이 피부에 충분히 흡수될 수 있도록 합니다. 5. 마스크를 제거하고 잔여 에센스를 두드려 흡수시켜 줍니다.",maskpack,Sheetpack
유니크미 제주 방림원 화산송이동굴 100일 발효 모공관리 마스크팩(어성초),4020,제조일로부터 30개월 이내 (제품별 사용기한 별도표기) / 개봉 후 바로사용,"1. 세안 후 토너로 피부 결을 정돈해 줍니다. 2. 파우치를 개봉하여 시트를 꺼낸 후, 마스크를 얼굴 형태에 맞추어 부착합니다. 3. 상단에 위치한 날개 부분을 잡아서 이형지를 부드럽게 벗겨낸 후, 마스크를 골고루 밀착시켜줍니다. 4. 약 15-20분 동안 마스크 영양성분이 피부에 충분히 흡수될 수 있도록 합니다. 5. 마스크를 제거하고 잔여 에센스를 두드려 흡수시켜 줍니다.",maskpack,Sheetpack
유니크미 제주 방림원 화산송이동굴 100일 발효 탄력개선 마스크팩(하늘타리),4020,제조일로부터 30개월 이내 (제품별 사용기한 별도표기) / 개봉 후 바로사용,"1. 세안 후 토너로 피부 결을 정돈해 줍니다. 2. 파우치를 개봉하여 시트를 꺼낸 후, 마스크를 얼굴 형태에 맞추어 부착합니다. 3. 상단에 위치한 날개 부분을 잡아서 이형지를 부드럽게 벗겨낸 후, 마스크를 골고루 밀착시켜줍니다. 4. 약 15-20분 동안 마스크 영양성분이 피부에 충분히 흡수될 수 있도록 합니다. 5. 마스크를 제거하고 잔여 에센스를 두드려 흡수시켜 줍니다.",maskpack,Sheetpack
유니크미 제주 방림원 화산송이동굴 100일 발효 집중미백 마스크팩 (삼백초),4020,제조일로부터 30개월 이내 (제품별 사용기한 별도표기) / 개봉 후 바로사용,"1. 세안 후 토너로 피부 결을 정돈해 줍니다. 2. 파우치를 개봉하여 시트를 꺼낸 후, 마스크를 얼굴 형태에 맞추어 부착합니다. 3. 상단에 위치한 날개 부분을 잡아서 이형지를 부드럽게 벗겨낸 후, 마스크를 골고루 밀착시켜줍니다. 4. 약 15~20분 동안 마스크 영양성분이 피부에 충분히 흡수될 수 있도록 합니다. 5. 마스크를 제거하고 잔여 에센스를 두드려 흡수시켜 줍니다.",maskpack,Sheetpack
아임쏘리포마이스킨 pH5.5 모이스처 젤리마스크,1500,제조일로부터 3년,"1. 세안 후 스킨으로 피부결을 정돈해 줍니다. 2. 개봉 전 파우치를 가볍게 문지르신 후, 마스크를 꺼내어 눈과 입 주위를 제외한 얼굴 전체에 고르게 밀착시킵니다. 3. 10~20분 정도 후에 마스크를 떼어내고 피부 위에 남은 내용물을 가볍게 손으로 두드려 흡수시킵니다. 4. 파우치에 남은 젤리 에센스는 시트 위에 덧바르거나, 목과 바디 등 필요한 부위에 사용해 주세요.",maskpack,Sheetpack
아임쏘리포마이스킨 pH5.5 수딩 젤리마스크,1500,제조일로부터 3년,"1. 세안 후 스킨으로 피부결을 정돈해 줍니다. 2. 개봉 전 파우치를 가볍게 문지르신 후, 마스크를 꺼내어 눈과 입 주위를 제외한 얼굴 전체에 고르게 밀착시킵니다. 3. 10~20분 정도 후에 마스크를 떼어내고 피부 위에 남은 내용물을 가볍게 손으로 두드려 흡수시킵니다. 4. 파우치에 남은 젤리 에센스는 시트 위에 덧바르거나, 목과 바디 등 필요한 부위에 사용해 주세요.",maskpack,Sheetpack
아임쏘리포마이스킨 리바이탈라이징 젤리마스크,1500,제조일로부터 3년,"1. 세안 후 스킨으로 피부결을 정돈해 줍니다. 2. 개봉 전 파우치를 가볍게 문지르신 후, 마스크를 꺼내어 눈과 입 주위를 제외한 얼굴 전체에 고르게 밀착시킵니다. 3. 10~20분 정도 후에 마스크를 떼어내고 피부 위에 남은 내용물을 가볍게 손으로 두드려 흡수시킵니다. 4. 파우치에 남은 젤리 에센스는 시트 위에 덧바르거나, 목과 바디 등 필요한 부위에 사용해 주세요.",maskpack,Sheetpack
아임쏘리포마이스킨 리얼 쑥 진정마스크,2000,제조일로부터 3년 이내,"1. 세안 후 스킨으로 피부결을 정돈해 줍니다. 2. 개봉 전 파우치를 가볍게 문지르신 후, 마스크를 꺼내어 눈과 입 주위를 제외한 얼굴 전체에 고르게 밀착시킵니다. 3. 10~20분 정도 후에 마스크를 떼어내고 피부 위에 남은 내용물을 가볍게 손으로 두드려 흡수시킵니다. 4. 파우치에 남은 젤리 에센스는 시트 위에 덧바르거나, 목과 바디 등 필요한 부위에 사용해 주세요.",maskpack,Sheetpack
[리뉴얼] 셀리맥스 더 리얼 시카 카밍 앰플 마스크 1매입,3000,제조일로부터30개월,1) 세안 후 토너로 피부결을 정돈해줍니다. 2) 시트를 꺼내 얼굴 전체에 고르게 밀착시켜줍니다. 3) 10분~20분 후에 시트를 떼어내고 피부에 남아 있는 내용물을 가볍게 두드려 흡수시킵니다.,maskpack,Sheetpack
시루콧토 브라이트 솔루션 마스크팩,2000,개봉즉시,"시트를 꺼내 좌우,상하순서로 조심스럽게 펼친 후, 눈과 코를 중심으로 얼굴전체에 고르게 밀착 시킵니다. 10~20분뒤 마스크를 떼어내고 남은 에센스를 가볍게 두드려 흡수시켜줍니다.",maskpack,Sheetpack
[긴급진정]차앤박(CNP) 퀵수딩 S.O.S 마스크 트리플 기획 (본품1매x3+1매 증정),6500,36개월/개봉후즉시사용,"1) 세안 후 1Step 앰플을 개봉하여 얼굴에 골고루 펴발라 줍니다 2) 2Step 마스크시트를 꺼내어 펼친 뒤 얼굴 전체에 밀착시킨 후, 약 15~20분 후 마스크를 떼어 냅니다 [ TIP ] - 1Step와 2Step을 순서대로 사용하셔야 유효성분이 효과적으로 피부에 침투합니다 - 일주일에 1~2회 사용하시면 좋습니다 - 냉장실에 두었다가 사용하시면 더욱 효과적입니다",maskpack,Sheetpack
바이비드 인앤아웃 페이셜 마스크 5매 기획(+1매),24500,30개월 (개봉 후 즉시 사용 ),1.파우치를 개봉하여 시트를꺼내 양면에 부착된 보호 필름을제거 합니다 2.얼굴에 물기가 없는 상태에서 시트를 얼굴에 밀착시켜 부착합니다 에센스가 피부에 완전히 흡수되어 촉촉함이 없어질때 까지 붙여줍니다 3.완전히 건조된 시트를 물에 적혀 피지를 확인합니다 4. 완전히 건조된 시트를 물에 적셔 피지를 확인합니다.,maskpack,Sheetpack
얼트루 아임쏘리포마이스킨 릴렉싱 젤리마스크 10매,15000,제조일로부터 3년,"1. 세안 후 스킨으로 피부결을 정돈해 줍니다. 2. 개봉 전 파우치를 가볍게 문지르신 후, 마스크를 꺼내어 눈과 입 주위를 제외한 얼굴 전체에 고르게 밀착시킵니다. 3. 10~20분 정도 후에 마스크를 떼어내고 피부 위에 남은 내용물을 가볍게 손으로 두드려 흡수시킵니다. 4. 파우치에 남은 젤리 에센스는 시트 위에 덧바르거나, 목과 바디 등 필요한 부위에 사용해 주세요.",maskpack,Sheetpack
[고밀착/쿨링진정] 라운드랩 1025 독도 수분 워터겔 마스크 10매,20000,"제조일로부터 36개월, 개봉 후 즉시",세안 후 토너로 정돈 된 피부에 마스크를 꺼내어 필름을 제거한 후 피부에 밀착시켜 줍니다. 10~20분간 휴식 후 마스크를 떼어내고 피부에 남은 에센스는 가볍게 두드려 흡수시켜줍니다.,maskpack,Sheetpack
더마토리 프로 앰플 마스크 1매 4종 택1 (수분/탄력/미백/진정),1000,개봉 전 36개월 / 개봉 후 즉시 사용,"1. 세안 후 토너를 이용하여 피부를 깨끗이 정돈해 줍니다. 2. 파우치를 개봉하여 부드러운 시트 면이 얼굴에 닿도록 붙인 후 간지를 분리해 줍니다. (망사 재질로 된 면이 간지) 3. 시트가 얼굴에 들뜸 없이 밀착 될 수 있도록 골고루 부착합니다. 4. 약 10-20분 후 마스크를 제거하고, 피부에 남은 에센스를 충분히 두드려 흡수시켜 줍니다. TIP. 34g의 앰플 용량을 가득 담아 내용물 양이 풍부합니다. 마스크를 얼굴에 부착한 뒤 파우치 안에 남은 앰플을 시트 위에 한번 더 레이어링 해주거나, 팔이나 다리 등 건조한 부위에 발라주시면 더욱 좋습니다",maskpack,Sheetpack
[수분/진정] 닥터디퍼런트 카밍 앤 모이스처 마스크(1매/5매),2800,"개봉전 36개월, 개봉후 즉시 사용","세안 후 토너를 이용하여 피부를 가볍거 정돈한 후, 마스크를 꺼내어 얼굴에 맞게 붙여줍니다. 10분~15분 후 시트를 떼어낸 후 남아 있는 내용물을 가볍게 두드려 흡수시켜 줍니다.",maskpack,Sheetpack
[수분/진정] 닥터디퍼런트 카밍 앤 모이스처 마스크 5매,12000,"개봉전 36개월, 개봉후 즉시 사용","세안 후 토너를 이용하여 피부를 가볍거 정돈한 후, 마스크를 꺼내어 얼굴에 맞게 붙여줍니다. 10분~15분 후 시트를 떼어낸 후 남아 있는 내용물을 가볍게 두드려 흡수시켜 줍니다.",maskpack,Sheetpack
비플레인 시카풀 카밍 마스크 10매,21600,제조일로부터 3년 / 개봉 후 즉시 사용,1. 세안 후 마스크를 얼굴에 고르게 밀착시킵니다. 2. 약 10~20분 후 마스크를 떼어내고 남은 에센스를 가볍게 두드려 흡수시켜줍니다. Tip : 냉장고에 차갑게 보관 후 사용하면 진정에 더효과적입니다.,maskpack,Sheetpack
비플레인 시카풀 카밍 마스크 1매,3500,제조일로부터 3년 / 개봉 후 즉시 사용,1. 세안 후 마스크를 얼굴에 고르게 밀착시킵니다. 2. 약 10~20분 후 마스크를 떼어내고 남은 에센스를 가볍게 두드려 흡수시켜줍니다. Tip : 냉장고에 차갑게 보관 후 사용하면 진정에 더효과적입니다.,maskpack,Sheetpack
AHC 마이크로 로즈마리 착붙 마스크 시트 33ml 10매,15000,개봉 전 3년 이내 / 개봉 후 즉시 사용 권장,"1. 세안 후 토너로 피부결을 정돈해 줍니다. 2. 파우치를 개봉하고, 마스크를 얼굴 형태에 맞춰 밀착시킵니다. 3. 10~20분후 마스크를 떼어내고 피부에 남은 앰플을 가볍게 두드려 흡수시켜 줍니다.",maskpack,Sheetpack
AHC 마이크로 레드 콜라겐 착붙 마스크 시트 33ml 10매,15000,개봉 전 3년 이내 / 개봉 후 즉시 사용 권장,"1. 세안 후 토너로 피부결을 정돈해 줍니다. 2. 파우치를 개봉하고, 마스크를 얼굴 형태에 맞춰 밀착시킵니다. 3. 10~20분 후 마스크를 떼어내고 피부에 남은 앰플을 가볍게 두드려 흡수시켜 줍니다.",maskpack,Sheetpack
얼트루 아임쏘리포마이스킨 리바이탈라이징 젤리마스크 (본품4매+1매 추가 증정),6000,제조일로부터 3년,"1. 세안 후 스킨으로 피부결을 정돈해 줍니다. 2. 개봉 전 파우치를 가볍게 문지르신 후, 마스크를 꺼내어 눈과 입 주위를 제외한 얼굴 전체에 고르게 밀착시킵니다. 3. 10~20분 정도 후에 마스크를 떼어내고 피부 위에 남은 내용물을 가볍게 손으로 두드려 흡수시킵니다. 4. 파우치에 남은 젤리 에센스는 시트 위에 덧바르거나, 목과 바디 등 필요한 부위에 사용해 주세요.",maskpack,Sheetpack
얼트루 아임쏘리포마이스킨 리얼 쑥 진정마스크 기획 (본품4매+1매 추가 증정),8000,제조일로부터 3년,"1. 세안 후 스킨으로 피부결을 정돈해 줍니다. 2. 개봉 전 파우치를 가볍게 문지르신 후, 마스크를 꺼내어 눈과 입 주위를 제외한 얼굴 전체에 고르게 밀착시킵니다. 3. 10~20분 정도 후에 마스크를 떼어내고 피부 위에 남은 내용물을 가볍게 손으로 두드려 흡수시킵니다. 4. 파우치에 남은 젤리 에센스는 시트 위에 덧바르거나, 목과 바디 등 필요한 부위에 사용해 주세요.",maskpack,Sheetpack
더멀매트릭스 에피더멀 디톡시파잉 마스크,5000,제조일로부터 36개월,"1. 세안 후 파우치의 중간 부분을 양손으로 잡고 5~10회 쥐어자듯 비벼준 후, 에센스가 시트쪽으로 이동하게 해줍니다. 2. 시트 전체에 에센스가 잘 흡수되어 시트가 젤(GEL)화 되도록 1~2분간 그대로 둡니다.",maskpack,Sheetpack
FIF 병풀 센서티브 앰플마스크 10P,16000,제조일로부터 3년 / 개봉 후 즉시 사용,1. 세안 후 화장수로 피부결을 정돈합니다. 2. 파우치 개봉 후 마스크를 꺼내어 얼굴에 맞게 시트를 부착합니다. 3. 10~20분 후 마스크를 떼어내고 남은 내용물을 두드려 흡수시켜 줍니다.,maskpack,Sheetpack
FIF 저분자 히알루론 앰플마스크 10P,16000,제조일로부터 3년 / 개봉 후 즉시 사용,1. 세안 후 화장수로 피부결을 정돈합니다. 2. 파우치 개봉 후 마스크를 꺼내어 얼굴에 맞게 시트를 부착합니다. 3. 10~20분 후 마스크를 떼어내고 남은 내용물을 두드려 흡수시켜 줍니다.,maskpack,Sheetpack
메디힐 티트리 임팩트인 밸런싱 마스크 10매,15000,제조일로부터 36개월,1. 세안 후 스킨으로 피부결을 정돈한 후 마스크를 꺼내어 편 뒤 얼굴 모양에 맞게 시트를 얼굴에 부착시킵니다. 2. 약 10~20분 동안 편안한 휴식을 취한 후 마스크를 떼어냅니다. 3. 마스크를 떼어낸 후 얼굴에 남아있는 에센스는 가볍게 두드려 흡수시켜 줍니다.,maskpack,Sheetpack
피지오겔 DMT 크림 마스크,5000,개봉전 36개월,"1. 세안 후 토너로 피부결을 정돈해 준 후, 시트를 꺼내어 접힌 부분을 펼쳐 줍니다. 2. 눈, 코 부분 부터 맞추어 얼굴 전체에 고르게 밀착시킵니다. 3. 10~15분 후에 떼어내고 피부 위에 남은 내용물을 손으로 가볍게 두드려 흡수시켜줍니다.",maskpack,Sheetpack
피지오겔 레드수딩 AI 릴리프 마스크,4000,개봉전 36개월,"1. 세안 후 토너로 피부결을 정돈해 준 후, 시트를 꺼내어 접힌 부분을 펼쳐 줍니다. 2. 눈, 코 부분 부터 맞추어 얼굴 전체에 고르게 밀착시킵니다. 3. 10~15분 후에 떼어내고 피부 위에 남은 내용물을 손으로 가볍게 두드려 흡수시켜줍니다.",maskpack,Sheetpack
코스알엑스 퓨어핏 시카 카밍 트루 시트 마스크 10매입,16000,상품 발송일 기준으로 사용기한이 18개월 이상 남아있는 제품부터 순차적으로 판매 (유통 기한 36개월 / 개봉 후 즉시 사용 권장),"세안 후, 시트를 꺼내어 얼굴에 알맞게 부착하여 줍니다. 10-20분 뒤 시트를 떼어내고 가볍게 두드려 흡수시켜 줍니다.",maskpack,Sheetpack
코스알엑스 풀핏 프로폴리스 너리싱 마그넷 시트 마스크 10매입,16000,상품 발송일 기준으로 사용기한이 12개월 이상 남아있는 제품부터 순차적으로 판매 (유통 기한 24개월 /즉시 사용 권장),"세안 후, 시트를 꺼내어 필름을 제거한 뒤, 얼굴에 알맞게 부착하여 줍니다. 10-20분 뒤 시트를 떼어내고 가볍게 두드려 흡수시켜 줍니다",maskpack,Sheetpack
[잡티마스크] 센텔리안24 마데카 멜라 캡처 앰플 마스크팩 1매,5000,"제조일로부터 30개월, 개봉 후 즉시 사용",본 품을 피부에 붙이고 10~20분 후 지지체를 제거한 다음 남은 제품을 골고루 펴 바른다.,maskpack,Sheetpack
[비건인증] 아리얼 세븐데이즈 마스크 티트리 M 10매+5매 기획,15000,개봉 후 즉시,"세안 후 토너로 피부 결을 정돈해 줍니다. 시트를 꺼내어 눈, 코 부분부터 맞추어 얼굴에 고르게 밀착 시킵니다. 10~20분 후 마스크를 떼어내고 피부 위에 남은 내용물을 가볍게 손으로 두드려 흡수 시킵니다.",maskpack,Sheetpack
[비건인증] 아리얼 세븐데이즈 마스크 카렌듈라 P 10매+5매 기획,15000,개봉 후 즉시,"세안 후 토너로 피부 결을 정돈해 줍니다. 시트를 꺼내어 눈, 코 부분부터 맞추어 얼굴에 고르게 밀착 시킵니다. 10~20분 후 마스크를 떼어내고 피부 위에 남은 내용물을 가볍게 손으로 두드려 흡수 시킵니다",maskpack,Sheetpack
[비건인증] 아리얼 세븐데이즈 마스크 레몬 C 10매+5매 기획,12750,개봉 후 즉시,"세안 후 토너로 피부 결을 정돈해 줍니다. 시트를 꺼내어 눈, 코 부분부터 맞추어 얼굴에 고르게 밀착 시킵니다. 10~20분 후 마스크를 떼어내고 피부 위에 남은 내용물을 가볍게 손으로 두드려 흡수 시킵니다",maskpack,Sheetpack
미구하라 빅3스텝 화이트닝 마스크팩 오리진 1매,3500,제조일자로부터 30개월/개봉 후 6개월,"1 STEP : 미백 기능성 원료인 나이아신아마이드 성분이 피부를 밝고 환하게 가꾸어 주는 데 도움을 주고, 건강한 광채 피부로 가꾸는 데 도움을 줍니다. 2 STEP : 부드러운 마스크 시트가 피부에 빈틈없이 밀착되어 앰플의 흡수를 높여 영양을 공급하고 매끄러운 피부로 가꾸는 데 도움을 줍니다. 또한 최적의 수분 밸런스를 유지해 건조한 피부에 수분을 공급해 촉촉하고 윤기 나는 피부를 유지해줍니다. 3 STEP : 미백 성분이 함유되어 있어 어둡고 칙칙한 안색을 맑고 투명하게 가꾸어줍니다. 또한 풍부한 영양이 외부 자극에 의해 약해진 피부를 탄력 있게 해 줄 뿐만 아니라 오랫동안 촉촉한 피부로 유지하는 데 도움을 줍니다.",maskpack,Sheetpack
[비건인증] 아리얼 세븐데이즈 마스크 대나무 B 10매+5매 기획,12750,개봉 후 즉시,"""세안 후 토너로 피부 결을 정돈해 줍니다. 시트를 꺼내어 눈, 코 부분부터 맞추어 얼굴에 고르게 밀착 시킵니다. 10~20분 후 마스크를 떼어내고 피부 위에 남은 내용물을 가볍게 손으로 두드려 흡수 시킵니다""",maskpack,Sheetpack
[비건인증] 아리얼 세븐데이즈 마스크 로터스 N 10매+5매 기획,12750,개봉 후 즉시,""" 세안 후 토너로 피부 결을 정돈해 줍니다. 시트를 꺼내어 눈, 코 부분부터 맞추어 얼굴에 고르게 밀착 시킵니다. 10~20분 후 마스크를 떼어내고 피부 위에 남은 내용물을 가볍게 손으로 두드려 흡수 시킵니다""",maskpack,Sheetpack
닥터자르트 더마스크 포어레미디 퓨리파잉 머드 마스크 1매,4000,36개월(상품 발송 시 기준으로 사용기간 12개월 이상 제품을 발송),1. 세안 후 화장수로 피부를 정돈 합니다. 2. 파우치를 열어 상단과 하단 부분의 백색 필름을 제거하고 얼굴에 맞게 붙혀 준 후 투명 필름을 제거 합니다. 3. 약 15분 동안 시트를 옆 방향으로 떼어내고 미온수로 깨끗이 씻어내어 마무리해준 후 기초 케어로 마무리 해줍니다.,maskpack,Sheetpack
닥터자르트 더마스크 포어레미디 퓨리파잉 머드 마스크 5매,16000,36개월(상품 발송 시 기준으로 사용기간 12개월 이상 제품을 발송),1. 세안 후 화장수로 피부를 정돈 합니다. 2. 파우치를 열어 상단과 하단 부분의 백색 필름을 제거하고 얼굴에 맞게 붙혀 준 후 투명 필름을 제거 합니다. 3. 약 15분 동안 시트를 옆 방향으로 떼어내고 미온수로 깨끗이 씻어내어 마무리해준 후 기초 케어로 마무리 해줍니다.,maskpack,Sheetpack
[시카진정/보습] 닥터디퍼런트 더마 릴렉싱 마스크(1매/5매),2800,"제조일로부터 24개월, 개봉 후 즉시","세안 후 토너를 이용하여 피부를 가볍거 정돈한 후, 마스크를 꺼내어 얼굴에 맞게 붙여줍니다. 10분~15분 후 시트를 떼어낸 후 남아 있는 내용물을 가볍게 두드려 흡수시켜 줍니다.",maskpack,Sheetpack
제이엠솔루션 릴리프 약산성 약쑥 마스크 1매,1200,개봉 후 즉시 사용,세안 후 피부 결을 정돈해준 뒤 시트를 꺼내어 얼굴 전체에 고르게 밀착시켜 준다. 10~20분 후에 떼어내고 피부에 남아있는 내용물을 가볍게 두드려 흡수시켜 준다,maskpack,Sheetpack
제이엠솔루션 릴리프 약산성 티트리 마스크 1매,1200,개봉 후 즉시 사용,세안 후 피부 결을 정돈해준 뒤 시트를 꺼내어 얼굴 전체에 고르게 밀착시켜 준다. 10~20분 후에 떼어내고 피부에 남아있는 내용물을 가볍게 두드려 흡수시켜 준다,maskpack,Sheetpack
제이엠솔루션 릴리프 핏 어성초 마스크 1매,1200,개봉 후 즉시 사용,세안 후 피부 결을 정돈해준 뒤 시트를 꺼내어 얼굴 전체에 고르게 밀착시켜 준다. 10~20분 후에 떼어내고 피부에 남아있는 내용물을 가볍게 두드려 흡수시켜 준다,maskpack,Sheetpack
제이엠솔루션 릴리프 약산성 약쑥 마스크 10매,10500,개봉 후 즉시 사용,세안 후 피부 결을 정돈해준 뒤 시트를 꺼내어 얼굴 전체에 고르게 밀착시켜 준다. 10~20분 후에 떼어내고 피부에 남아있는 내용물을 가볍게 두드려 흡수시켜 준다,maskpack,Sheetpack
제이엠솔루션 릴리프 핏 어성초 마스크 10매,10500,개봉 후 즉시 사용,세안 후 피부 결을 정돈해준 뒤 시트를 꺼내어 얼굴 전체에 고르게 밀착시켜 준다. 10~20분 후에 떼어내고 피부에 남아있는 내용물을 가볍게 두드려 흡수시켜 준다,maskpack,Sheetpack
메디힐 콜라겐 임팩트인 타이트닝 마스크 10매,15000,제조일로부터 36개월,1. 세안 후 스킨으로 피부결을 정돈한 후 마스크를 꺼내어 편 뒤 얼굴 모양에 맞게 시트를 얼굴에 부착시킵니다. 2. 약 10~20분 동안 편안한 휴식을 취한 후 마스크를 떼어냅니다. 3. 마스크를 떼어낸 후 얼굴에 남아있는 에센스는 가볍게 두드려 흡수시켜 줍니다.,maskpack,Sheetpack
가히 수분 가득 퍼펙팅 마스크 1매입,4000,"제조일로부터 36개월, 개봉 후 즉시 (제조년월일 : 2020년 3월 이후 )","본품을 피부에 붙이고, 10~20분 후 지지체를 제거한 다음, 남은 제품을 골고루 펴 바른다.",maskpack,Sheetpack
메이크프렘 컴포트미 모스카밍 비건 마스크 1매,1500,제조일로부터 36개월,"1. 세안 후, 토너로 피부결을 정돈해 줍니다. 2. 본 제품을 개봉해 필름을 제거한 후 마스크를 눈과 입 주위를 제외한 얼굴 전체에 고르게 밀착시킵니다. 3.10~20분 정도 후에 떼어냅니다. 4. 피부위에 남은 내용물을 가볍게 손으로 두드려 흡수시킵니다.",maskpack,Sheetpack
수이스킨 편안한 진정초 시트 마스크 5매입,6000,"제조일로부터 1년6개월 이내의 상품을 순차적으로 발송, 유통기한 개봉후 즉시",세안 후 얼굴에 고르게 붙여줍니다. 약 10-20분 후 마스크를 떼어내고 남은 에센스를 가볍게 두드려 흡수시켜줍니다.,maskpack,Sheetpack
아크네스 퍼펙트 솔루션 수딩 마스크 10매 기획,9900,개봉전 36개월 / 개봉후 즉시사용,1. 세안 후 토너로 피부 결을 정돈해줍니다. 2. 파우치에서 마스크를 꺼내 얼굴에 밀착시켜 줍니다. 3. 약 10-20분 후 시트를 떼어내고 피부 위에 남은 에센스는 가볍게 손으로 두드려 흡수시킵니다.,maskpack,Sheetpack
[브이라인] 아나시스 벨라컨투어 듀얼리프트마스크 5매,18050,"제조일로부터 1095일, 개봉일로부터 30일","1. 파우치를 개봉한뒤 듀얼리프트 마스크시트 뒷면의 보호필름을 떼어내고, 마스크 상부의 양쪽면을 잡습니다. 2. 마스크시트 상부의 U라인의 가운데 부분을 턱중앙에 고정시킨 후 일정한 힘으로 양쪽을 얼굴형에 맞춰 늘리면서 귀에 걸어줍니다. 3. 하부의 귀걸이를 잡고 턱과 목을 감싸면서 또 한 번 귀에 걸어줍니다. 4. 30~60분 피부에 무리가 없을만큼 적용후 시트를 떼어냅니다. 5. 마스크의 시원한 쿨링감은 30분이 지나면 약해지지만, 오랫동안 지속됩니다. 사용후 떼어낸 마스크 시트를 어깨,팔목,뒷목등 시원한 쿨링감을 느끼고싶은 모든 부위에 다시 활용하셔도 좋습니다.",maskpack,Sheetpack
[주름탄력] 메디앤서 리얼 스킨핏 콜라겐 마스크 4매,20000,"개봉 전 24개월, 개봉 후 즉시사용","① 세안 후 토너로 피부결을 정돈한 다음 상, 하로분리된 마스크팩을 꺼내 필름을 제거합니다. ② 상단은 눈을 중심으로, 하단은 입을 중심으로 얼굴에 맞춰 잘 붙여줍니다. ③ 약 30분 후 마스크를 떼어낸 다음 남은 내용물은 손으로 두드려 흡수시켜 줍니다. ※사용전에 반드시 사용법 및 사용시의 주의사항을 숙지 하신 후 사용하십시오",maskpack,Sheetpack
[주름탄력] 메디앤서 리얼 스킨핏 콜라겐 마스크 1매,2500,"개봉 전 24개월, 개봉 후 즉시사용","① 세안 후 토너로 피부결을 정돈한 다음 상, 하로분리된 마스크팩을 꺼내 필름을 제거합니다. ② 상단은 눈을 중심으로, 하단은 입을 중심으로 얼굴에 맞춰 잘 붙여줍니다. ③ 약 30분 후 마스크를 떼어낸 다음 남은 내용물은 손으로 두드려 흡수시켜 줍니다. ※사용전에 반드시 사용법 및 사용시의 주의사항을 숙지 하신 후 사용하십시오",maskpack,Sheetpack
마녀공장 갈락 나이아신 에센스 투명광채 마스크 10매,15000,"제조일로부터 2년, 개봉 후 즉시사용",1. 세안 후 스킨이나 토너로 피부 결을 정돈한 후 마스크 팩 파우치를 개봉하여 줍니다. 2. 마스크 시트를 펼쳐 눈과 입을 기준으로 얼굴 모양에 맞추어 시트를 붙여줍니다. 3. 10분~20분 후 마스크를 제거하고 남아있는 내용물을 가볍게 두드려 흡수시켜 줍니다.,maskpack,Sheetpack
[수분잠금/촘촘수분팩] 달바 너리싱 트리트먼트 마스크 1매,2500,제조일로부터 36개월,1) 세안 후 화장수를 이용하여 피부결을 정돈합니다. 2) 파우치를 개봉하여 시트를 꺼낸 후 얼굴에 닿게 부착해줍니다. 3) 약 10-20분 정도 휴식을 취한 후 시트를 제거합니다. 4) 남아있는 에센스를 가볍게 두드려 피부에 흡수시켜줍니다.,maskpack,Sheetpack
[250시간 수분잠금팩] 달바 너리싱 트리트먼트 마스크 5매,25000,제조일로부터 36개월,1) 세안 후 화장수를 이용하여 피부결을 정돈합니다. 2) 파우치를 개봉하여 시트를 꺼낸 후 얼굴에 닿게 부착해줍니다. 3) 약 10-20분 정도 휴식을 취한 후 시트를 제거합니다. 4) 남아있는 에센스를 가볍게 두드려 피부에 흡수시켜줍니다.,maskpack,Sheetpack
[긴급진정] 라운드랩 소나무 진정 시카 마스크 10매,15000,"제조일로부터 30개월, 개봉 후 즉시","세안 후, 토너로 피부 결을 정돈해줍니다. 시트를 꺼내어 눈,코 부분부터 맞추어 얼굴 전체에 고르게 밀착시킵니다. 10~20분 후 시트를 떼어내고 피부 위에 남은 내용물은 가볍게 손으로 두드려 흡수시킵니다.",maskpack,Sheetpack
[탄력 리프팅] 메디테라피 링클핏 마스크 7매입,19800,913일,"""1. 마스크 부착 후, 니들로 얼굴을 고루 롤링하여 얼굴 전체를 마사지해 줍니다. 2. 마스크 부착 후, 턱 라인을 따라 아래에서 위로 끌어올려 롤링하여 처진 턱 선을 마사지해 줍니다. 3. 마스크의 남은 용액을 발라 쇄골라인에서 턱 밑까지 끌어올려 목 마사지 해줍니다.""",maskpack,Sheetpack
[수분충전] 제이준 히알루론산 하이드레이팅 마스크 1매,900,"사용기한 36개월, 개봉 후 즉시 사용",시트지를 꺼내어 얼굴 전체에 고르게 밀착시켜줍니다. 10~20분 후에 떼어내고 피부에 남아있는 내용물을 가볍게 두드려 흡수시켜줍니다.,maskpack,Sheetpack
파티온 리얼핏 어성초 카밍 마스크 1매,3000,"제조일로부터 36개월, 개봉 후 12개월 (2022년 8월 9일 이후 제조된 상품만을 취급)",1. 세안 후 화장수로 피부 결을 정돈해 줍니다. 2. 파우치 개봉 후 마스크 시트를 꺼내 얼굴에 맞게 부착합니다. 3. 10~20분 후 시트를 떼어내고 남은 에센스는 가볍게 두드려 흡수시켜 줍니다.,maskpack,Sheetpack
파티온 리얼핏 쌀겨 브라이트닝 마스크 1매,1200,"제조일로부터 36개월, 개봉 후 12개월 (2022년 5월 2일 이후 제조된 상품만을 취급)",1. 세안 후 화장수로 피부 결을 정돈해 줍니다. 2. 파우치 개봉 후 마스크 시트를 꺼내 얼굴에 맞게 부착합니다. 3. 10~20분 후 시트를 떼어내고 남은 에센스는 가볍게 두드려 흡수시켜 줍니다.,maskpack,Sheetpack
믹순 비피다 마스크팩 1매입,3000,개봉 전 36개월 / 개봉 후 즉시,"1. 시트를 펴 이마, 코, 윗볼 순으로 붙여줍니다. 2. 시트의 절개라인을 잡고 위쪽으로 잡아 당기며 볼을 감싸 들뜸없이 밀착시켜 줍니다. 3. 약 10~20분 후 마스크를 위에서 앞으로 제거합니다. 4. 피부에 남은 에센스를 가볍게 두드려 흡수시켜 줍니다.",maskpack,Sheetpack
믹순 병풀 마스크팩 1매입,3000,개봉 전 36개월 / 개봉 후 즉시,"1. 시트를 펴 이마, 코, 윗볼 순으로 붙여줍니다. 2. 시트의 절개라인을 잡고 위쪽으로 잡아 당기며 볼을 감싸 들뜸없이 밀착시켜 줍니다. 3. 약 10~20분 후 마스크를 위에서 앞으로 제거합니다. 4. 피부에 남은 에센스를 가볍게 두드려 흡수시켜 줍니다.",maskpack,Sheetpack
[피부탄력] 마리엔메이 콜라겐 펩타이드 바이탈 뽑아쓰는 마스크팩 30매,17900,제조일로부터 36개월 / 개봉 후 12개월,세안 후 토너를 이용해 피부를 정돈해줍니다. 마스크를 꺼내 펼친 후 눈 부분부터 맞춰 얼굴에 골고루 밀착시킵니다. 10-20분 정도 휴식 후 마스크를 떼어내고 피부에 남은 내용물을 가볍게 두드려 흡수시켜 줍니다. 사용후에는 본품 뚜껑을 꼭 닫아주시기 바랍니다.,maskpack,Sheetpack
메디힐 대나무 숯 4D 블랙 마스크 탄력영양 10매,15000,제조일로부터 36개월 (개봉 후 즉시),1. 세안 후 화장수로 피부를 정돈한 후 마스크 시트를 꺼내 시트의 눈이 바깥쪽으로 향하도록 펼쳐준 다음 양쪽 눈을 기준으로 이마→코→윗볼 순으로 붙여 줍니다. 2. ⓐ리프팅 라인을 잡고 ⓑ 부분을 위쪽으로 잡아당기면서 볼을 감싸 팽팽하게 고정시켜 줍니다. 3. 다시 한번 광대(볼) 부분을 한 손으로 누르면서 ⓑ를 잡고 턱을 감싸 밀착시켜 줍니다. 4. 약 10분~20분간 휴식을 취한 후 시트를 떼어내고 남은 액은 가볍게 두드려 흡수시킵니다.,maskpack,Sheetpack
메디힐 모공톡스 탄산 버블 시트 10매,15000,제조일로부터 36개월 (개봉 후 즉시),"※ 내용물의 특성상 용액이 가라앉을 수 있으므로 사용 전 파우치 표면에 원을 그리듯 문질러 내용물을 충분히 섞어 줍니다. 파우치 개봉 후 즉시 사용해 주십시오. 세안 후 마른 얼굴에 코와 입 부분을 맞추어 고르게 밀착시켜 준 후, 10분간 탄산 버블이 풍성하게 올라오면 시트를 떼어냅니다. 피부에 남은 잔여 버블로 부드럽게 마사지한 후, 미온수로 깨끗이 헹구어 줍니다. ※ 피부 온도 및 외부 온도에 따라 버블 생성 속도와 버블 생성량에 차이가 있을 수 있습니다. ※ 피부가 간지럽거나 따끔거리는 현상은 버블 형성으로 인하여 모공에 있는 노폐물을 정돈하는 과정입니다. 제품 고유의 정상적인 반응이며 이로 인한 반품 및 교환은 되지 않습니다.",maskpack,Sheetpack
더랩바이블랑두 올리고 히알루론산 워터리 스킨 마스크 1매,3000,제조일로부터 3년,"1. 세안 후 토너를 사용하여 피부결을 정돈합니다. 2. 본 제품을 개봉하여 눈과 입 주위를 제외한 얼굴 전체에 고르게 밀착시켜줍니다. 3. 약 20분 정도 후, 마스크를 떼어냅니다. 4. 얼굴에 남은 에센스는 가볍게 두드려 흡수시켜줍니다.",maskpack,Sheetpack
[긴급진정] 차앤박(CNP) 퀵수딩 S.O.S 마스크 1매,2000,36개월 / 개봉 후 즉시사용,"1) 세안 후 1Step 앰플을 개봉하여 얼굴에 골고루 펴발라 줍니다 2) 2Step 마스크시트를 꺼내어 펼친 뒤 얼굴 전체에 밀착시킨 후, 약 15~20분 후 마스크를 떼어 냅니다 [ TIP ] - 1Step와 2Step을 순서대로 사용하셔야 유효성분이 효과적으로 피부에 침투합니다 - 하절기 냉장실 보관 후 차갑게 사용하면 피부 진정 효과가 더욱 좋습니다.",maskpack,Sheetpack
[탄력] 닥터지 로얄 블랙 스네일 앰플 마스크 1매,2000,36개월,1. 세안 후 토너로 피부 결을 정돈해 줍니다. 2. 마스크를 꺼내어 얼굴에 고르게 부착시킵니다. *얼굴 라인에 따라 살짝 늘려주며 붙여주시면 더욱 타이트한 밀착력을 느낄 수 있습니다. 3. 약 10~20분 후 마스크를 떼어내고 피부에 남아 있는 에센스를 가볍게 두드려 흡수시켜 줍니다. *TIP! 사용 전 내용물이 시트에 잘 스며들도록 파우치를 골고루 문질러 사용하세요.,maskpack,Sheetpack
[수분충전] 제이준 히알루론산 하이드레이팅 마스크 10매,20000,"사용기한 36개월, 개봉 후 즉시 사용",시트지를 꺼내어 얼굴 전체에 고르게 밀착시켜줍니다. 10~20분 후에 떼어내고 피부에 남아있는 내용물을 가볍게 두드려 흡수시켜줍니다.,maskpack,Sheetpack
[영양보습] 제이준 인텐시브 블루밍 원스텝  벚꽃 마스크 1매,750,"사용기한 36개월, 개봉 후 즉시 사용","세안 후 피부 결을 정돈해준 뒤, 시트지를 꺼내어 얼굴 전체에 고르게 밀착시켜줍니다. 10~20분 후에 떼어내고 피부에 남아있는 내용물을 가볍게 두드려 흡수시켜줍니다. * 사용 전 파우치를 3~5회 원형 그리듯 문지른 후 사용하시길 바랍니다.",maskpack,Sheetpack
[붙이는저분자콜라겐] CKD 레티노콜라겐 저분자300 모공탄력 마스크 3종 택 1,2980,제조일로부터 36개월 / 개봉 후 즉시 사용,"①세안 후, 토너로 피부결을 정돈한 다음 상/하로 분리된 마스크를 꺼내 필름을 제거합니다. ② 상단은 눈을 중심으로, 하단은 입을 중심으로 얼굴에 맞춰 잘 붙여줍니다. ③피부상태에 따라 약 30분부터 유효성분이 흡수되면서 투명해집니다. ※개인 피부 상태에 따라 40분 이상 소요될 수 있습니다. ④마스크가 투명해지면 떼어낸 후 남은 내용물을 손으로 두드려 흡수 시켜줍니다",maskpack,Sheetpack
[모공/탄력] 메디필 레드락토 콜라겐 포어 리프팅 마스크 1매,1680,36개월,"1. 세안 후 토너로 피부결을 가볍게 정돈합니다. 2. 시트를 꺼내어 지지체를 제거한 후, 눈과 입 주위를 제외한 얼굴 전체에 고르게 밀착시킵니다. 3. 약 10~20분 정도 후 마스크를 떼어 냅니다. 4. 피부에 남아있는 내용물을 가볍게 두드려 흡수시켜 줍니다.",maskpack,Sheetpack
[모공/탄력] 메디필 레드락토 콜라겐 포어 리프팅 마스크 10매,16800,36개월,"1. 세안 후 토너로 피부결을 가볍게 정돈합니다. 2. 시트를 꺼내어 지지체를 제거한 후, 눈과 입 주위를 제외한 얼굴 전체에 고르게 밀착시킵니다. 3. 약 10~20분 정도 후 마스크를 떼어 냅니다. 4. 피부에 남아있는 내용물을 가볍게 두드려 흡수시켜 줍니다.",maskpack,Sheetpack
[탄력] 닥터지 로얄 블랙 스네일 앰플 마스크 30g 5매,10000,36개월,1. 세안 후 토너로 피부결을 정돈한 후 마스크를 꺼내어 필름을 제거해 줍니다. 2. 피부에 잘 밀착되도록 얼굴 윗 부위는 눈을 중심으로 부드럽게 부착합니다. 3. 피부에 잘 밀착되도록 얼굴 아래 부위는 입을 중심으로 부드럽게 볼쪽으로 끌어올려 부착합니다. 4. 10~20분 후 시트를 떼어내고 피부 위에 남은 크림은 충분히 두드려 흡수시킵니다.,maskpack,Sheetpack
[7겹보습/탄탄장벽] 닥터자르트 세라마이딘 스킨 베리어 모이스처라이징 마스크 1매,7000,36개월(상품 발송 시 기준으로 사용기간 12개월 이상 제품을 발송),"1. 세안 후 토너를 이용하여 피부를 가볍게 정돈합니다. 2. 파우치를 개봉하여 마스크시트를 잘 펼친 후 얼굴에 맞게 밀착시켜줍니다. 3. 약 10~20분 후 마스크를 제거하고, 피부에 남은 에센스를 가볍게 두드려 흡수시켜 줍니다 *파우치에 남은 에센스는 목과 바디 피부 등 건조한 부위에 사용하세요.",maskpack,Sheetpack
러븀 포어 리셋 머드 마스크 5매입,25000,제조일로부터 24개월 / 개봉 후 즉시 사용,1) 세안 후 토너로 피부 결을 정돈해 줍니다. 2) 마스크를 꺼내어 얼굴 모양에 맞게 고르게 밀착시켜줍니다. 3) 30분 가량 지난 후 마스크를 떼어내줍니다. 피부 상태에 따라 사용 시간을 조절해도 좋습니다,maskpack,Sheetpack
러븀 슬로우 에이징 피토 콜라겐 겔 마스크 5매입,19500,제조일로부터 24개월 / 개봉 후 즉시 사용,1) 세안 후 토너로 피부 결을 정돈해 줍니다. 2) 마스크를 꺼내어 얼굴 모양에 맞게 고르게 밀착시켜줍니다. 3) 30분 가량 지난 후 마스크를 떼어내줍니다. 피부 상태에 따라 사용 시간을 조절해도 좋습니다,maskpack,Sheetpack
스킨푸드 캐롯 카로틴 마스크시트 1매,1500,제조연월 : 발송일로부터 1년이내 제조 / 사용기한 : 제조일로부터 36개월,"1. 세안 후, 화장수로 피부 결을 정돈해줍니다. 2. 마스크를 얼굴 전체에 고르게 밀착시킵니다. 3. 20~30분 후 시트를 떼어내고, 남은 에센스는 가볍게 두드려 흡수시킵니다.",maskpack,Sheetpack
더랩바이블랑두 올리고 히알루론산 워터리 스킨 마스크 10매입,16980,제조일로부터 3년,"1. 세안 후 토너를 사용하여 피부결을 정돈합니다. 2. 본 제품을 개봉하여 눈과 입 주위를 제외한 얼굴 전체에 고르게 밀착시켜줍니다. 3. 약 20분 정도 후, 마스크를 떼어냅니다. 4. 얼굴에 남은 에센스는 가볍게 두드려 흡수시켜줍니다.",maskpack,Sheetpack
에필로우 시트 마스크 5매 [결가드닝/속건조 다도/진정 마음챙김] 3종 중 택1,7900,"제조일로부터 3년, 개봉 후 즉시 사용","1) 세안 후 마스크를 얼굴에 고르게 밀착시킵니다. 2) 10~20분 동안 부탁 후 마스크를 제거하고, 남은 에센스는 두드려 흡수시켜줍니다.",maskpack,Sheetpack
[1회사용 즉각효과] 브이앤에이뷰티 안티옥시던트 앰플 시트 마스크 1매,4500,제조일로부터 3년 / 개봉 후 즉시,"마스크를 꺼내어 얼굴에 그대로 붙인 뒤, 그물망을 천천히 벗겨내면 더욱 편리하게 부착 할 수 있습니다. 10~20분 뒤 마스크를 떼어낸 후 얼굴에 남은 에센스를 충분히 흡수시켜 줍니다.",maskpack,Sheetpack
[고밀착 고보습] 브이앤에이뷰티 안티옥시던트 앰플 시트 마스크 5매,21300,제조일로부터 3년 / 개봉 후 즉시,"마스크를 꺼내어 얼굴에 그대로 붙인 뒤, 그물망을 천천히 벗겨내면 더욱 편리하게 부착 할 수 있습니다. 10~20분 뒤 마스크를 떼어낸 후 얼굴에 남은 에센스를 충분히 흡수시켜 줍니다.",maskpack,Sheetpack
이즈앤트리 초저분자 히아루론산 마스크 10매,19500,제조일 기준 개봉 전 30개월 / 개봉 후 즉시 사용,1. 세안 후 토너로 피부를 가볍게 정돈해 줍니다. 2. 시트를 펼쳐 얼굴 모양에 잘 맞추어 밀착시켜줍니다. 3. 10~20분 후 시트를 떼어냅니다. 4. 피부에 남은 에센스를 가볍게 두드려 흡수시켜줍니다.,maskpack,Sheetpack
이즈앤트리 머그워트 카밍 거즈 마스크 10매,19500,제조일 기준 개봉 전 36개월 / 개봉 후 즉시 사용,1. 세안 후 토너로 피부를 가볍게 정돈해 줍니다. 2. 시트를 펼쳐 얼굴 모양에 잘 맞추어 밀착시켜줍니다. 3. 10~20분 후 시트를 떼어냅니다. 4. 피부에 남은 에센스를 가볍게 두드려 흡수시켜줍니다.,maskpack,Sheetpack
[수분진정 밀착케어] 원씽 시카 수딩 마스크 5매,8900,제조일로부터 36개월,"세안 후 화장수로 피부 결을 정돈해준 뒤 마스크를 꺼내어 눈과 입의 위치를 맞추어 잘 밀착되도록 부착해줍니다. 10~20분 뒤 마스크를 제거하고, 남은 에센스를 두드려 흡수시켜줍니다.",maskpack,Sheetpack
[미백/광채케어] 원씽 비타민 브라이트닝 마스크 5매,25000,제조일로부터 36개월,"세안 후 화장수로 피부 결을 정돈해준 뒤 마스크를 꺼내어 눈과 입의 위치를 맞추어 잘 밀착되도록 부착해줍니다. 10~20분 뒤 마스크를 제거하고, 남은 에센스를 두드려 흡수시켜줍니다.",maskpack,Sheetpack
[4매기획] 메디힐 더마 시너지 랩핑 마스크 4매 3종 택 1,7600,제조일로부터 36개월,1. 세안 후 화장수로 피부를 정돈해 줍니다. 마스크 시트를 꺼내 얼굴 모양에 맞춰 붙여 줍니다. 2. 약 10~20분 후 시트를 떼어내고 피부에 남아있는 에센스는 가볍게 두드려 흡수시켜 줍니다.,maskpack,Sheetpack
[10매/5종] 아비브 껌딱지 시트 마스크 스티커 10매 (어성초/수분초/마데카소사이드/콜라겐밀크/비타),20000,"제조일로부터 36개월, 개봉 후 즉시 사용","1. 세안 후 화장수로 피부를 깨끗이 정돈합니다. 2. 본 제품을 개봉해 마스크를 눈과 입주위를 제외한 얼굴 전체에 고르게 위치시킨 후, 본인의 얼굴에 맞게 팩을 살짝 늘려 밀착시킵니다. 3. 10~20분 정도 후에 마스크를 떼어냅니다. 4. 피부 위에 남은 내용물을 가볍게 두드려 흡수 시켜 줍니다.",maskpack,Sheetpack
[탄력/리프팅] 닥터지 블랙스네일 리프팅 마스크 5매,7500,개봉전 36개월 개봉후 즉시,[사용법] 1. 세안 후 토너로 피부 결을 정돈해 줍니다. 2. 마스크를 꺼내어 얼굴에 고르게 부착시킵니다. 턱 쪽 밴드 부분을 부드럽게 늘려서 볼과 턱을 당기듯 끌어올려 붙여줍니다. 3. 약 10~20분 후 마스크를 떼어내고 피부에 남아 있는 에센스를 가볍게 두드려 흡수시켜 줍니다. TIP 리프팅 효과를 극대화해주는 쫀쫀한 제형으로 마스크를 떼어낸 후 블랙 스네일 크림을 덧발라주면 더 깊은 영양감을 느끼실 수 있습니다.,maskpack,Sheetpack
브리스킨 어성초 엑소펩타이드 콜라겐 마스크 1매,10000,30개월,1. 세안 후 토너를 사용하여 피부 결을 정돈합니다. 2. 붙어있는 필름을 제거한 후 하단 마스크부터 얼굴 모양에 맞게 붙여줍니다. 3. 피부 상태에 따라 약 20분~40분 후부터 유효성분이 흡수되면서 시트가 투명하게 변합니다. Tip. 수면팩으로 사용하거나 약 3~4시간 정도 사용하여 특별한 효과를 경험해 보세요. 4. 시트를 떼어낸 다음 피부에 남아 있는 에센스를 가볍게 두드려 흡수시켜 줍니다.,maskpack,Sheetpack
[모공청소팩] 안티톡스 스파클린 마스크 포어필 8매,21000,"제조일로부터36개월, 개봉 후 즉시 사용","	마른 얼굴에 시트의 부드러운 면이 피부에 닿도록 마스크를 부착한다. 	5-7분간 거품으로 충분히 피부를 불려낸 후, 마스크를 떼어낸다. 	시트를 이용하여 거품과 함께 부드럽게 문지르며 노폐물을 제거한다. 	미온수로 꼼꼼히 씻어낸다.",maskpack,Sheetpack
[이중턱케어] 리쥬란 힐러 퍼펙트 힐링 V 타이터 1매,11000,"개봉 전 24개월, 개봉 후 12개월",마스크 시트를 꺼내어 눈 주위부터 얼굴 형태에 맞춰 접히는 부분이 없도록 꼼꼼히 붙여줍니다. 약 10~20분 경과 후 마스크를 제거 해줍니다,maskpack,Sheetpack
조선미녀 병풀 진정 마스크 10매,25000,제조일부터36개월/개봉후 즉시,개봉 후 시트 마스크의 지지체를 제거한 뒤 얼굴에 맞게 붙여줍니다. 약 10~20분 후 시트를 떼어내고 피부에 남은 에센스는 가볍게 두드려 흡수시켜 줍니다.,maskpack,Sheetpack
[수분광채] 제이준 블랙 물광 탄력 마스크 1매,1200,"사용기한 36개월, 개봉 후 즉시 사용","STEP 01 젖은 손에 적당량을 덜어 거품을 충분히 낸 후, 얼굴에 부드럽게 마사지 하듯 원을 그려 클렌징 한 후 미온수로 깨끗이 헹구어 줍니다. STEP 02 적당량을 덜어 얼굴 안쪽에서 바깥쪽으로 부드럽게 펴 발라 준 후, 손으로 두드려 완전히 흡수시켜줍니다. STEP 03 세안 후 피부 결을 정돈해준 뒤, 시트를 꺼내어 얼굴 전체에 고르게 밀착시켜줍니다. 10~20분 후에 떼어내고 피부에 남아있는 내용물을 가볍게 두드려 흡수시켜줍니다.",maskpack,Sheetpack
[수분광채] 제이준 블랙 물광 탄력 마스크 10매,30000,"사용기한 36개월, 개봉 후 즉시 사용","STEP 01 젖은 손에 적당량을 덜어 거품을 충분히 낸 후, 얼굴에 부드럽게 마사지 하듯 원을 그려 클렌징 한 후 미온수로 깨끗이 헹구어 줍니다. STEP 02 적당량을 덜어 얼굴 안쪽에서 바깥쪽으로 부드럽게 펴 발라 준 후, 손으로 두드려 완전히 흡수시켜줍니다. STEP 03 세안 후 피부 결을 정돈해준 뒤, 시트를 꺼내어 얼굴 전체에 고르게 밀착시켜줍니다. 10~20분 후에 떼어내고 피부에 남아있는 내용물을 가볍게 두드려 흡수시켜줍니다.",maskpack,Sheetpack
[영양수분] 제이준 인텐시브 샤이닝 영양강화 마스크 1매,1200,"사용기한 36개월, 개봉 후 즉시 사용","STEP 01 적당량을 덜어 얼굴 안쪽에서 바깥쪽으로 부드럽게 펴 발라 준 후, 손으로 두드려 완전히 흡수시켜줍니다. STEP 02 세안 후 피부 결을 정돈해준 뒤, 시트를 꺼내어 얼굴 전체에 고르게 밀착시켜줍니다. 10~20분 후에 떼어내고 피부에 남아있는 내용물을 가볍게 두드려 흡수시켜줍니다. STEP 03 마스크 사용 후, 가장 마지막 단계로 아이 크림 적당량을 덜어 눈가에 부드럽게 흡수시켜줍니다.",maskpack,Sheetpack
[영양수분] 제이준 인텐시브 샤이닝 영양강화 마스크 10매,30000,"사용기한 36개월, 개봉 후 즉시 사용","STEP 01 적당량을 덜어 얼굴 안쪽에서 바깥쪽으로 부드럽게 펴 발라 준 후, 손으로 두드려 완전히 흡수시켜줍니다. STEP 02 세안 후 피부 결을 정돈해준 뒤, 시트를 꺼내어 얼굴 전체에 고르게 밀착시켜줍니다. 10~20분 후에 떼어내고 피부에 남아있는 내용물을 가볍게 두드려 흡수시켜줍니다. STEP 03 마스크 사용 후, 가장 마지막 단계로 아이 크림 적당량을 덜어 눈가에 부드럽게 흡수시켜줍니다.",maskpack,Sheetpack
[영양탄력] 제이준 콜라겐 스킨 핏 탄력 강화 마스크팩 1매,1290,"사용기한 36개월, 개봉 후 즉시 사용","STEP 01 적당량을 덜어 얼굴 안쪽에서 바깥쪽으로 부드럽게 펴 발라 준 후, 손으로 두드려 완전히 흡수시켜줍니다. STEP 02 세안 후 피부 결을 정돈해준 뒤, 시트를 꺼내어 얼굴 전체에 고르게 밀착시켜줍니다. 10~20분 후에 떼어내고 피부에 남아있는 내용물을 가볍게 두드려 흡수시켜줍니다.",maskpack,Sheetpack
[모공탄력] 더마토리 레티날덤 밴드 마스크 4매(+1매 증정기획),8900,개봉 전 36개월 / 개봉 후 즉시 사용,"1. 세안 후 토너를 이용하여 피부를 깨끗이 정돈해 줍니다. 2. 파우치를 개봉하여 시트를 꺼낸 뒤 이마, 코, 윗볼 순으로 붙여 줍니다. 3. 시트의 절개 라인을 잡고 위쪽으로 잡아 당기며 볼을 감싸 들뜸 없이 밀착시켜 줍니다. 4. 약 10-20분 후 마스크를 제거하고, 피부에 남은 에센스를 가볍게 두드려 흡수시켜 줍니다.",maskpack,Sheetpack
[강력진정/탄탄보습] 닥터자르트 시카페어 인텐시브 수딩 리페어 세럼 마스크 1매,4000,36개월(상품 발송 시 기준으로 사용기간 12개월 이상 제품을 발송),세안 후 마스크를 얼굴에 맞게 붙여 약 15~20 분 후 떼어내고 잔여분은 가볍게 두드려 흡수시켜 줍니다,maskpack,Sheetpack
[초밀착젤리랩핑시트] 한율 빨간쌀 보습탄력 랩핑 마스크 4매 (+1매 증정기획),11200,개봉 전 36개월 / 개봉 후 즉시 사용,1. 세안 후 피부결을 정돈한 다음 시트마스크를 얼굴 전체에 고르게 밀착시켜줍니다. 2. 약 10~20분간 편안한 휴식을 취한 후 시트마스크를 떼어냅니다. 3. 피부에 남아있는 에센스를 가볍게 롤링하여 흡수시켜줍니다,maskpack,Sheetpack
[초밀착젤리랩핑시트] 한율 빨간쌀 보습탄력 랩핑 마스크 1매,2800,개봉 전 36개월 / 개봉 후 즉시 사용,1. 세안 후 피부결을 정돈한 다음 시트마스크를 얼굴 전체에 고르게 밀착시켜줍니다. 2. 약 10~20분간 편안한 휴식을 취한 후 시트마스크를 떼어냅니다. 3. 피부에 남아있는 에센스를 가볍게 롤링하여 흡수시켜줍니다,maskpack,Sheetpack
야다 데일리 그린 마스크 선인장 5매,12500,제조일로부터 36개월,1. 토너로 피부결을 정리해 줍니다. 2. 마스크를 꺼내어 눈과 입 주위를 제외한 얼굴 전체에 고르게 밀착시킵니다. 3. 10~20분 후 시트를 떼어내고 남은 에센스를 가볍게 두드려 흡수시켜 줍니다.,maskpack,Sheetpack
[탄력/광채] 더마토리 레티날 콜라겐/글루타치온 겔 마스크 1매 2종 택1 (콜라겐/글루타치온),3800,개봉 전 24개월 / 개봉 후 즉시 사용,본품을 피부에 약 20~30분간 부착하고 떼어내어 피부에 남아있는 내용물을 고르게 펴 바른다.,maskpack,Sheetpack
비플레인 캐모마일 인텐스 보습 마스크 1매,1900,모든 피부 타입용,1. 세안 후 마스크를 얼굴에 고르게 밀착시킵니다. 2. 약 10~20분 후 마스크를 떼어내고 남은 에센스를 가볍게 두드려 흡수시켜줍니다.,maskpack,Sheetpack
비플레인 캐모마일 인텐스 보습 마스크 4매 (+1매 증정기획),16000,"제조일로부터 36개월, 개봉 후 즉시 사용",1. 세안 후 마스크를 얼굴에 고르게 밀착시킵니다. 2. 약 10~20분 후 마스크를 떼어내고 남은 에센스를 가볍게 두드려 흡수시켜줍니다.,maskpack,Sheetpack
아임프롬 머그워트 시트 마스크 1매,3500,제조일로부터 36개월 / 개봉 후 12개월,세안 후 토너로 피부를 깨끗이 정돈합니다. 파우치를 개봉하여 마스크를 얼굴에 밀착시켜 줍니다. 20분 후에 마스크를 떼어내고 피부에 남아있는 에센스를 가볍게 두드려 흡수 시켜 줍니다.,maskpack,Sheetpack
잇츠스킨 파워10포뮬라 엘아이 젤리마스크 시트 5매+1매 기획세트,20000,제조일로부터 36개월 개봉 후 즉시,"1. 세안 후 토너로 피부 결을 정돈한 후, 마스크를 얼굴 전체에 고르게 밀착시킵니다. 2. 10-20분 후 마스크를 떼어낸 뒤 피부에 남은 에센스를 가볍게 두드려 흡수시켜 줍니다.",maskpack,Sheetpack
[대나무 비건시트/진정쿨링] 프리메이 그린 하트리프 앰플 마스크 10매,8910,제조일로부터 36개월,"1. 세안 후 토너로 피부결을 정돈해 줍니다. 2. 시트 부분을 눈, 코, 입 위치에 맞추어 얼굴 전체에 고르게 밀착시킵니다. 3. 약 10~20분 후 시트를 떼어 내고, 남은 액은 가볍게 두드려 흡수시킵니다.",maskpack,Sheetpack
[대나무 비건시트/피부광채] 프리메이 옐로우 비타민 앰플 마스크 10매,8910,제조일로부터 36개월,"1. 세안 후 토너로 피부결을 정돈해 줍니다. 2. 시트 부분을 눈, 코, 입 위치에 맞추어 얼굴 전체에 고르게 밀착시킵니다. 3. 약 10~20분 후 시트를 떼어 내고, 남은 액은 가볍게 두드려 흡수시킵니다.",maskpack,Sheetpack
[대나무 비건시트/탄력개선] 프리메이 핑크 콜라겐 앰플 마스크 10매,8910,제조일로부터 36개월,"1. 세안 후 토너로 피부결을 정돈해 줍니다. 2. 시트 부분을 눈, 코, 입 위치에 맞추어 얼굴 전체에 고르게 밀착시킵니다. 3. 약 10~20분 후 시트를 떼어 내고, 남은 액은 가볍게 두드려 흡수시킵니다.",maskpack,Sheetpack
어글리러블리 포테이토&만다린 마스크 8매 (+2매 증정기획),17900,개봉 후 즉시사용 / 개봉 전 36개월,"1) 세안 후 토너로 피부결을 정돈한 뒤 시트를 꺼내어 접힌 부분을 펼쳐 줍니다. 2) 눈, 코 부분부터 맞추어 얼굴 전체에 고르게 밀착시킵니다. 3) 10~20분 후에 떼어내고 피부 위에 남은 에센스를 손으로 가볍게 두드려 흡수시켜줍니다.",maskpack,Sheetpack
어글리러블리 수분 진정 포테이토 마스크 1매,3000,개봉 후 즉시사용 / 개봉 전 36개월,"1) 세안 후 토너로 피부결을 정돈한 뒤 시트를 꺼내어 접힌 부분을 펼쳐 줍니다. 2) 눈, 코 부분부터 맞추어 얼굴 전체에 고르게 밀착시킵니다. 3) 10~20분 후에 떼어내고 피부 위에 남은 에센스를 손으로 가볍게 두드려 흡수시켜줍니다.",maskpack,Sheetpack
어글리러블리 영양 보습 만다린 마스크 1매,3000,개봉 후 즉시사용 / 개봉 전 36개월,"1) 세안 후 토너로 피부결을 정돈한 뒤 시트를 꺼내어 접힌 부분을 펼쳐 줍니다. 2) 눈, 코 부분부터 맞추어 얼굴 전체에 고르게 밀착시킵니다. 3) 10~20분 후에 떼어내고 피부 위에 남은 에센스를 손으로 가볍게 두드려 흡수시켜줍니다.",maskpack,Sheetpack
[NEW] 피지오겔 사이언수티컬즈 데일리뮨 앰플 세럼 마스크팩 5매,19900,개봉전 36개월,"세안 후 피부결을 정돈해 준 후, 눈, 코 부분에 맞추어 얼굴 전체에 고르게 밀착시켜줍니다. 10~20분 후 떼어내고 피부 위에 남은 내용물을 흡수시켜줍니다.",maskpack,Sheetpack
[12억장돌파] 메디힐 더 NMF 앰플 마스크 오리지널 1매,1500,제조일로부터 36개월,1. 세안 후 화장수로 피부를 정돈해 줍니다. 마스크 시트를 꺼내 얼굴 모양에 맞춰 붙여 줍니다. 2. 약 10~20분 후 시트를 떼어내고 피부에 남아있는 에센스를 가볍게 두드려 흡수시켜 줍니다.,maskpack,Sheetpack
[12억장돌파] 메디힐 더 NMF 앰플 마스크 오리지널 10매,15000,제조일로부터 36개월,1. 세안 후 화장수로 피부를 정돈해 줍니다. 마스크 시트를 꺼내 얼굴 모양에 맞춰 붙여 줍니다. 2. 약 10~20분 후 시트를 떼어내고 피부에 남아있는 에센스를 가볍게 두드려 흡수시켜 줍니다.,maskpack,Sheetpack
프란츠 제트플러스 듀얼 마스크 시스템 2매 (온),28000,제조일로부터 3년,"1) 세안 후 인리칭 마스크를 눈과 입 부분에 맞추어 얼굴 전체에 고르게 밀착시킵니다. 2) 임파워링 마스크를 꺼내어 양쪽 돌출부(이온셀) 뒷면에 부스팅 에센스를 고르게 스며들도록 뿌려줍니다. 3) 돌출부가 바깥으로 향하게 해서 임파워링마스크를 얼굴에 부착된 인리칭 마스크 위에 덧붙여줍니다. * 약 20분 후 마스크를 떼어 내고, 피부를 손으로 가볍게 두드려 줍니다",maskpack,Sheetpack
프란츠 제트플러스 브라이트닝 듀얼 마스크 시스템 2매,19800,제조일로부터 3년,"1) 세안 후 인리칭 마스크를 눈과 입 부분에 맞추어 얼굴 전체에 고르게 밀착시킵니다. 2) 임파워링 마스크를 꺼내어 양쪽 돌출부(이온셀) 뒷면에 부스팅 에센스를 고르게 스며들도록 뿌려줍니다. 3) 돌출부가 바깥으로 향하게 해서 임파워링마스크를 얼굴에 부착된 인리칭 마스크 위에 덧붙여줍니다. * 약 20분 후 마스크를 떼어 내고, 피부를 손으로 가볍게 두드려 줍니다",maskpack,Sheetpack
[하이드로겔 마스크] 마몽드 플로라 글로우 로즈 마블팩 1매,4800,개봉 전 24개월 / 개봉 후 즉시,"1. 세안 후 토너로 피부결을 정돈해 줍니다. 2. 상, 하로 분리된 마스크 시트를 꺼내 필름을 제거하고, 상단은 눈을 중심으로 하단은 입을 중심으로 얼굴 모양에 맞춰 고르게 밀착시킵니다. 3. 약 20분 후 마스크를 떼어내고 피부에 남아있는 에센스를 가볍게 두드려 흡수시켜 줍니다.",maskpack,Sheetpack
[탄력/리프팅] 톡스앤필 콜라겐 인텐시브마스크 1매/5매,6000,제조일로부터 1095일,"세안 후, 깨끗한 피부에 시트 마스크를 눈과 입 위치에 맞추어 고르게 밀착 시킨 후, 턱부분을 고정하고 하단 시트를 양쪽 귀 앞으로 당겨 붙여줍니다. 10~20분 휴식 후 시트를 제거하고 남은 에센스를 가볍게 두드리며 흡수 시킵니다.",maskpack,Sheetpack
[3중 거즈 밀착케어] 피캄 언더포어 마스크팩 5매,20000,"제조일로부터 36개월, 개봉 후 즉시 사용",본 품을 피부에 붙이고 10~20분 후 남아있는 내용물을 가볍게 두드려 흡수시켜 줍니다.,maskpack,Sheetpack
[모공/밀착] VT 마일드 리들샷 50 2스텝 마스크 1매,1900,개봉 전 36개월,1. 세안 후 맨 얼굴에 STEP1 마일드 리들샷 50을 적당량 덜어 마사지하듯 러빙하여 펴 발라줍니다. 2. STEP1 마일드 리들샷 50 흡수 후 STEP2 리들샷 컴포트 마스크를 개봉하여 시트 한 장을 꺼내고 얼굴 형태에 맞추어 준 뒤 피부에 고르게 밀착될 수 있도록 부착시켜줍니다. 3. 약 10~20분 동안 휴식을 취한 뒤 마스크 시트를 제거하고 피부 위에 남은 에센스는 가볍게 두드려 흡수시켜줍니다.,maskpack,Sheetpack
구달 어성초 히알루론 수딩 젤리 마스크 1매,2000,개봉 전 36개월 / 개봉 후 즉시 사용,"1.세안 후 토너를 이용하여 피부를 정돈해 줍니다. 2.파우치를 개봉하여 시트를 얼굴에 맞게 골고루 부착합니다. 3.약 10~20분 후 마스크를 제거하고, 피부에 남은 에센스를 가볍게 두드려 흡수시켜 줍니다. TIP : 파우치 안에 남은 에센스는 얼굴에 한번 더 흡수시켜 주거나, 목,팔,다리 등의 몸에 발라주시면 촉촉한 피부로 케어할 수 있습니다.",maskpack,Sheetpack
[5매/비타민마스크] 닥터지 퓨어 비타민 마스크 5매 (탄력/비타민/수분보습),9000,개봉 전 36개월 / 개봉 후 즉시,본품을 피부에 붙이고 10~20분 후 지지체를 제거한 다음 남은 제품을 골고루 펴 바른다.,maskpack,Sheetpack
프리메이 비건 앰플 마스크 10매 5종 택 1,8910,제조일로부터 36개월,"1. 세안 후 토너로 피부결을 정돈해 줍니다. 2. 시트 부분을 눈, 코, 입 위치에 맞추어 얼굴 전체에 고르게 밀착시킵니다. 3. 약 10~20분 후 시트를 떼어 내고, 남은 액은 가볍게 두드려 흡수시킵니다.",maskpack,Sheetpack
설화수 윤조마스크 5매,54000,"제조일로부터 36개월, 개봉 후 12개월",1. 세안 후 피부결을 정돈한 다음 시트마스크를 얼굴 전체에 고르게 밀착시켜줍니다. 2. 약 10~20분간 편안한 휴식을 취한 후 시트마스크를 떼어냅니다. 3. 피부에 남아있는 에센스를 가볍게 롤링하여 흡수시켜줍니다,maskpack,Sheetpack
테라로직 피토세라 탄력 리프팅 마스크 4+1 기획,20000,제조일로부터,"1. 저녁 스킨케어로 토너, 앰플 사용 후 레틴A크림을 고민 부위 또는 얼굴 전체에 도포합니다. 2. 레틴A크림 사용 후 보습용 크림 제품을 발라주면 더욱 효과적입니다. 3. 다음날 약산성 클렌저로 세안, 자외선 차단제를 꼼꼼히 사용합니다. 4. 피부 민감한 날에는 크림 양을 줄이거나 사용을 멈춥니다.",maskpack,Sheetpack
[밀착코팅] 라운드랩 소나무 진정 시카 겔 마스크 5매 (온),14900,"제조일로부터 36개월, 개봉 후 즉시","세안 후, 토너로 피부 결을 정돈한 후 상/하 분리된 마스크의 양쪽 필름을 제거해 줍니다. 얼굴 모양에 맞게 고르게 부착한 후 20~30분 뒤 떼어내어 남은 내용물은 가볍게 두드려 흡수시켜 줍니다.",maskpack,Sheetpack
[6매/단독기획] 아비브 껌딱지 시트 마스크 수분초 히알루론 스티커 5매 (+1매 증정기획),10000,"제조일로부터 36개월, 개봉 후 즉시 사용","1. 세안 후 화장수로 피부를 깨끗이 정돈합니다. 2. 본 제품을 개봉해 마스크를 눈과 입주위를 제외한 얼굴 전체에 고르게 위치시킨 후, 본인의 얼굴에 맞게 팩을 살짝 늘려 밀착시킵니다. 3. 10~20분 정도 후에 마스크를 떼어냅니다. 4. 피부 위에 남은 내용물을 가볍게 두드려 흡수 시켜 줍니다.",maskpack,Sheetpack
[붙이는 스킨부스터] 아로셀 보툴케어 그래핀 마스크 5매,21500,제조일로부터 3년,파우치 개봉 후 본품을 피부에 붙이고 약 10~20분 후 제거한 뒤 남은 잔여물을 골고루 발라줍니다.,maskpack,Sheetpack
더마픽스 슬로우 에이징 리프트업 마스크 1매,3200,"제조일로부터 1,095일",Step1) 세안 후 토너로 피부 결을 정돈해 줍니다. Step2) 파우치에서 더마픽스 슬로우 에이징 리프트업 마스크를 꺼내 지지체를 제거하여 그물 원단을 얼굴에 맞게 부착해 줍니다. ※ 더마픽스 슬로우 에이징 312샷 니들 롤러를 이용하여 롤링 스팟 마사지 팁에 따라 부드럽게 마사지 해주면 혈행 개선에 도움을 줍니다. Step3) 약 10~20분 후 마스크를 제거하고 피부에 남은 에센스를 가볍게 흡수시켜줍니다.,maskpack,Sheetpack
더마픽스 슬로우 에이징 리프트업 마스크 4매 (+1매 증정기획),15600,"제조일로부터 1,095일",Step1) 세안 후 토너로 피부 결을 정돈해 줍니다. Step2) 파우치에서 더마픽스 슬로우 에이징 리프트업 마스크를 꺼내 지지체를 제거하여 그물 원단을 얼굴에 맞게 부착해 줍니다. ※ 더마픽스 슬로우 에이징 312샷 니들 롤러를 이용하여 롤링 스팟 마사지 팁에 따라 부드럽게 마사지 해주면 혈행 개선에 도움을 줍니다. Step3) 약 10~20분 후 마스크를 제거하고 피부에 남은 에센스를 가볍게 흡수시켜줍니다.,maskpack,Sheetpack
[코어 리프팅] 메디톡스 뉴라덤 리페어 리프팅 크림 마스크팩 5매,27600,제조일로부터 24개,"1. 세안 후 토너로 피부 결을 정돈한 후 3피스로 분리된 마스크팩을 꺼내 필름을 제거 합니다. 2. 상단은 눈을 중심으로, 하단은 입을 중심으로 얼굴과 목에 맞춰 밀착 시켜줍니다. 3. 20분 후 마스크를 떼어낸 다음 남은 크림을 손으로 두드려 흡수시켜 줍니다.",maskpack,Sheetpack
[탄력엑소좀+코팅시트] 메디톡스 뉴라덤 리페어 리프팅 크림 마스크팩 1매/5매,6800,제조일로부터 24개,"1. 세안 후 토너로 피부 결을 정돈한 후 3피스로 분리된 마스크팩을 꺼내 필름을 제거 합니다. 2. 상단은 눈을 중심으로, 하단은 입을 중심으로 얼굴과 목에 맞춰 밀착 시켜줍니다. 3. 20분 후 마스크를 떼어낸 다음 남은 크림을 손으로 두드려 흡수시켜 줍니다.",maskpack,Sheetpack
[주름방지 펩타이드] 메디톡스 뉴라덤 에이지디펜스 바이오 마스크팩 5매,33000,제조일로부터 24개월,"1. 세안 후 마스크를 꺼내어 양면의 메쉬를 제거한 뒤 얼굴에 맞게 잘 붙입니다. 2. 약 20분 후 마스크를 떼어낸 다음, 피부에 남은 앰플을 손으로 두드려 흡수시켜 줍니다.",maskpack,Sheetpack
[2주 기미/잡티 삭제] 메디톡스 뉴라덤 하이드로 브라이트닝 마스크팩 1매/5매 (하이드로겔),27600,제조일로부터 30개월,"1. 세안 후 토너로 피부결을 정돈한 후 상, 하로 분리된 마스크팩을 꺼내 필름을 제거합니다. 2. 매끈한 면이 얼굴에 닿도록 상단은 눈을 중심으로, 하단은 입을 중심으로 얼굴에 맞춰 밀착시켜줍니다. 3. 약 30분 후 마스크를 떼어낸 다음 남은 앰플을 손으로 두드려 흡수시켜줍니다.",maskpack,Sheetpack
[진정 엑소좀] 메디톡스 뉴라덤 딥 카밍 마스크팩 5매,33000,제조일로부터 36개월,"1. 세안 후 토너로 피부 결을 정돈한 후 마스크팩을 꺼내 얼굴에 맞춰 밀착 시켜줍니다. 2. 약 10-20분 후 마스크를 떼어낸 다음 남은 앰플을 손으로 두드려 흡수시켜줍니다. 사용 Tip : 파우치에 남은 앰플은 보습이 필요한 팔, 다리 등 다양한 부위에 사용하세요!",maskpack,Sheetpack
[SOS 응급진정] 메디톡스 뉴라덤 딥 카밍 마스크팩 1매/5매,5800,제조일로부터 36개월,1. 세안 후 토너로 피부 결을 정돈한 후 마스크팩을 꺼내 얼굴에 맞춰 밀착 시켜줍니다. 2. 약 10-20분 후 마스크를 떼어낸 다음 남은 앰플을 손으로 두드려 흡수시켜줍니다.,maskpack,Sheetpack
제나벨 PDRN 리쥬비네이팅 마스크팩 5매,11690,제조 후 3년/ 개봉 후 즉시,"1.세안 후 피부 결을 정돈한 후 마스크를 꺼내어 접힌 부분을 완전히 펼쳐줍니다. 2.눈,코,입 부분을 먼저 맞춘 다음 피부에 밀착되도록 고르게 잘 붙여줍니다. 3.약 10~20분간 편안한 휴식을 취한 후 마스크를 떼어내고 얼굴에 남아있는 에센스를 두드려 흡수시켜 줍니다.",maskpack,Sheetpack
에르쯔틴 리제너레이티브 실트 마스크 5매,15000,제조일로부터 36개월,세안 후 토너로 피부 결을 정돈한 후 마스크를 꺼내어 필름을 제거해 줍니다. 피부에 잘 밀착되도록 상단 마스크는 눈을 중심으로 부드럽게 부착합니다. 하단 마스크는 입을 중심으로 부드럽게 볼 쪽으로 끌어올리면서 부착합니다. 10~20분 후 시트를 떼어내고 피부에 남아 있는 크림은 가볍게 두드려 흡수 시킵니다.,maskpack,Sheetpack
메디힐 더마 앰플 마스크 10매 3종 택 1 (광채미백/매끈결광/탄력볼륨),15000,제조일로부터 36개월,1. 세안 후 화장수로 피부를 정돈해 줍니다. 마스크 시트를 꺼내 얼굴 모양에 맞춰 붙여 줍니다. 2. 약 10~20분 후 시트를 떼어내고 피부에 남아있는 에센스는 가볍게 두드려 흡수시켜 줍니다.,maskpack,Sheetpack
[반쪽모공] 한율 보들은행잎 모공핏 마스크 1매,12800,개봉전 36개월 개봉후12개월,1.세안 후 피부결을 정돈해줍니다. 2. 이지필 형태의 파우치 상단 모서리 부분 앞뒤면을 양쪽으로 잡아 간편하게 개봉해줍니다. *개봉 후 시트의 한쪽면 손잡이를 잡아 마스크끼리 붙지 않게 잘 펼쳐줍니다. 3. 코를 중심으로 눈아래 이어지는 양볼까지 얼굴 중안부 부위에 시트를 밀착시켜 줍니다. 4. 겔시트로 밀착 후 모공이 차갑게 쿨링되면서 조여집니다. 시트가 얇아지면서 건조해지면 필오프로 제거해주세요. 5. 세럼 또는 크림으로 얼굴 전체 스킨케어를 마무리해줍니다.,maskpack,Sheetpack
더샘 내추럴 마스크팩 1매 (병풀/오이/쌀/아보카도/티트리 5종 택 1),1200,제조일로부터 30개월 / 개봉후 즉시,"1. 세안후 토너로 피부결을 정돈해줍니다. 2. 파우치를 개봉한 다음 시트를 꺼내어 눈,코 부분부터 맞추어 얼굴 전체에 고르게 밀착시켜 줍니다. 3. 10분~20분정도 후 마스크를 떼어내고 남은 에센스를 가볍게 두드려 흡수시켜 줍니다.",maskpack,Sheetpack
아이다 프로폴리스 바이옴 마스크 카밍에너지 5매,23500,24개월(사용 후 즉시),"세안 후 토너로 피붓결을 정돈한 뒤, 시트를 눈과 입 중앙에 잘 맞추어 30분간 부착해주세요.",maskpack,Sheetpack
아이다 프로폴리스 바이옴 마스크 카밍에너지 1매,4800,24개월(사용 후 즉시),"세안 후 토너로 피붓결을 정돈한 뒤, 시트를 눈과 입 중앙에 잘 맞추어 30분간 부착해주세요.",maskpack,Sheetpack
아이다 글루타치온 브라이트닝 마스크-토닝 이펙트 1매,7500,24개월(사용 후 즉시),"세안 후 토너로 피붓결을 정돈한 뒤, 시트를 눈과 입 중앙에 잘 맞추어 30분간 부착해주세요.",maskpack,Sheetpack
에필로우 시트 마스크 10매 [결가드닝/속건조 다도/진정 마음챙김] 3종 중 택1,15800,"제조일로부터 3년, 개봉 후 즉시 사용","1) 세안 후 마스크를 얼굴에 고르게 밀착시킵니다. 2) 10~20분 동안 부탁 후 마스크를 제거하고, 남은 에센스는 두드려 흡수시켜줍니다.",maskpack,Sheetpack
[8중 히알루론/깊은보습] 프리메이 블루 모이스춰 앰플 마스크 10매,8910,제조일로부터 36개월,"1. 세안 후 토너로 피부결을 정돈해 줍니다. 2. 시트 부분을 눈, 코, 입 위치에 맞추어 얼굴 전체에 고르게 밀착시킵니다. 3. 약 10~20분 후 시트를 떼어 내고, 남은 액은 가볍게 두드려 흡수시킵니다.",maskpack,Sheetpack
[NEW] 스킨푸드 무화과 비건 콜라겐 하이드로겔 마스크 5매,22750,제조연월 : 발송일로부터 1년이내 제조 / 사용기한 : 제조일로부터 24개월,"상, 하로 분리된 마스크팩을 꺼내 필름을 제거한 후, 얼굴에 맞춰 잘 붙여 약 30분 동안 사용해 주세요.",maskpack,Sheetpack
"[4매입] 메디힐 스피큘 모공 탄력 시스템 1,2",15600,제조 후 36M,1. 세안 후 STEP 1 스피큘 더마 앰플을 덜어 마사지하듯 롤링하며 펴 발라줍니다. ※ 개인의 피부 상태에 따라 따끔함의 차이가 있을 수 있습니다. 2. 앰플을 흡수한 후 상/하로 분리된 STEP 2 스피큘 더마 겔 마스크를 꺼내 양쪽 필름을 제거하고 얼굴 모양에 맞춰 붙여 줍니다. 3. 약 30분간 유효성분이 흡수되면서 투명해지는 겔 마스크를 떼어낸 후 피부에 남아있는 에센스를 가볍게 두드려 흡수시켜 줍니다. ※ 피부 상태에 따라 겔 마스크가 투명해지는데 40분 이상 소요될 수 있습니다.,maskpack,Sheetpack
러븀 애프터 글로우 유자 겔 마스크 3매,11900,"제조일로부터 2년 , 개봉 후 12개월",1. 마스크를 꺼내어 얼굴 모양에 맞게 얼굴 전체에 고르게 밀착시켜  줍니다. 2. 40분가량이 지난 후 떼어줍니다. (개인에 따라서 사용시간을 조절해주셔도 됩니다) 3. 다음 날 아침 티 없이 투명하고 맑은 피부를 확인하세요.,maskpack,Sheetpack
[NEW] 라운드랩 비타 나이아신 잡티 세럼 마스크 1매 (온),2000,"개봉전 36개월, 개봉후 즉시 사용","세안 후 토너로 피부 결을 정돈해 줍니다. 시트를 꺼내어 눈, 코 부분부터 맞추어 얼굴 전체에 고르게 밀착시킵니다. 10~20분 후 시트를 떼어내고 피부 위에 남은 내용물은 가볍게 손으로 두드려 흡수시킵니다.",maskpack,Sheetpack
[NEW] 라운드랩 비타 나이아신 잡티 세럼 마스크 10매 (온),40000,"개봉전 36개월, 개봉후 즉시 사용","세안 후 토너로 피부 결을 정돈해 줍니다. 시트를 꺼내어 눈, 코 부분부터 맞추어 얼굴 전체에 고르게 밀착시킵니다. 10~20분 후 시트를 떼어내고 피부 위에 남은 내용물은 가볍게 손으로 두드려 흡수시킵니다.",maskpack,Sheetpack
구달 어성초 히알루론 수딩 젤리마스크 9매 기획 (+1매),15900,개봉 전 36개월 / 개봉 후 즉시 사용,"사용방법 1. 세안 후 토너를 이용하여 피부를 정돈해 줍니다. 2. 마스크를 꺼내어 얼굴에 맞게 골고루 밀착합니다. 3. 약 10~20분 후 마스크를 제거하고, 피부에 남은 에센스를 가볍게 두드려 흡수시켜 줍니다. 용법용량 본품을 피부에 붙이고 10~20분 후 지지체를 제거한 다음 남은 제품을 골고루 펴바른다.",maskpack,Sheetpack
피토메르 올리고포스 이드라땅 마스크 1매,6500,"개봉 전 36개월, 개봉 후 즉시 사용",마스크를 꺼내 얼굴 모양에 맞게 부착한 뒤 10~20분 후 남아있는 잔여물을 골고루 흡수시켜줍니다.,maskpack,Sheetpack
피토메르 올리고포스 이드라땅 마스크 4매 기획,28000,"개봉 전 36개월, 개봉 후 즉시 사용",마스크를 꺼내 얼굴 모양에 맞게 부착한 뒤 10~20분 후 남아있는 잔여물을 골고루 흡수시켜줍니다.,maskpack,Sheetpack
[NEW/탱글밀착] 라운드랩 동백 딥 콜라겐 탄력 겔 마스크 4매 (온),14400,"제조일로부터 36개월, 개봉 후 즉시",세안 후 토너로 피부 결을 정돈한 후 상/하 분리된 마스크의 양쪽 필름을 제거해 줍니다. 얼굴 모양에 맞춰 고르게 부착한 후 20~30분 뒤 떼어내어 남은 내용물은 가볍게 두드려 흡수시켜 줍니다.,maskpack,Sheetpack
[3일1팩]LBB 인텐시브 케어 인 세럼 마스크 1box (5매),30000,제조일로부터 36개월 / 개봉 후 바로 사용 권장,"1. 세안 후, 토너로 피부결을 정돈해 줍니다. 시트를 꺼내어 눈과 입 주위를 제외한 얼굴 전체에 고르게 밀착시킵니다. 2. 10~20분 후에 시트를 떼어내고 피부에 남아있는 내용물을 가볍게 두드려 흡수시킵니다.",maskpack,Sheetpack
[1등 스킨부스터 팩] 메디톡스 뉴라덤 클리닉 마스크팩 1매 (4종 택1),6800,제조일로부터 24개월,"1. 세안 후 토너로 피부 결을 정돈한 후 3피스로 분리된 마스크팩을 꺼내 필름을 제거 합니다. 2. 상단은 눈을 중심으로, 하단은 입을 중심으로 얼굴과 목에 맞춰 밀착 시켜줍니다. 3. 20분 후 마스크를 떼어낸 다음 남은 크림을 손으로 두드려 흡수시켜 줍니다.",maskpack,Sheetpack
[1등 스킨부스터 팩] 메디톡스 뉴라덤 클리닉 마스크팩 5매 (4종 택1),33000,제조일로부터 24개월,"1. 세안 후 토너로 피부 결을 정돈한 후 3피스로 분리된 마스크팩을 꺼내 필름을 제거 합니다. 2. 상단은 눈을 중심으로, 하단은 입을 중심으로 얼굴과 목에 맞춰 밀착 시켜줍니다. 3. 20분 후 마스크를 떼어낸 다음 남은 크림을 손으로 두드려 흡수시켜 줍니다.",maskpack,Sheetpack
[수분결광] 비비드로우 바오밥 하이드로 젤리 아이싱 마스크 10매 (온),40000,30개월 (개봉 후 즉시),1) 세안 후 토너로 피부 결을 정돈해 줍니다. 마스크를 꺼내어 얼굴에 고르게 부착시킵니다. 2) 약 10~20분 후 마스크를 떼어내고 피부에 남아 있는 에센스를 가볍게 두드려 흡수시켜줍니다.,maskpack,Sheetpack
[겔마스크] 메디힐 하이퍼 마스크 4매 2종 택 1 [콜라겐/히알루론산],13200,제조 후 36M,"1. 세안 후 화장수로 피부를 정돈한 뒤, 상·하로 분리된 마스크 시트의 필름을 떼어 줍니다. 2. 시트의 하단을 입을 중심으로 얼굴 모양에 맞춰 붙여주고, 상단은 눈을 중심으로 얼굴 모양에 맞춰 붙여 줍니다. 3. 약 30분 후, 시트를 떼어내고 피부에 남아있는 에센스를 가볍게 두드려 흡수시켜 줍니다. *마스크 시트가 투명해지는 시간은 개인차가 있을 수 있습니다.",maskpack,Sheetpack
하우스오브비 글루타치온 페이스필름 1매,8500,제조일로부터 36개월 (개봉 후 즉시 사용),"1) 상단부를 뜯어 1제 앰플 마스크를 피부에 도포해 주세요 * 꼭 1제 앰플 마스크를 먼저 도포하세요. 2) 하단부 필름을 뜯어 양쪽의 투명 지지체를 제거한 후 일체형 필름의 눈 위치에 맞추어 상단을 부착합니다. * 피부 투과력을 높인 생체 친화적 필름으로, 과도하게 당기거나 긴 손톱, 날카로운 물건 등이 닿으면 찢어질 수 있으니 섬세하게 부착해 주세요. 3) 볼 아래 부위의 하단부 필름을 끌어올리듯 밀착하여 붙여줍니다. 4)짧으면 1시간, 길면 3시간까지 휴식을 취해 주세요. 드라마틱하게 충전되는 피부 컨디션을 느끼실 수 있습니다.",maskpack,Sheetpack
VT 피디알엔 하이드로겔 마스크 1매,3000,제조일로부터 3년 / 개봉 후 즉시 사용,"1. 세안 후 피부결을 정돈해줍니다. 2. 마스크를 꺼내어 눈 주위를 중심으로 얼굴 모양에 맞게 시트를 얼굴에 밀착시킵니다. 3. 약 20~40분간 부착한 후, 떼어내줍니다. 4. 마스크를 떼어내고 남은 에센스를 피부에 흡수시켜 줍니다. TIP. 피디알엔 하이드로겔 마스크의 특별한 효과를 경험하시려면 2~3시간 정도 붙여주세요.",maskpack,Sheetpack
[NEW/밀도천재] SNP 리얼 액티브 브라이트닝 앰플 마스크 10매,18900,제조일로부터 3년(개봉후1년),"세안 후 화장수로 피부결을 정돈한 뒤 마스크를 꺼내어 눈과 입의 위치를 맞춘 다음, 잘 밀착되도록 부착합니다. 20~30분뒤 마스크를 제거하고, 남은 에센스를 두드려 흡수시킵니다.",maskpack,Sheetpack
[NEW/밀도천재]  SNP 리얼 액티브 앰플 마스크 10매 3종 택1,18900,제조일로부터 3년(개봉후1년),"세안 후 화장수로 피부결을 정돈한 뒤 마스크를 꺼내어 눈과 입의 위치를 맞춘 다음, 잘 밀착되도록 부착합니다. 20~30분뒤 마스크를 제거하고, 남은 에센스를 두드려 흡수시킵니다.",maskpack,Sheetpack
[NEW/밀도천재] SNP 리얼 액티브 퍼밍 앰플 마스크 10매,18900,제조일로부터 3년(개봉후1년),"세안 후 화장수로 피부결을 정돈한 뒤 마스크를 꺼내어 눈과 입의 위치를 맞춘 다음, 잘 밀착되도록 부착합니다. 20~30분뒤 마스크를 제거하고, 남은 에센스를 두드려 흡수시킵니다.",maskpack,Sheetpack
아이디플라코스메틱 페이스핏 플러스 패치 V3 4매,33800,제조일자로 부터 36개월,"1. 세안 후 화장수로 피부 결을 정돈해줍니다. 2. STEP1 파우치를 개봉하여 케이스를 꺼내줍니다. 3. 케이스의 뚜껑을 열어 평평한 부분이 피부에 잘 밀착되도록 부드럽게 붙여줍니다. 4. 이마, 팔자, 볼, 눈가 등 관리가 필요한 부위에 부착하여 줍니다. 5. STEP2 MCS(미세전류자극)패치를 각 마스크 패치 위에 붙여줍니다. 6. 20~30분 후 패치를 제거하고 피부에 남아있는 내용물은 가볍게 두드려 흡수시켜 줍니다.",maskpack,Sheetpack
아이디플라코스메틱 더마스틱 브라이트닝핏 마스크 5매 (온),11900,제조일자로 부터 36개월,1. 세안 후 토너를 이용하여 피부를 정돈해 줍니다. 2. 파우치를 개봉하여 지지체를 제거한 후 얼굴 전체에 알맞게 밀착시켜 줍니다. 3. 10-20분 후 마스크를 떼어내고 피부에 남은 내용물을 가볍게 두드려 흡수시켜 줍니다.,maskpack,Sheetpack
아이디플라코스메틱 더마스틱 워터핏 마스크 5매 (온),11900,제조일자로 부터 36개월,1. 세안 후 토너를 이용하여 피부를 정돈해 줍니다. 2. 파우치를 개봉하여 지지체를 제거한 후 얼굴 전체에 알맞게 밀착시켜 줍니다. 3. 10-20분 후 마스크를 떼어내고 피부에 남은 내용물을 가볍게 두드려 흡수시켜 줍니다.,maskpack,Sheetpack
아이디플라코스메틱 더마스틱 카밍핏 마스크 5매 (온),11900,제조일자로 부터 36개월,1. 세안 후 토너를 이용하여 피부를 정돈해 줍니다. 2. 파우치를 개봉하여 지지체를 제거한 후 얼굴 전체에 알맞게 밀착시켜 줍니다. 3. 10-20분 후 마스크를 떼어내고 피부에 남은 내용물을 가볍게 두드려 흡수시켜 줍니다.,maskpack,Sheetpack
[모공쿨링]메디앤서 포어 콜라겐 나노샷 마스크 5매,16500,36개월,① 세안 후 토너로 피부결을 정돈한 다음 상@하로분리된 마스크팩을 꺼내 필름을 제거합니다. ② 상단은 눈을 중심으로@하단은 입을 중심으로 얼굴에 맞춰 잘 붙여줍니다. ③ 약 30분 후 마스크를 떼어낸 다음 남은 내용물은 손으로 두드려 흡수시켜 줍니다. ※마스크가 투명해지는 시간은 개인차가 있을 수 있습니다...,maskpack,Sheetpack
바이오던스 래디언트 비타 나이아신아마이드 리얼 딥 마스크 1매,5000,제조일로부터 36개월,스킨케어를 끝낸 피부에 마스크를 얹어 3~4시간 가량 흡수시켜준 뒤 떼어냅니다. tip. 스킨케어 마지막 단계에 사용하여 수면팩으로 사용해 주시면 더욱 더 효과적입니다.,maskpack,Sheetpack
아이디플라코스메틱 리얼애프터케어 마스크 5매,13900,제조일자로 부터 36개월,"1. 세안 후 토너로 피부결을 정돈해줍니다. 2. 마스크 앞/뒤 양면의 필름 중 한 장을 먼저 제거합니다. 3. 제거한 쪽의 마스크를 얼굴에 알맞게 부착하고 겉에 남은 한 장의 필름을 제거합니다. 4. 7~10분 후 마스크를 제거하고 남아있는 에센스는 가볍게 두드려 흡수시켜 줍니다. * 바이오 셀룰로오스 마스크는 코코넛 과일수를 발효하여 제조되어, 두께나 색상에 차이가 있을 수 있으며 코코넛 과일수 발효 향이 날 수 있습니다",maskpack,Sheetpack
[광채탄력/대용량]메디앤서 비타 콜라겐 나노샷 마스크 10매,31000,36개월,"① 세안 후 토너로 피부결을 정돈한 다음 상, 하로분리된 마스크팩을 꺼내 필름을 제거합니다. ② 상단은 눈을 중심으로, 하단은 입을 중심으로 얼굴에 맞춰 잘 붙여줍니다. ③ 약 30분 후 마스크를 떼어낸 다음 남은 내용물은 손으로 두드려 흡수시켜 줍니다. ※마스크가 투명해지는 시간은 개인차가 있을 수 있습니다.",maskpack,Sheetpack
더랩바이블랑두 그린 플라보노이드 2.0 마스크 10매,17000,개봉 후 즉시 사용/ 제조일로부터 36개월,"1. 세안 후 토너를 사용하여 피부결을 정돈합니다. 2. 본 제품을 개봉하여 눈과 입 주위를 제외한 얼굴 전체에 고르게 밀착시켜줍니다. 3. 약 15분 정도 후, 마스크를 떼어냅니다. 4. 얼굴에 남은 에센스는 가볍게 두드려 흡수시켜줍니다.",maskpack,Sheetpack
[8월 올영픽/한정기획] 피지오겔 사이언수티컬즈 데일리뮨 앰플 마스크팩 3+1매,10800,개봉전 36개월,"세안 후 피부결을 정돈해 준 후, 눈, 코 부분에 맞추어 얼굴 전체에 고르게 밀착시켜줍니다. 10~20분 후 떼어내고 피부 위에 남은 내용물을 흡수시켜줍니다.",maskpack,Sheetpack
톰 스마트 베일 글로우 실러 마스크 6매,79200,제조일로부터 30개월,"1. 파란색 보호필름을 제거한 부분을 얼굴에 닿도록 하여 들뜨는 부분 없이 손으로 잘 밀착시키고, 톰 실리콘 브러쉬 터치로 한 번 더 마스크를 초밀착 시켜주세요. 2. 톰 실리콘 브러쉬에 크림 마스크(3제)를 조금 묻혀서, 흰색 시트 위에 브러쉬질을 해주시면 마스크가 훨씬 더 잘 붙습니다. 3. 흰색 시트가 자연스럽게 들뜨면서 분리되면 가장자리에서부터 수평 방향으로 천천히 흰색 시트를 떼어내 주세요. 4. 상품상세설명 참조",maskpack,Sheetpack
[NEW] 스킨푸드 샤인머스캣 시카 바하 마스크시트 10매,15000,제조연월 : 발송일로부터 1년이내 제조 / 사용기한 : 제조일로부터 36개월,"1. 세안 후, 화장수로 피부 결을 정돈해줍니다. 2. 마스크를 얼굴 전체에 고르게 밀착시킵니다. 3. 20~30분 후 시트를 떼어내고, 남은 에센스는 가볍게 두드려 흡수시킵니다.",maskpack,Sheetpack
[4매입] 메디큐브 PDRN/코직 애씨드 겔 마스크팩 2종 택1,16900,"개봉전 24개월, 개봉후 즉시 사용","1. 세안 후 토너를 사용하여 피부결을 정돈해 줍니다. 2. 파우치를 개봉하여 얼굴 상,하단 마스크의 필름 제거 후 상단은 눈을 중심으로, 하단은 입을 중심으로 얼굴에 맞추어 부착해 줍니다. 3. 팩 부착 후 시트가 투명해지면 떼어내어 줍니다. 4. 피부에 남은 에센스를 손으로 두드려 흡수시켜 줍니다. * 마스크가 투명해지는 시간은 개인차가 있을 수 있습니다.",maskpack,Sheetpack
[붙이는 세럼팩] 아렌시아 홀리 히솝 마스크팩 1매,2000,사용 기한 3년 / 개봉 후 즉시 사용,세안 후 마스크를 얼굴에 고르게 붙여 밀착합니다. 15~20분 뒤 마스크를 떼어내고 남은 세럼을 가볍게 두드려 흡수시킵니다.,maskpack,Sheetpack
[티니핑 에디션] 구달 어성초 히알루론 수딩 젤리 마스크 4매 기획,6900,개봉 전 36개월 / 개봉 후 즉시 사용,"1.세안 후 토너를 이용하여 피부를 정돈해 줍니다. 2.파우치를 개봉하여 시트를 얼굴에 맞게 골고루 부착합니다. 3.약 10~20분 후 마스크를 제거하고, 피부에 남은 에센스를 가볍게 두드려 흡수시켜 줍니다. TIP : 파우치 안에 남은 에센스는 얼굴에 한번 더 흡수시켜 주거나, 목,팔,다리 등의 몸에 발라주시면 촉촉한 피부로 케어할 수 있습니다.",maskpack,Sheetpack
피지오겔 사이언수티컬즈 데일리뮨 앰플 세럼 마스크 1매,8000,개봉전 36개월,"세안 후 피부결을 정돈해 준 후, 눈, 코 부분에 맞추어 얼굴 전체에 고르게 밀착시켜줍니다. 10~20분 후 떼어내고 피부 위에 남은 내용물을 흡수시켜줍니다.",maskpack,Sheetpack
[NEW/진정수분]메디앤서 카밍 콜라겐 나노샷 마스크 5매,16500,36개월,"① 세안 후 토너로 피부결을 정돈한 다음 상, 하로분리된 마스크팩을 꺼내 필름을 제거합니다. ② 상단은 눈을 중심으로, 하단은 입을 중심으로 얼굴에 맞춰 잘 붙여줍니다. ③ 약 30분 후 마스크를 떼어낸 다음 남은 내용물은 손으로 두드려 흡수시켜 줍니다. ※마스크가 투명해지는 시간은 개인차가 있을 수 있습니다.",maskpack,Sheetpack
이니스프리 비타민C 그린티 엔자임 세럼 겔 마스크 5매 기획 (+1매 증정),14400,제조일로부터 36개월 / 개봉후 즉시,본품을 피부에 붙이고 10~20분 후 지지체를 제거한 다음 남은 제품을 골고루 펴 바른다.,maskpack,Sheetpack
리얼베리어 레티니올 모공 타이트닝 세럼 겔 마스크 30g,3000,"개봉 전 제조일로부터 30개월간, 개봉 후 즉시","1. 세안 후 토너로 피부 결을 정돈한 후, 상∙하로 분리된 마스크를 꺼내 양쪽 필름을 제거합니다. 2. 올록볼록한 엠보 면이 피부에 닿도록 상단은 눈을 중심으로, 하단은 입을 중심으로 얼굴에 맞춰 밀착시켜 줍니다. 3. 약 30~40분 뒤 마스크를 떼어내고 남아있는 내용물은 가볍게 두드려 흡수시켜 줍니다. 피부상태에 따라 방치 시간을 조절해 줍니다. TIP. 눈, 입에서 떼어낸 조각을 피부가 얇은 입가, 눈가 등에 붙여 집중케어 해보세요.",maskpack,Sheetpack
이니스프리 비타민C 그린티 엔자임 세럼 겔 마스크 1매,2880,제조일로부터 36개월 / 개봉후 즉시,본품을 피부에 붙이고 10~20분 후 지지체를 제거한 다음 남은 제품을 골고루 펴 바른다.,maskpack,Sheetpack
스킨푸드 마스크시트 1매 6종 중 택1,1500,제조연월 : 발송일로부터 1년이내 제조 / 사용기한 : 제조일로부터 36개월,"사용방법 1. 세안 후, 화장수로 피부 결을 정돈해줍니다. 2. 마스크를 얼굴 전체에 고르게 밀착시킵니다. 3. 20~30분 후 시트를 떼어내고, 남은 에센스는 가볍게 두드려 흡수시킵니다.",maskpack,Sheetpack
[NEW] 스킨푸드 블루 캐모마일 히알루로닉 마스크시트 10매,15000,제조연월 : 발송일로부터 1년이내 제조 / 사용기한 : 제조일로부터 36개월,"1. 세안 후, 화장수로 피부 결을 정돈해줍니다. 2. 마스크를 얼굴 전체에 고르게 밀착시킵니다. 3. 20~30분 후 시트를 떼어내고, 남은 에센스는 가볍게 두드려 흡수시킵니다.",maskpack,Sheetpack
[NEW/즉각수분쿨링] 레드 블레미쉬 히알 시카 쿨링 겔 마스크 1매,4000,제조일로부터 30개월,"1. 세안 후 토너로 피부결을 정돈한 다음 상, 하로 분리된 마스크팩을 꺼내 필름을 제거합니다. 2. 상단은 눈을 중심으로, 하단은 입을 중심으로 얼굴에 맞춰 잘 붙여줍니다. (하단을 먼저 붙이면 밀착력이 더욱 좋습니다.) 3. 약 30분 후, 주요 성분이 흡수되면서 투명해진 겔 마스크를 떼어내고, 남은 에센스는 가볍게 두드려 흡수시켜 줍니다. (마스크가 투명해지는 시간은 피부 타입에 따라 30분에서 1시간 이상 차이가 있을 수 있습니다.) * 한 번 사용한 제품은 재사용하지 마십시오. * 밀착력이 좋은 초슬림 시트로 손톱에 의해 겔시트가 찢어질 수 있으니 사용 시 주의하십시오.",maskpack,Sheetpack
[NEW] 구달 청귤 비타C 잡티 흔적 케어 겔 마스크 1매,3000,- 개봉전 : 36개월  - 개봉후: 즉시사용,1. 파우치를 개봉하여 얼굴 하단 마스크의 필름을 제거해 줍니다. 2. 입을 중심으로 얼굴 모양에 맞게 붙여주고 턱 아랫부분은 절취선을 따라 뜯어낸 후 턱 밑부터 턱 라인에 맞춰 끌어올리듯 붙여줍니다. 3. 얼굴 상단 마스크의 필름을 제거한 후 눈을 중심으로 맞추어 붙여줍니다. 4. 약 20~40분 후 떼어내어 피부에 남은 에센스를 가볍게 흡수시켜 줍니다.,maskpack,Sheetpack
[7+1매] 바이오던스 리프레싱 씨 켈프 리얼 딥 마스크 7매 기획 (+콜라겐 1매 증정),29900,제조일로부터 36개월,"1. 세안 후 피부 결을 정돈하고, 스킨케어를 마친 뒤 마스크의 필름을 제거하고 부착합니다. 2. 팩을 부착한 후 투명해질 때까지 기다렸다 팩이 투명해지면 떼어내 줍니다. TIP : 모든 기초 스킨케어를 마친 후 수면팩으로 활용하거나 최소 3시간 이상 부착하여 더욱 특별한 효과를 경험해 보세요.",maskpack,Sheetpack
[NEW]닥터자르트 브라이타민 브라이트닝 플럼핑 마스크 1매,5500,36개월(상품 발송 시 기준으로 사용기간 12개월 이상 제품을 발송),1번 점선을 따라 접습니다. 2번 점선도 함께 접습니다. 에센스와 시트 마스크 사이의 밀봉이 터지도록 3번 아이콘을 세게 누릅니다. 에센스를 모두 짜서 시트 마스크에 흡수시킵니다. 마스크가 완전히 젖을 때까지 문지릅니다. 마스크를 1-2분간 그대로 둡니다. 파우치를 열고 마스크를 얼굴에 붙입니다. 10-15분 후 떼어내고 남은 양을 피부에 부드럽게 펴 바릅니다.,maskpack,Sheetpack
[모공탄력] 베이스킨 로즈 워터 콜라겐 마스크 5매,24500,제조일로부터 30개월(개봉 즉시),본 품을 피부에 약 30분간 부착하고 떼어내어 피부에 남아있는 내용물을 고르게 펴 발라줍니다.,maskpack,Sheetpack
[8월올영픽] 오휘 프라임 어드밴서 디에이징 PDRN 콜라겐 겔프팅 마스크 (1매/4매 택1),6300,"개봉전 제조일로부터 36개월, 유통기한 개봉후 12개월","1. 세안 후 토너로 피부결을 정돈합니다 2. 상단 시트의 간지를 제거한 뒤 얼굴에 잘 부착합니다. 3. 하단 시트의 투명 필름을 먼저 떼어냅니다.4. 투명 필름이 제거된 면을 피부 쪽으로 향하도록 한 뒤, 가운데 홈이 아래로 오게 하여 마스크 중앙을 턱에 고정 후 한 쪽씩 귀에 걸어줍니다. 5. 20분 후 상단 시트를 제거한 다음 남은 제품을 골고루 펴 바르고, 10분 뒤 하단 시트를 제거해줍니다",maskpack,Sheetpack
[NEW/단독기획]아이다 글루타치온 브라이트닝 앰플 마스크 4매 기획 (+수분앰플 4g),29500,24개월(사용 후 즉시),"세안 후 토너로 피부결을 정돈한 뒤, 수분앰플을 적당량 덜어 피부에 펴발라 흡수시켜줍니다. 파우치를 개봉하여 시트를 눈과 입 중앙에 잘 맞추어 30분간 부착 후 떼어내줍니다.",maskpack,Sheetpack
[반쪽모공팩] 어나더페이스 펩타테놀 수분 밸런스 하이드로겔 마스크팩 1매,4500,제조일로부터 36개월,"① 세안 후 피부결을 정돈해 줍니다. ② 파우치를 개봉하여 얼굴 하단 마스크의 필름을 제거한 후, 입을 중심으로 맞추어 붙여 줍니다. ③ 얼굴 상단 마스크의 필름을 제거한 후, 눈을 중심으로 맞추어 붙어줍니다. ④ 팩 부착 후 투명해지면 떼어내어 피부에 남은 에센스를 가볍게 마사지하며 흡수시켜 줍니다. ※ 시트가 점점 얇고 투명해지면서 유효성분이 피부에 전달됩니다.",maskpack,Sheetpack
[8월올영픽/NEW] 토리든 밸런스풀 시카 마스크 5+1매 기획,8500,별도표기 / 36개월 (개봉 후 즉시 사용),1. 세안 후 마스크를 얼굴에 고르게 붙여 밀착합니다. 2. 15~20분 뒤 마스크를 떼어내고 남은 에센스를 가볍게 두드려 흡수시킵니다.,maskpack,Sheetpack
닥터엘시아 젤리씰 듀이 마스크 4매,13500,제조일로부터 36개월,"1. 세안 후, 파우치에서 마스크팩을 꺼내 얼굴 모양에 맞게 부착합니다. 2. 약 10분 ~ 15분 뒤 마스크팩을 떼어 내주고 피부에 남은 에센스는 가볍게 두드려 흡수시켜 줍니다.",maskpack,Sheetpack
닥터엘시아 쿠션 베일 카밍 마스크 4매,16200,제조일로부터 36개월,"1. 세안 후, 파우치에서 마스크팩을 꺼내 얼굴 모양에 맞게 부착합니다. 2. 약 10분 ~ 15분 뒤 마스크팩을 떼어 내주고 피부에 남은 에센스는 가볍게 두드려 흡수시켜 줍니다.",maskpack,Sheetpack
닥터엘시아 아쿠아 블루 하이드레이션 마스크 4매,13500,제조일로부터 36개월,"1. 세안 후, 파우치에서 마스크팩을 꺼내 얼굴 모양에 맞게 부착합니다. 2. 약 10분 ~ 20분 뒤 마스크팩을 떼어 내주고 피부에 남은 에센스는 가볍게 두드려 흡수시켜 줍니다.",maskpack,Sheetpack
닥터엘시아 비타 글로우 마스크 4매,13500,제조일로부터 36개월,"1. 세안 후, 파우치에서 마스크팩을 꺼내 얼굴 모양에 맞게 부착합니다. 2. 약 10분 ~ 20분 뒤 마스크팩을 떼어 내주고 피부에 남은 에센스는 가볍게 두드려 흡수시켜 줍니다.",maskpack,Sheetpack
헤브블루 팥 포어 펩타민 하이드로 콜라겐 마스크 팩 4매,35600,제조일로부터 36개월 (개봉 후 즉시 사용),"1.파우치를 개봉하여 얼굴 하단 마스크의 필름을 제거한 후, 입을 중심으로 맞추어 붙여줍니다. 2. 얼굴 상단 마스크의 필름을 제거한 후, 눈을 중심으로 맞추어 붙여줍니다. 3.팩 컬러가 투명해지고 마르는 느낌이 들면 떼어내어 피부에 남은 에센스를 가볍게 흡수시켜 줍니다.",maskpack,Sheetpack
하우스오브비 글루타치온 넥 필름 5매,40000,개봉 전 36개월/ 개봉 후 즉시,"세안 후 1스텝 시너지 앰플 마스크의 적당량을 덜어 목 부위에 펴 발라 줍니다. 2스텝 넥 필름을 개봉하여 양 옆의 투명 지지체를 제거한 후, 목 부위에 부착한 후 휴식을 취해 주세요. TIP) 목부위는 움직임이 많은 부위입니다. 효과적인 관리를 위해서 움직임이 최소화되는 수면시 사용하시면 더욱 좋습니다.",maskpack,Sheetpack
[NEW/탄력&붓기쏙] 라운드랩 동백 딥 콜라겐 브이 리프팅 겔 마스크 1매,5300,"제조일로부터 36개월, 개봉 후 즉시",본 품을 피부에 붙이고 4시간 후 제거한 다음 남은 내용물을 골고루 펴 바른다,maskpack,Sheetpack
비플레인 녹두 쿨링 앤 슬림 페이스 마스크 10매 (온),18000,"제조일로부터 36개월, 개봉 후 즉시 사용","1. 세안 후, 토너 혹은 패드로 피부 결을 정돈해 준 뒤 마스크를 꺼내어 코 가운데 중심으로 눈 밑 양볼을 감싸듯 양 옆으로 밀착시켜 붙여줍니다. 2. 턱 아랫부분 마스크는 각각 한쪽씩 턱을 감싸 끌어올려 부착시켜줍니다. TIP. 하관 붓기 고민부위에 따라 턱 중심 or 턱 측면을 향하게 부착시켜 줍니다. 3. 5~10분 후 시트를 떼어내고, 남은 에센스는 가볍게 두드려 흡수시킵니다.",maskpack,Sheetpack
넘버즈인 2번 로즈 PDRN 콜라겐 랩핑 오버나잇 필름팩 1매,3900,"제조일로부터 30개월, 개봉 후 즉시 사용","세안 후 토너를 사용하여 피부결을 정돈해 줍니다. 파우치 개봉 후 얼굴 상, 하단 마스크 필름을 제거하여 상단은 눈을 중심으로,하단은  입을 중심으로 맞추어 붙여줍니다. 팩 부착 후 시트가 투명해지면 떼어내줍니다. 피부에 남은 에센스를 가볍게 마사지하며 흡수시켜줍니다.",maskpack,Sheetpack
[NEW] 리엔케이 하이퍼 히알 플럼핑 마스크 1매,1750,36개월,"1. 세안 후, 토너로 피부를 깨끗이 정돈합니다. 2. 마스크를 꺼내 얼굴 모양에 맞춰 붙여줍니다. 3. 10~20분 뒤 마스크를 떼어내고, 피부에 남아있는 에센스는 가볍게 두드려 흡수시켜 줍니다.",maskpack,Sheetpack
[8쉐입/4세대발효콜라겐] 달바 비타 하이드로겔 마스크 4매입,21300,"개봉전 24개월, 개봉후 즉시","1. 세안 후 토너 또는 미스트로 피부 결을 정돈해 준줍니다. 2. 파우치를 개봉하여 접혀져 있는 마스크팩을 펼쳐준 뒤, 마스크팩의 필름을 제거합니다. ① 아이패치를 떼어내 한 장씩 양쪽 눈 밑에 붙여줍니다. ② 넥 패치를 떼어내 목 라인에 맞추어 붙여줍니다. ③ 입 부분 패치를 떼어내 미간에 부착해 줍니다. ④ 양쪽 눈 부분 패치를 떼어내 팔자 부위에 부착해 줍니다. ⑤ 마스크의 하단을 입 중심으로 얼굴에 맞추어 붙여줍니다. ⑤ 마스크의 상단을 눈 중심으로 얼굴에 맞추어 붙여줍니다. 3. 피부 상태에 따라 약 40-50분부터 유효성분이 흡수되며 투명해지기 시작합니다. 4. 마스크 전체가 투명해지면 떼어낸 후 남은 에센스를 손으로 두드려 흡수시켜줍니다. TIP. 집중 케어가 필요한 날에는 스킨케어 마지막 단계에서 수면팩으로 사용해 주세요.",maskpack,Sheetpack
[단독패키지] 웰더마 시카 리페어 겔마스크팩 4매 병풀잎수 86%,16900,제조일로부터 36개월,"Step 1. 파우치를 개봉하여 마스크팩을 꺼낸 후 양면의 필름을 제거합니다. Step 2. 미세홀이 난 면을 피부쪽으로, 눈/코/입에 맞춰 피부에 밀착시킵니다. Step 3. 세안 및 기초 스킨케어 후 수면팩으로 사용하시거나, 팩이 투명해질 때까지 2~3시간 이상 부착해 주세요! ※tip- 기초 제품 크림까지 바른 후 마스크를 붙이고 수면팩으로 사용시 더욱 효과적입니다",maskpack,Sheetpack
[단독패키지] 웰더마 PDRN 엑소좀 하이드로 겔마스크팩 4매 피디알엔,16900,제조일로부터 36개월,"Step 1. 파우치를 개봉하여 마스크팩을 꺼낸 후 양면의 필름을 제거합니다. Step 2. 미세홀이 난 면을 피부쪽으로, 눈/코/입에 맞춰 피부에 밀착시킵니다. Step 3. 세안 및 기초 스킨케어 후 수면팩으로 사용하시거나, 팩이 투명해질 때까지 2~3시간 이상 부착해 주세요! ※tip- 기초 제품 크림까지 바른 후 마스크를 붙이고 수면팩으로 사용시 더욱 효과적입니다",maskpack,Sheetpack
"메디힐 바이오 세컨덤 마스크 10매 3종 택1 [마데카소사이드, PDRN, 히알루론산]",25000,개봉 후 즉시 개봉 전 36개월,"1. 세안 후 화장수로 피부를 정돈해 줍니다. 2. 마스크 양면에 붙어있는 메쉬 중 한쪽을 제거한 후 얼굴 모양에 맞도록 부착한 후, 반대쪽 메쉬를 제거해 줍니다. 3. 약 20~30분 후 시트를 떼어내고 피부에 남아있는 에센스는 가볍게 두드려 흡수시켜 줍니다. 4. 마스크 사용 후 STEP 2 앰플 적당량을 덜어 부드럽게 펴 발라 흡수시켜 줍니다. ※ 바이오 셀룰로오스 시트는 자연 유래 발효공정을 통해 제조되어 시트 두께, 색상, 및 향취차가 있을 수 있습니다.",maskpack,Sheetpack
[NEW] 정샘물 에센셜 물 브이 리프팅 마스크 5매,21250,개봉 후 즉시 사용,1) 파우치를 개봉한 다음 마스크를 꺼내 흰색 필름을 제거합니다. 2) 하이드로겔 면의 중앙 부분을 턱에 맞춘 다음 양쪽으로 동시에 당겨 귀에 걸어줍니다. 3) 마스크가 피부에 밀착되도록 가볍게 놀러줍니다. 4) 약 30분 후 마스크를 부드럽게 떼어냅니다.,maskpack,Sheetpack
아비브 글로우 콜라겐 마스크 글루타치온 필름 1매 (온),3600,"개봉전 36개월, 개봉후 12개월","1. 세안 후 토너로 피부 결을 정돈해 줍니다. 2. 파우치를 개봉 한 후, 상/하로 분리된 마스크의 양쪽 필름을 제거하고 얼굴에 맞게 부착해 줍니다. 3. 약 20분 후 마스크를 떼어내고 남아있는 에센스를 가볍게 두드려 흡수시켜 줍니다.",maskpack,Sheetpack
아비브 글로우 콜라겐 마스크 글루타치온 필름 4매 (온),24000,"개봉전 36개월, 개봉후 12개월","1. 세안 후 토너로 피부 결을 정돈해 줍니다. 2. 파우치를 개봉 한 후, 상/하로 분리된 마스크의 양쪽 필름을 제거하고 얼굴에 맞게 부착해 줍니다. 3. 약 20분 후 마스크를 떼어내고 남아있는 에센스를 가볍게 두드려 흡수시켜 줍니다.",maskpack,Sheetpack
[퀵-밀착 특허 콜라겐] 더마픽스 페이턴트 퍼포먼스 리얼콜라겐 5매 (3종 택1),21900,제조일로부터 36개월,"1) 세안 후 콜라겐 토너로 피부 결을 정돈한 다음 상/하로 분리된 마스크를 꺼내 필름을 제거합니다. 2) 벌집모양의 면을 피부 쪽으로 한 후, 하단을 먼저 입 중심으로 상단은 눈 중심으로 얼굴에 맞춰 잘 붙여줍니다. 3) 피부 상태에 따라 약 20~30분 부터 유효성분이 흡수되면서 투명해집니다. (개인 피부 상태에 따라 40분 이상 소요될 수 있습니다.) 4) 마스크가 투명해지면 떼어낸 후 남은 내용물을 손으로 두드려 흡수 시켜줍니다.",maskpack,Sheetpack
[리뉴얼] 구달 청귤 비타C 잡티케어 세럼마스크 알파 9매 기획 (+1매),27000,- 개봉전 : 36개월  - 개봉후: 즉시사용,"1. 세안 후 토너를 이용하여 피부를 정돈해 줍니다. 2. 마스크를 꺼내어 얼굴에 맞게 골고루 밀착합니다. 3. 약 10~20분 후 마스크를 제거하고, 피부에 남은 에센스를 가볍게 두드려 흡수시켜 줍니다.",maskpack,Sheetpack
[6매/단독기획] 아비브 껌딱지 시트 마스크 어성초 스티커 5매 (+1매 증정기획),10000,"제조일로부터 36개월, 개봉 후 즉시 사용","1. 세안 후 화장수로 피부를 깨끗이 정돈합니다. 2. 본 제품을 개봉해 마스크를 눈과 입주위를 제외한 얼굴 전체에 고르게 위치시킨 후, 본인의 얼굴에 맞게 팩을 살짝 늘려 밀착시킵니다. 3. 10~20분 정도 후에 마스크를 떼어냅니다. 4. 피부 위에 남은 내용물을 가볍게 두드려 흡수 시켜 줍니다.",maskpack,Sheetpack
더랩바이블랑두 그린 플라보노이드 2.0 마스크 1매,3000,개봉 후 즉시 사용/ 제조일로부터 36개월,"1. 세안 후 토너를 사용하여 피부결을 정돈합니다. 2. 본 제품을 개봉하여 눈과 입 주위를 제외한 얼굴 전체에 고르게 밀착시켜줍니다. 3. 약 15분 정도 후, 마스크를 떼어냅니다. 4. 얼굴에 남은 에센스는 가볍게 두드려 흡수시켜줍니다.",maskpack,Sheetpack
[한정기획] 아로셀 슈퍼 콜라겐 마스크 3+1 (+슈퍼샷 앰플 사셰 증정),24000,제조일로부터 36개월,파우치 개봉 후 본품을 피부에 붙이고 20~40분 후 제거한 뒤 남은 잔여물을 골고루 펴발라 줍니다. *특별한 효과를 위해 3~5시간 사용을 권장드립니다.,maskpack,Sheetpack
[NEW] 브링그린 징크테카트러블세럼마스크 4+1매 기획,6000,"■ 제조일로부터 30개월, 개봉 후 12개월","■ 1. 세안 후, 토너로 피부 결을 정돈합니다. 2. 마스크를 꺼내 필름을 제거한 후 얼굴에 밀착시켜 줍니다. 3. 약 10~20분간 시트를 붙이고 휴식을 취한 뒤 마스크를 떼어냅니다. 4. 남아있는 에센스는 가볍게 두드려 흡수시켜 줍니다.",maskpack,Sheetpack
[NEW] 토리든 셀메이징 저분자 콜라겐 탄력 겔마스크 (얼굴 집중케어) 1매,6000,개봉 전 36개월 / 개봉 후 즉시 사용,"1. 세안 후 마스크를 꺼내 상,하 부분으로 분리된 마스크의 양쪽 필름을 떼어냅니다. 2. 올록볼록한 엠보면이 피부에 닿도록 얼굴에 고르게 붙여 밀착시켜 줍니다. 3. 약 20~30분 뒤 마스크를 떼어내고 남은 에센스를 가볍게 두드려 흡수 시킵니다. TIP.눈, 입에서 떼어낸 조각을 피부가 얇은 입가, 눈가 등에 붙여 집중케어 해보세요.",maskpack,Sheetpack
[6매/단독기획] 아비브 약산성 pH 시트 마스크 부활초 핏 5매 (+1매 증정 기획),20000,"제조일로부터 36개월, 개봉 후 즉시 사용","1. 세안 후 화장수로 피부를 깨끗이 정돈합니다. 2. 본 제품을 개봉해 마스크를 눈과 입주위를 제외한 얼굴 전체에 고르게 위치시킨 후, 본인의 얼굴에 맞게 팩을 살짝 늘려 밀착시킵니다. 3. 10~20분 정도 후에 마스크를 떼어냅니다. 4. 피부 위에 남은 내용물을 가볍게 두드려 흡수 시켜 줍니다.",maskpack,Sheetpack
아크네스 퍼펙트 솔루션 수딩 마스크 1매,990,개봉전 36개월 / 개봉후 즉시사용,1. 세안 후 토너로 피부 결을 정돈해줍니다. 2. 파우치에서 마스크를 꺼내 얼굴에 밀착시켜 줍니다. 3. 약 10-20분 후 시트를 떼어내고 피부 위에 남은 에센스는 가볍게 손으로 두드려 흡수시킵니다.,maskpack,Sheetpack
제이엠솔루션 청광 모이스처 마스크 10매,10000,3년 / 개봉 후 즉시,"""1. 세안 후 STEP1 워터풀 에센스를 가볍게 도포하여 흡수시켜주어 부스팅 효과를 줍니다.. 2. STEP2 마스크 시트를 꺼내어 얼굴 전체에 밀착시켜 줍니다. 3. 10~20분 후 떼어내고 남은 에센스를 가볍게 두드려 흡수 시켜 줍니다. 4. 마무리로 STEP3 올 페이스 아이크림을 눈, 입 주변에 펴발라 흡수시켜 줍니다.  얼굴 전체에 사용하면 더욱 효과적입니다"""" """,maskpack,Sheetpack
닥터자르트 더마스크 마이크로젯 클리어링 솔루션,4000,36개월(상품 발송 시 기준으로 사용기간 12개월 이상 제품을 발송),"1. 세안 후 스킨으로 피부결을 가볍게 정돈한 후 시트를 꺼냅니다. 2. 얼굴 모양에 맞게 시트를 부착시켜 줍니다. 3. 약 15~20분 정도 후 마스크를 떼어 내고, 피부에 남아있는 내용물을 가볍게 두드려 흡수시켜 줍니다.",maskpack,Sheetpack
[NEW] 브링그린 징크테카트러블세럼마스크 1매,1500,"■제조일로부터 30개월, 개봉 후 12개월","■1. 세안 후, 토너로 피부 결을 정돈합니다. 2. 마스크를 꺼내 얼굴에 밀착시켜 줍니다. 3. 약 10~20분간 시트를 붙이고 휴식을 취한 뒤 마스크를 떼어냅니다. 4. 남아있는 에센스는 가볍게 두드려 흡수시켜 줍니다.",maskpack,Sheetpack
[한아름송이PICK] 브리스킨 리얼 핏 세컨드스킨 마스크 수분집중 10P,50000,"제조일로부터 2년, 개봉후 즉시 사용","1.세안 후 토너를 사용하여 피부결을 정돈해줍니다. 2.마스크 양면에 붙어있는 그물망 중 한쪽 그물망을 제거한 다음 얼굴 모양에 맞도록 부착 후, 반대면의 그물망을 제거합니다. 3. 15-20분 후 마스크를 제거한 후 피부에 남은 에센스는 가볍게 두드려 흡수시켜 줍니다.",maskpack,Sheetpack
[생기톤업] 제이준 멀티비타 마스크 10매,30000,"사용기한 36개월, 개봉 후 즉시 사용",세안 후 피부 결을 정돈해준 뒤 시트를 꺼내어 얼굴 전체에 고르게 밀착시켜줍니다. 10~20분 후에 떼어내고 피부에 남아있는 내용물을 가볍게 두드려 흡수시켜줍니다.,maskpack,Sheetpack
[생기톤업]제이준 멀티비타 마스크 1매,3000,"사용기한 36개월, 개봉 후 즉시 사용",세안 후 피부 결을 정돈해준 뒤 시트를 꺼내어 얼굴 전체에 고르게 밀착시켜줍니다. 10~20분 후에 떼어내고 피부에 남아있는 내용물을 가볍게 두드려 흡수시켜줍니다.,maskpack,Sheetpack
SNP 바다제비집 아쿠아 앰플마스크 1P,3000,제조일로부터 3년 / 개봉 후 즉시,"세안 후 화장수로 피부결을 정돈한 뒤 마스크를 꺼내어 눈과 입의 위치를 맞춘 다음, 잘 밀착되도록 부착합니다. 20~30분 뒤 마스크를 제거하고, 남은 에센스를 두드려 흡수시킵니다.",maskpack,Sheetpack
SNP 다이아몬드 브라이트닝 마스크 1매,1500,제조일로부터 3년 / 개봉 후 즉시,"세안 후 화장수로 피부결을 정돈한 뒤 마스크를 꺼내어 눈과 입의 위치를 맞춘 다음, 잘 밀착되도록 부착합니다. 20~30분 뒤 마스크를 제거하고, 남은 에센스를 두드려 흡수시킵니다.",maskpack,Sheetpack
쌍빠 프로페셔널 더 임파서블 시너지 마스크,5000,730일,파우치 양 옆을 가운데를 향해 접어 줍니다. 위의 노란 비타민 오일 부분을 강하게 눌러 터트려 아래 펩타이드 에센스 쪽으로 밀어 넣어 줍니다. 두개의 액상이 고루 섞일 수 있도록 양손으로 주물러 줍니다. 마스크를 붙이고 약 20분 후 떼 내고 남은 에센스를 두드려 흡수시켜 줍니다.,maskpack,Sheetpack
쌍빠 어딕트 비노래디언스 마스크 기획(1+1),3000,"개봉전 24개월, 개봉 후 즉시사용",1. 세안 후 화장수를 이용하여 피부를 정돈합니다. 2. 파우치를 개봉하여 얼굴에 맞게 잘 부착합니다. 3. 약 10~20분 후 마스크를 제거하고 피부에 남은 제품을 가볍게 두드려 흡수시켜줍니다.,maskpack,Sheetpack
미구하라 2스텝 아쿠아 밸런스 마스크 팩,3000,제조일자로부터 30개월/개봉 후 6개월,1 STEP : 본 품 적당량을 피부에 도포 후 골고루 펴 발라줍니다. 2 STEP : 본 품을 피부에 붙이고 10~20분 후 지지체를 제거한 다음 남은 제품을 골고루 펴 발라줍니다.,maskpack,Sheetpack
유니크미 제주 방림원 화산송이동굴 100일 발효 집중보습 마스크팩(알로에),4020,제조일로부터 30개월 이내 (제품별 사용기한 별도표기) / 개봉 후 바로사용,"1. 세안 후 토너로 피부 결을 정돈해 줍니다. 2. 파우치를 개봉하여 시트를 꺼낸 후, 마스크를 얼굴 형태에 맞추어 부착합니다. 3. 상단에 위치한 날개 부분을 잡아서 이형지를 부드럽게 벗겨낸 후, 마스크를 골고루 밀착시켜줍니다. 4. 약 15-20분 동안 마스크 영양성분이 피부에 충분히 흡수될 수 있도록 합니다. 5. 마스크를 제거하고 잔여 에센스를 두드려 흡수시켜 줍니다.",maskpack,Sheetpack
AHC 마이크로 로즈마리 착붙 마스크 시트 1매,1500,개봉 전 3년 이내 / 개봉 후 즉시 사용 권장,"1. 세안 후 토너로 피부결을 정돈해 줍니다. 2. 파우치를 개봉하고, 마스크를 얼굴 형태에 맞춰 밀착시킵니다. 3. 10~20분후 마스크를 떼어내고 피부에 남은 앰플을 가볍게 두드려 흡수시켜 줍니다.",maskpack,Sheetpack
AHC 마이크로 레드 착붙 콜라겐 마스크 시트 1매,1500,개봉 전 3년 이내 / 개봉 후 즉시 사용 권장,"1. 세안 후 토너로 피부결을 정돈해 줍니다. 2. 파우치를 개봉하고, 마스크를 얼굴 형태에 맞춰 밀착시킵니다. 3. 10~20분 후 마스크를 떼어내고 피부에 남은 앰플을 가볍게 두드려 흡수시켜 줍니다.",maskpack,Sheetpack
AHC 마이크로 비타민 착붙 마스크 시트 1매,3000,개봉 전 3년 이내 / 개봉 후 즉시 사용 권장,"1. 세안 후 토너로 피부결을 정돈해 줍니다. 2. 파우치를 개봉하고, 마스크를 얼굴 형태에 맞춰 밀착시킵니다. 3. 10~20분 후 마스크를 떼어내고 피부에 남은 앰플을 가볍게 두드려 흡수시켜 줍니다.",maskpack,Sheetpack
AHC 마이크로 퓨어 워터 착붙 마스크 시트 1매,3000,개봉 전 3년 이내 / 개봉 후 즉시 사용 권장,"1. 세안 후 토너로 피부결을 정돈해 줍니다. 2. 파우치를 개봉하고, 마스크를 얼굴 형태에 맞춰 밀착시킵니다. 3. 10~20분 후 마스크를 떼어내고 피부에 남은 앰플을 가볍게 두드려 흡수시켜 줍니다.",maskpack,Sheetpack
애즈이즈투비 블루밍 로즈 마스크 5매입,20000,제조일로부터 2년 / 개봉 후 즉시 사용,본품을 피부에 붙이고 10~20분 후 지자체를 제거한 다음 남은 제품을 골고루 펴 바릅니다.,maskpack,Sheetpack
애즈이즈투비 데일리 더마 솔루션 10매입,22000,제조일로부터 2년 / 개봉 후 즉시 사용,본품을 피부에 붙이고 10~20분 후 지자체를 제거한 다음 남은 제품을 골고루 펴 바릅니다.,maskpack,Sheetpack
코스알엑스 에이씨 컬렉션 블레미쉬 케어 시트 마스크,1800,상품 발송일 기준으로 사용기한이 12개월 이상 남아있는 제품부터 순차적으로 판매 (유통 기한 24개월 /즉시 사용 권장),"세안 후, 시트를 꺼내어 필름을 제거한 뒤, 얼굴에 알맞게 부착하여 줍니다. 10-20분 뒤 시트를 떼어내고 가볍게 두드려 흡수시켜 줍니다",maskpack,Sheetpack
제이엠솔루션 릴리프 약산성 티트리 마스크 10매,10500,개봉 후 즉시 사용,세안 후 피부 결을 정돈해준 뒤 시트를 꺼내어 얼굴 전체에 고르게 밀착시켜 준다. 10~20분 후에 떼어내고 피부에 남아있는 내용물을 가볍게 두드려 흡수시켜 준다,maskpack,Sheetpack
[단독기획] 가히 수분 가득 퍼펙팅 마스크팩 6매입,20880,"제조일로부터 36개월, 개봉 후 즉시 사용","본품을 피부에 붙이고, 10~20분 후 지지체를 제거한 다음, 남은 제품을 골고루 펴 바른다.",maskpack,Sheetpack
메이크프렘 컴포트미 오트모이스트 비건 마스크 1매,1500,제조일로부터 36개월(개봉 후 즉시),"1. 세안 후, 토너로 피부결을 정돈해 줍니다. 2. 본 제품을 개봉해 필름을 제거한 후 마스크를 눈과 입 주위를 제외한 얼굴 전체에 고르게 밀착시킵니다. 3.10~20분 정도 후에 떼어냅니다. 4. 피부위에 남은 내용물을 가볍게 손으로 두드려 흡수시킵니다.",maskpack,Sheetpack
메이크프렘 컴포트미 버치아쿠아 비건 마스크 1매,1500,제조일로부터 36개월(개봉 후 즉시),"1. 세안 후, 토너로 피부결을 정돈해 줍니다. 2. 본 제품을 개봉해 필름을 제거한 후 마스크를 눈과 입 주위를 제외한 얼굴 전체에 고르게 밀착시킵니다. 3.10~20분 정도 후에 떼어냅니다. 4. 피부위에 남은 내용물을 가볍게 손으로 두드려 흡수시킵니다.",maskpack,Sheetpack
[콜라겐] 아나시스 벨라컨투어 4D 펌 마스크팩 5매 (+퍼밍크림 7g 증정),18500,"제조일로부터 1095일, 개봉일로부터 30일","1. 파우치를 개봉한 뒤 3단으로 분이된 마스크시트를 확인합니다. 2.  시트커버가 양쪽으로 있습니다. 올록볼록한 엠보커버를 떼어낸뒤, 떼어낸쪽의 하이드로겔을 피부표면에 밀착시킵니다. 3. 피부에 밀착시킨후 겉면의 맨들맨들한 보호필름을 떼어내세요. 이마, 얼굴, 목용 시트를 차례대로 밀착시킨후 떼어내어줍니다. 목부위는 특성상 스트레칭시킨 상태로 밀착시킵니다. 4. 필요에 따라 눈과 입커버를 닫으면, 립앤아이케어도 가능합니다. 5. 15분 관리후 마스크를 떼어내고 파우치에 남은 에센스를 손에 덜어 얼굴에 두드려 흡수시켜줍니다. 6. 촉촉함과 리프팅을 오랫동안 유지하기위해 퍼밍크림을 눈가를 포함한 얼굴에 사용합니다. 7. 관리하고난 마스크는 팔, 어깨 또는 데꼴데등에 진정용으로 활용이 가능합니다.",maskpack,Sheetpack
알리원 수딩 콤부차 빈티지 마스크 5매입,25000,"개봉일로부터 3년, 제조일로부터 3년","1. 세안 후 화장수로 피부결을 정돈합니다. 2. 마스크 한쪽 면의 그물망을 벗겨 냅니다. 3. 벗겨낸 쪽을 얼굴에 맞게 잘 밀착시킵니다. 4. 한쪽 손으로 마스크를 고정한 후 겉면의 그물망을 떼어냅니다. 5. 15~20분 후 마스크를 떼어낸 후, 얼굴에 남은 내용물을 흡수시켜 줍니다.",maskpack,Sheetpack
알리원 트리플 머쉬룸 빈티지 마스크 5매입,25000,"제조일로부터 3년, 개봉일로부터 3년","1. 세안 후 화장수로 피부결을 정돈합니다. 2. 마스크를 꺼내어 필름을 제거한 뒤, 눈을 중심으로 얼굴에 밀착시켜 줍니다. 3. 15~20분 후 마스크를 떼어낸 후, 얼굴에 남은 내용물을 흡수시켜 줍니다.",maskpack,Sheetpack
헤이네이처 어성초 톤업 마스크 1매,3000,제조일로부터 30개월 / 개봉 후 즉시,"""깨끗이 세안한 피부에 팩을 얼굴 형태에 맞추어 밀착시킨 다음 약 10~20분 후 떼어냅니다. 피부에 남아있는 에센스는 가볍게 두드려 흡수시켜 줍니다. (미백 기능성 화장품으로 톤업이 필요한 날, 주 2~3회 사용을 권장드립니다.)""",maskpack,Sheetpack
헤이네이처 어성초 마스크 1매,3000,제조일로부터 30개월 / 개봉 후 즉시,"세안 후 토너로 피부결을 정리 한 후, 얼굴 형태에 맞추어 밀착 시켜준 다음 약 10~20분 후 마스크를 떼어냅니다. 피부에 남아있는 에센스를 가볍게 두드려 흡수시켜 줍니다.",maskpack,Sheetpack
뉴트리스톰 97.8 영양폭풍 스킨케어 마스크팩 7매,35000,"""1.제조일로부터30개월 2.개봉후 바로 사용""","""1.세안후 토너로 피부결을 정돈합니다. 2.마스크팩 한쪽면의 그물망을 벗겨내고, 벗겨낸 쪽을 얼굴에 맞게 잘 밀착시킵니다. 3.얼굴에 밀착된 마스크를 한쪽 손으로 고정하여 겉면의 그물망을 떼어냅니다. 4.15~20분 휴식을 취한 후 마스크를 떼어내고 남은 에센스는 두드려 흡수시킵니다.""",maskpack,Sheetpack
[열감진정/급속쿨링] 라타플랑 미나리 시카트러블 진정 세럼 마스크 1매,3000,제조일로부터 30개월 / 개봉 후 즉시 사용,1. 본 제품을 개봉하여 눈과 입의 위치를 잘 맞추어 얼굴 전체에 고르게 밀착시킵니다. 2. 10~20분 후 제거한 다음 남은 에센스는 가볍게 두드려 흡수시켜주세요.,maskpack,Sheetpack
[열감진정/급속쿨링] 라타플랑 미나리 시카트러블 진정 세럼 마스크 10매,30000,제조일로부터30개월 / 개봉 후 즉시 사용,1. 본 제품을 개봉하여 눈과 입의 위치를 잘 맞추어 얼굴 전체에 고르게 밀착시킵니다. 2. 10~20분 후 제거한 다음 남은 에센스는 가볍게 두드려 흡수시켜주세요.,maskpack,Sheetpack
AHC 순면 마스크 트리플 히아루로닉 25ml 10매입,12900,개봉 전 3년 이내 / 개봉 후 즉시 사용 권장,1. 세안 후 화장수를 이용하여 피부를 정돈해 줍니다. 2. 마스크를 꺼내어 펼친 후 눈 부분부터 맞춰 얼굴에 골고루 밀착시킵니다. 3. 10~20분 후 마스크를 떼어내고 피부에 남은 내용물을 가볍게 두드려 흡수시켜 줍니다.,maskpack,Sheetpack
[미백광채] 웰라쥬 리얼 비타 토닝 앰플 마스크 10매,22000,제조일로부터 36개월(개봉 후 즉시),"세안 후, 토너로 피부결을 정돈한 뒤 눈과 입부분에 맞춰 마스크를 들뜸 없이 밀착시켜 줍니다. 10~20분 후에 마스크를 떼어내고 피부에 남은 내용물은 가볍게 두드려 흡수시켜 줍니다.",maskpack,Sheetpack
[수분진정] 웰라쥬 리얼 시카 카밍 앰플 마스크 10매,20000,제조일로부터 36개월(개봉 후 즉시),"세안 후, 토너로 피부결을 정돈한 뒤 눈과 입부분에 맞춰 마스크를 들뜸 없이 밀착시켜 줍니다. 10~20분 후에 마스크를 떼어내고 피부에 남은 내용물은 가볍게 두드려 흡수시켜 줍니다.",maskpack,Sheetpack
닥터자르트 더마스크 페이스 마스크 투 고 1매/5매 중 택1,31000,36개월(상품 발송 시 기준으로 사용기간 12개월 이상 제품을 발송),"깨끗이 세안한 후 하이드로겔 마스크를 얼굴 아래 부분에 대고 귀에 고정합니다. 마스크를 부드럽게 마사지하여   흡수력을 높입니다. 그런 다음, 보호 마스크를 착용합니다. 최소 20분, 최대 30분 동안 하이드로겔 마스크를 착용합니다",maskpack,Sheetpack
[듬아pick]콤마나인 클레이 깐달걀 모공 마스크팩 4매,24000,"1,095일","1. 세안 후 토너로 피부결을 정돈합니다. 2. 마스크 시트를 개봉하여 얼굴 윗 부분의 투명한 비닐 부분을 제거한 뒤 눈과 코를 맞추어 얼굴에 부착합니다. [*투명한 필름이 붙어있는 면이 얼굴에 닿도록 부착합니다] 3. 반대편 백색 불투명한 비닐면을 제거하고 얼굴 윤곽에 맞추어 밀착시켜 줍니다. 4. 동일한 방법으로 입 분분에 맞추어 아랫 부분을 부착하고, 시트가 완전하게 건조 될 때까지 기다립니다. 5. 시트가 완전히 건조되어 타이트한 느낌이 들면 상,하 시트를 같이 얼굴 옆 방향으로 부드럽게 떼어냅니다. (건조시간은 환경과 피부타입에 따라 다를 수 있으나 약 40~50분 정도의 시간이 최고의 효과를 나타낼 수 있습니다.) 6. 시트를 떼어낸 후 가벼운 물 세안으로 피부에 남은 잔여물을 닦아내고 피부를 정돈합니다.",maskpack,Sheetpack
[피지청소팩] 안티톡스 스파클린 마스크 세범필 8매,28000,"제조일로부터36개월, 개봉 후 즉시 사용","	마른 얼굴에 시트의 부드러운 면이 피부에 닿도록 마스크를 부착한다. 	5-7분간 거품으로 충분히 피부를 불려낸 후, 마스크를 떼어낸다. 	시트를 이용하여 거품과 함께 부드럽게 문지르며 노폐물을 제거한다. 	미온수로 꼼꼼히 씻어낸다.",maskpack,Sheetpack
야다 데일리 그린 마스크 선인장 10매,20000,제조일로부터 36개월,1. 토너로 피부결을 정리해 줍니다. 2. 마스크를 꺼내어 눈과 입 주위를 제외한 얼굴 전체에 고르게 밀착시킵니다. 3. 10~20분후 시트를 떼어내고 남은 에센스를 가볍게 두드려 흡수시켜줍니다.,maskpack,Sheetpack
메디앤서 카밍 콜라겐 마스크 5매,30000,"제조 후 24개월, 개봉 후 즉시사용","① 세안 후 토너로 피부결을 정돈한 다음 상, 하로분리된 마스크팩을 꺼내 필름을 제거합니다. ② 상단은 눈을 중심으로, 하단은 입을 중심으로 얼굴에 맞춰 잘 붙여줍니다. ③ 약 30분 후 마스크를 떼어낸 다음 남은 내용물은 손으로 두드려 흡수시켜 줍니다. ※마스크가 투명해지는 시간은 개인차가 있을 수 있습니다.",maskpack,Sheetpack
이니스프리 에너지 마스크 1매 10종 택1,1500,제조일로부터 36개월 / 개봉후 즉시 (상품 발송일 기준으로 사용 기한이 1년 이상 남은 상품만을 판매 합니다),"➀ 세안 후, 토너로 피부결을 정돈해 줍니다. ➁ 마스크를 꺼내어 눈과 입 주위를 제외한 얼굴 전체에 고르게 밀착시킵니다.",maskpack,Sheetpack
아임프롬 머그워트 시트 마스크 5매,17500,제조일로부터 36개월 / 개봉 후 12개월,세안 후 토너로 피부를 깨끗이 정돈합니다. 파우치를 개봉하여 마스크를 얼굴에 밀착시켜 줍니다. 20분 후에 마스크를 떼어내고 피부에 남아있는 에센스를 가볍게 두드려 흡수 시켜 줍니다.,maskpack,Sheetpack
메디앤서 카밍 콜라겐 마스크 10매,60000,"개봉 전 24개월, 개봉 후 즉시사용","① 세안 후 토너로 피부결을 정돈한 다음 상, 하로분리된 마스크팩을 꺼내 필름을 제거합니다. ② 상단은 눈을 중심으로, 하단은 입을 중심으로 얼굴에 맞춰 잘 붙여줍니다. ③ 약 30분 후 마스크를 떼어낸 다음 남은 내용물은 손으로 두드려 흡수시켜 줍니다. ※마스크가 투명해지는 시간은 개인차가 있을 수 있습니다.",maskpack,Sheetpack
메디힐 더 NMF 앰플 마스크 오리지널 2+2매 기획,5900,제조일로부터 36개월,1. 세안 후 화장수로 피부를 정돈해 줍니다. 마스크 시트를 꺼내 얼굴 모양에 맞춰 붙여 줍니다. 2. 약 10~20분 후 시트를 떼어내고 피부에 남아있는 에센스를 가볍게 두드려 흡수시켜 줍니다.,maskpack,Sheetpack
[9+1매] 더마토리 레티날 클루타치온 겔 마스크 9매(+1매증정기획),49500,개봉 전 24개월 / 개봉 후 즉시 사용,본품을 피부에 약 20~30분간 부착하고 떼어내어 피부에 남아있는 내용물을 고르게 펴 바른다.,maskpack,Sheetpack
아이다 글루타치온 브라이트닝 마스크-토닝 이펙트 4매,29500,24개월(사용 후 즉시),"세안 후 토너로 피붓결을 정돈한 뒤, 시트를 눈과 입 중앙에 잘 맞추어 30분간 부착해주세요.",maskpack,Sheetpack
(제주 전용) 라운드어라운드 제주 모이스처 감귤 비타C 마스크팩 25mL 5매입기획 (2409),11000,개봉 전 36개월 개봉 후 즉시사용,세안 후 토너로 피부 결을 가볍게 정돈 후 파우치를 개봉하여 시트를 꺼내 얼굴에 밀착시켜 줍니다. 약 10~20분간 시트를 붙이고 휴식을 취한 뒤 마스크를 떼어냅니다. 남아있는 에센스는 가볍게 두드려 흡수시켜 줍니다.,maskpack,Sheetpack
[단독기획] 바이오던스 바이오 콜라겐 리얼 딥 마스크 7매 (+콜라겐 패드 4매 증정 기획),35000,제조일로부터 2년 6개월,스킨케어를 끝낸 피부에 콜라겐 마스크를 얹어 3~4시간 가량 흡수시켜준 뒤 떼어냅니다. tip. 스킨케컹 마지막 단계에 사용하여 수면팩으로 사용해 주시면 더욱 더 효과적입니다.,maskpack,Sheetpack
[NEW] 에센허브 티트리 릴리프 코튼 마스크 5매,20000,개봉전 : 36개월 / 개봉후 : 개봉직후,1. 세안 후 토너로 피부 결을 정돈해 줍니다. 2. 마스크 시트를 꺼내어 얼굴에 맞추어 붙여줍니다. 3. 약 10~20분 후 시트를 떼어내고 피부에 남아있는 에센스를 가볍게 두드려 흡수시켜줍니다.,maskpack,Sheetpack
바이오던스 바이오 콜라겐 리얼 딥 마스크 7매 (+패드 10매 증정기획)(OY단독),35000,제조일로부터 2년 6개월,스킨케어를 끝낸 피부에 콜라겐 마스크를 얹어 3~4시간 가량 흡수시켜준 뒤 떼어냅니다. tip. 스킨케어 마지막 단계에 사용하여 수면팩으로 사용해 주시면 더욱 더 효과적입니다.,maskpack,Sheetpack
[단독] 바이오던스 하이드로 세라놀 리얼 딥 마스크 7매 (+1매 증정 기획) (OY단독),35000,제조일로부터 2년 6개월,스킨케어를 끝낸 피부에 콜라겐 마스크를 얹어 3~4시간 가량 흡수시켜준 뒤 떼어냅니다. tip. 스킨케컹 마지막 단계에 사용하여 수면팩으로 사용해 주시면 더욱 더 효과적입니다.,maskpack,Sheetpack
[2024 어워즈] 바이오던스 바이오 콜라겐 리얼 딥 마스크 7매 어워즈 한정기획 (+1매 증정),35000,제조일로부터 2년 6개월,스킨케어를 끝낸 피부에 콜라겐 마스크를 얹어 3~4시간 가량 흡수시켜준 뒤 떼어냅니다. tip. 스킨케어 마지막 단계에 사용하여 수면팩으로 사용해 주시면 더욱 더 효과적입니다.,maskpack,Sheetpack
[보습장벽] 마몽드 프로바이오틱스 세라마이드 앰플 마스크팩 1매,1750,개봉 전 36개월 / 개봉 후 즉시,1. 세안 후 토너로 피부결을 정돈해 줍니다. 2. 마스크 시트를 꺼내 얼굴 모양에 맞춰 고르게 밀착시킵니다. 3. 10~20분 후 마스크를 떼어내고 피부에 남아있는 에센스를 가볍게 두드려 흡수시켜 줍니다.,maskpack,Sheetpack
[탄력광채] 마몽드 에이지 컨트롤 카멜리아 앰플 마스크팩 1매,1750,개봉 전 24개월 / 개봉 후 즉시,1. 세안 후 토너로 피부결을 정돈해 줍니다. 2. 마스크 시트를 꺼내 얼굴 모양에 맞춰 고르게 밀착시킵니다. 3. 10~20분 후 마스크를 떼어내고 피부에 남아있는 에센스를 가볍게 두드려 흡수시켜 줍니다.,maskpack,Sheetpack
썸바이미 베타 판테놀 리페어 데일리 마스크 30 Sheets,29700,개봉 후 3개월 이내 사용 권장,1. 세안 후 토너로 피부를 정돈한 후 마스크를 꺼내 얼굴 모양에 맞춰 시트를 밀착시켜 줍니다. 2. 약 10-20분 후 마스크를 떼어내고 피부에 남은 에센스를 가볍게 두드려 흡수시켜 줍니다.,maskpack,Sheetpack
[모공쫀쫀] 아로셀 보툴케어 모공 마스크 3+1매 (+모공톡스 앰플 사셰 증정) 한정 기획,23400,제조일로부터 3년,파우치 개봉 후 본품을 피부에 붙이고 20~40분 후 제거한 뒤 남은 잔여물을 골고루 펴발라 줍니다. *특별한 효과를 위해 3~5시간 사용을 권장드립니다.,maskpack,Sheetpack
[NEW / 세럼한통듬뿍]파넬 시카마누 세럼 마스크 10매,14910,"개봉 전 36개월, 개봉 후 즉시",1. 세안 후 화장수로 피부를 정돈해 줍니다. 마스크 시트를 꺼내 얼굴 모양에 맞춰 붙여 줍니다. 2. 약 10~20분 후 시트를 떼어내고 피부에 남아있는 에센스는 가볍게 두드려 흡수시켜 줍니다.,maskpack,Sheetpack
[NEW / 세럼한통듬뿍]파넬 시카마누 세럼 마스크 1매,1490,"개봉 전 36개월, 개봉 후 즉시",1. 세안 후 화장수로 피부를 정돈해 줍니다. 마스크 시트를 꺼내 얼굴 모양에 맞춰 붙여 줍니다. 2. 약 10~20분 후 시트를 떼어내고 피부에 남아있는 에센스는 가볍게 두드려 흡수시켜 줍니다.,maskpack,Sheetpack
[스킨핏/수분진정] 리얼베리어 워터리 히알 세럼 마스크 1매/10매,15000,"개봉 전 제조일로부터 36개월간, 개봉 후 즉시",1. 세안 후 화장수로 피부결을 정돈 후 마스크를 꺼내어 접힌 부분을 펼쳐 얼굴에 고르게 밀착시켜 줍니다. 2. 약 10~20분 동안 편안한 휴식을 취한 후 마스크를 떼어 냅니다. 3. 얼굴에 남은 세럼은 가볍게 두드려 흡수시켜 줍니다.,maskpack,Sheetpack
[단독패키지] 웰더마 레티놀 콜라겐 리프팅 리스토어 겔마스크팩 4매,16900,제조일로부터 36개월,"Step 1. 파우치를 개봉하여 마스크팩을 꺼낸 후 양면의 필름을 제거합니다. Step 2. 미세홀이 난 면을 피부쪽으로, 눈/코/입에 맞춰 피부에 밀착시킵니다. Step 3. 세안 및 기초 스킨케어 후 수면팩으로 사용하시거나, 팩이 투명해질 때까지 2~3시간 이상 부착해 주세요! ※tip- 기초 제품 크림까지 바른 후 마스크를 붙이고 수면팩으로 사용시 더욱 효과적입니다",maskpack,Sheetpack
[콜라겐팩/1일1팩]듀이트리 AC 딥 콜라겐 겔 마스크 1매 (모공/흔적),3800,제조일로부터36개월/ 개봉 후 즉시사용,"1. 세안후피부결을정돈하고스킨케어를마친뒤마스크를꺼내필름을제거합니다. 2. 상단을눈을중심으로, 하단은입을중심으로얼굴에맞춰잘붙여줍니다. 3. 약20~40분후유효성분이흡수되면서마스크가투명해집니다. 4. 마스크를떼어낸다음남아있는잔여물을가볍게두드려흡수시켜줍니다. ※ 피부상태에따라겔마스크가투명해지는데40분이상소요될수있습니다",maskpack,Sheetpack
[콜라겐팩/쫀쫀]듀이트리 AC 딥 콜라겐 겔 마스크 4매(모공/흔적),14900,제조일로부터 36개월 / 개봉 후 즉시사용,"1. 세안후피부결을정돈하고스킨케어를마친뒤마스크를꺼내필름을제거합니다. 2. 상단을눈을중심으로, 하단은입을중심으로얼굴에맞춰잘붙여줍니다. 3. 약20~40분후유효성분이흡수되면서마스크가투명해집니다. 4. 마스크를떼어낸다음남아있는잔여물을가볍게두드려흡수시켜줍니다. ※ 피부상태에따라겔마스크가투명해지는데40분이상소요될수있습니다.",maskpack,Sheetpack
[올영어워즈1등 크림] 에스트라 아토베리어365 크림 80ml 기획 (+하이드로 에센스25ml+세라-히알 앰플7ml),26700,36개월(개봉 후 1년),"아침, 저녁 적당량의 내용물을 덜어 얼굴에 부드럽게 펴 발라 흡수시켜줍니다.",DermoCosmetics,Skincare
[올영픽]에스트라 아토베리어365 하이드로 수딩크림 100ml 대용량 기획 (+30ml+세라-히알 속수분 앰플3ml),31300,36개월 (개봉 후 1년),"아침, 저녁 적당량을 덜어 얼굴에 부드럽게 펴 발라 흡수시켜줍니다.",DermoCosmetics,Skincare
[7월 올영픽] 라로슈포제 시카플라스트 밤 B5+ 100ml 기획 (+히알루 B5 세럼 1.5ml*2 증정),36000,18개월 이상 남아있는 제품부터 순차적으로 발송 / 개봉 후 6개월,"세안 후, 크림 단계에서 피부에 부드럽게 펴 발라 줍니다. 자기 전, 피부에 듬뿍 발라 슬리핑 팩 처럼 사용해 주셔도 됩니다",DermoCosmetics,Skincare
[수분 충전]아벤느 이드랑스 에센스 인 로션 200ml 2입기획,36010,"개봉전 3년, 개봉 후 1년이내 사용권장",스킨케어 사용 전 화장솜에 덜어 발라주세요.,DermoCosmetics,Skincare
[7월 올영픽][50%용량증정]에스트라 아토베리어365 세라-히알 속수분 앰플 30ML+15ML 기획,23600,36개월 (개봉 후 1년),"아침, 저녁 적당량의 내용물을 덜어 얼굴에 부드럽게 펴 발라 흡수시켜 줍니다.",DermoCosmetics,Skincare
에스트라 아토베리어365 로션 150ml 기획 (하이드로에센스 25ml+세라-히알 속수분 앰플 7ml),26700,36개월 (개봉 후 1년),"아침, 저녁 적당량의 내용물을 덜어 얼굴에 부드럽게 펴 발라 흡수시켜줍니다.",DermoCosmetics,Skincare
(7월 올영픽)에스트라 아토베리어365 하이드로에센스 200ml 기획(+크림 10ml+세라-히알 앰플 10ml),22900,36개월 (개봉 후 1년),에센스 단계에서 적당량을 덜어 얼굴에 부드럽게 펴 발라주고 가볍게 두드려 흡수시켜 줍니다,DermoCosmetics,Skincare
[7월 올영픽] 라로슈포제 시카플라스트 멀티 리페어 크림 100ml 기획 (+멜라B3 세럼 3ml 증정),40000,18개월 이상 남아있는 제품부터 순차적으로 발송 / 개봉 후 12개월,"시카크림 아침, 저녁, 세안 후 크림 단계에서 적당량을 덜어 얼굴과 목에 동그랗게 원을 그리듯이 부드럽게 펴 발라줍니다.",DermoCosmetics,Skincare
아벤느 오 떼르말 미스트 300ml 2입 기획,24610,"개봉전 5년, 개봉 후 1년 이내 사용 권장",피부에 온천수를 가볍게 분사한 다음 20~32초간 그대로 두었다가 부드럽게 흡수시켜 주세요. * 얼굴 뿐 아니라 자극을 느끼는 신체의 모든 부위에 사용할 수 있습니다. * 메이크업 전/후 혹은 야외활동 등으로 피부가 햇볕에 많이 노출된 후에 뿌려주면 좋습니다.,DermoCosmetics,Skincare
[한정기획] 피지오겔 DMT 페이셜 수분크림 100ml 2입 기획,29900,제조일로부터 36개월..,적당량을 취하여 얼굴과 몸의 건조한 부위에 마사지 하듯 두드려 흡수시켜 줍니다.,DermoCosmetics,Skincare
"[단독기획] 파티온 노스카나인 트러블 크림 45ml 기획(+크림5ml, 세럼15ml 증정)",19350,"제조일로부터 36개월, 개봉 후 12개월 (2022년 10월 14일 이후 제조된 상품만을 취급)",크림 단계에서 피부에 골고루 펴 발라 가볍게 두드려 흡수시켜 줍니다.,DermoCosmetics,Skincare
[수량한정]리쥬란 힐러 턴오버 앰플 듀얼 이펙트 30ml (단품/기획),49900,제조일로부터 30개월 이내,step1. 세안 후 토너 등으로 피부 결을 전동해 수분 바탕을 만들어줍니다. step2. 리쥬란 힐러 턴오버 앰플 듀얼 이펙트의 뚜껑을 연 후 버튼을 눌러 유리관으로 앰플이 적당량 올라올 수 있게 해줍니다. step3. 피부 결을 따라 부드럽게 펴 바른 후 가볍게 두드려 흡수시켜줍니다. step4. 자연스러운 광채와 더 길어진 보습 영양감을 느껴보세요.,DermoCosmetics,Skincare
[SNS 대란템]바이오더마 세비엄 포어 리파이너,19900,"제조일로부터 3년 이내의 상품을 순차적으로 발송,  개봉 후 6개월이내 사용 권장",세안 후 적당량을 덜어 얼굴 전체 혹은 번들거림이 많은 T-zone 부위에 발라줍니다.,DermoCosmetics,Skincare
[고민영 PICK] 아벤느 이드랑스 에센스 인 로션 200ml 더블 기획 (+클리낭스 클렌징젤 100ml),39900,"개봉전 3년, 개봉 후 1년이내 사용권장",스킨케어 사용 전 화장솜에 덜어 발라주세요.,DermoCosmetics,Skincare
[7월 올영픽] 에스트라 에이시카 365 세럼pH4.5 40ml 기획(+크림10ml+토너 25ml)(2507),27100,36개월 (개봉 후 1년),"아침, 저녁 적당량의 내용물을 덜어 얼굴에 부드럽게 펴 발라 흡수시켜줍니다.",DermoCosmetics,Skincare
바이오더마 하이드라비오 토너 250ml,18850,"제조일로부터 3년 이내의 상품을 순차적으로 발송,  개봉 후 6개월",세안 후 화장솜에 적당량을 덜어 피부에 부드럽게 패딩해 줍니다.,DermoCosmetics,Skincare
[대용량/트러블1등] 파티온 노스카나인 트러블 세럼 50ml 리필 기획(+리필40ml+크림10ml),33900,"제조일로부터 36개월, 개봉 후 12개월 (2022년 6월 15일 이후 제조된 상품만을 취급)",세럼 또는 앰플 단계에서 피부에 골고루 펴 발라 가볍게 두드려 흡수시켜 줍니다.,DermoCosmetics,Skincare
[7월 올영픽] 에스트라 에이시카365 수분토너 pH4.5 200ml,20000,36개월 (개봉 후 1년),아침 저녁 적당량을 손에 덜어 피부결에 따라 부드럽게 펴발라 흡수시켜 줍니다.,DermoCosmetics,Skincare
[단독기획] 제로이드 인텐시브 크림 80ml 기획 (+크림 클렌저 25ml+데일리 선크림 10ml),27360,"개봉 전 제조일로부터 36개월,  개봉 후에는 12개월 이내",1일 중 수회 적당량을 취해 얼굴이나 팔다리 등 필요한 부위에 골고루 펴 바릅니다.,DermoCosmetics,Skincare
[단독기획] 제로이드 수딩 크림 80ml 기획 (+수딩 로션 25ml+ 데일리 선크림 10ml),25500,"개봉 전 제조일로부터 36개월,  개봉 후에는 12개월 이내",1일 중 수회 적당량을 취해 얼굴이나 팔다리 등 필요한 부위에 골고루 펴 바릅니다.,DermoCosmetics,Skincare
피지오겔 DMT포맨 증정 기획세트 2종 한정기획 (플루이드 or 크림),29900,제조일로부터 36개월(개봉후 12개월),"세안, 면도 후 스킨케어 단계에서 적당량을 취하여 얼굴 피부 위에 마사지하듯 두드려 흡수시켜 줍니다.",DermoCosmetics,Skincare
[재구매1위] 대웅제약 이지듀 기미잡티앰플 12ml+기미패치 2매 기획,29890,제조일로부터 36개월,*앰플 사용법 1. 멸균 비닐을 벗내고 주사기 형태의 앰플 용기를 꺼내주세요. 2. 캡을 돌려서 연 다음 천천히 밀어 얼굴에 직접 도포합니다. 3. 미백 관리가 고민되는 부위에 적당량을 고르게 펴 바른 뒤 두드려 흡수시킵니다. *패치 사용법 1. 파우치를 개봉하여 패치의 투명 필름을 제거합니다. 2. 눈가와 볼 중심으로 붙여주세요. 3. 20~30분 후 패치를 떼어냅니다.,DermoCosmetics,Skincare
[7월 올영픽] 라로슈포제 세로징크 세범 컨트롤 토닝 미스트 150ml,10200,제품 뒷면에 표기 / 1년 6개월이상 남아있는 제품부터 순차적 배송,20~30cm 간격을 두고 피부에 뿌려 흡수시킨 뒤 티슈로 가볍게 눌러줍니다. 토너 및 메이크업 픽서 대용으로 사용 가능합니다. (흔들어 사용하지 않습니다.),DermoCosmetics,Skincare
[단독기획] 파티온 노스카나인 트러블 세럼 기획 (50ml+15ml),27900,"제조일로부터 36개월, 개봉 후 12개월제조일로부터 36개월, 개봉 후 12개월 (2022년 6월 15일 이후 제조된 상품만을 취급)",세럼 또는 앰플 단계에서 피부에 골고루 펴 발라 가볍게 두드려 흡수시켜 줍니다.,DermoCosmetics,Skincare
[10년연속1위] 유세린 하이알루론 3X 아이크림 15ml,37900,제조일로부터 1095일,토너로 정돈된 눈가 피부에 적당량을 덜어 펴 발라줍니다.,DermoCosmetics,Skincare
바이오더마 시카비오 크림+ 100ml(딥 리페어 크림),34400,"제조일로부터 3년, 개봉 후 6개월이내 사용 권장",크림 단계에서 적당량을 피부에 펴 바른 후 흡수시켜 줍니다.,DermoCosmetics,Skincare
[50%용량증정] 에스트라 에이시카365 흔적진정세럼 pH4.5 40ml 기획 (+세럼 20ml+크림 1ml),27100,36개월 (개봉 후 1년),크림 사용 전 1-2회 펌핑하여 얼굴 전체에 부드럽게 펴발라 줍니다.,DermoCosmetics,Skincare
[리피PICK/비타민C앰플]  닥터디퍼런트 씨이큐 안티옥시던트 세럼 15ml 2개입,68400,"개봉전 24개월, 개봉후 2개월",토너 사용 다음 단계에서 3-5 방울을 덜어 얼굴에 가볍게 발라준 뒤두드려 흡수시켜줍니다 . 고농도의 비타민 C 성분이 들어있어 약간 따끔거리는 느낌이 있을 수있으나 일시적 현상으로 정상적인 반응입니다 . 사용 기한 이내일지라도 사용 시좋은 품질을 위해 구매 후냉장 보관 및가능한 빠른 사용을 권장합니다 .,DermoCosmetics,Skincare
[한정기획] 피지오겔 시카밸런스 포맨 2종 (+플루이드 100ml or 크림 70ml),31900,제조일로부터 36개월(개봉후 12개월),"세안, 면도 후 스킨케어 단계에서 적당량을 취하여 얼굴 피부 위에 마사지하듯 두드려 흡수시켜 줍니다.",DermoCosmetics,Skincare
[광채리프팅PDRN] 리쥬란 턴오버 앰플 듀얼 이펙트 10ml 더블 단독기획(+앰플8ml),41500,제조일로부터 30개월 이내,step1. 세안 후 토너 등으로 피부 결을 전동해 수분 바탕을 만들어줍니다. step2. 리쥬란 힐러 턴오버 앰플 듀얼 이펙트의 뚜껑을 연 후 버튼을 눌러 유리관으로 앰플이 적당량 올라올 수 있게 해줍니다. step3. 피부 결을 따라 부드럽게 펴 바른 후 가볍게 두드려 흡수시켜줍니다. step4. 자연스러운 광채와 더 길어진 보습 영양감을 느껴보세요.,DermoCosmetics,Skincare
[진정/수분] 센텔리안24 마데카 크림 타임 리버스 50ml 더블 기획(+15ml*2),33890,제조일로부터 30개월 / 개봉 후 12개월,"아침, 저녁 세안 후 스킨케어 마지막 단계에서 적당량을 덜어 얼굴 전체에 부드럽게 펴 발라 흡수시켜 줍니다.",DermoCosmetics,Skincare
[안개분사미스트]에스트라 아토베리어365 크림미스트 120ml,23000,36개월(개봉 후 1년),연약하고 건조해진 피부에 수시로 뿌려줍니다,DermoCosmetics,Skincare
에르쯔틴 리제너레이티브 실트 크림 50g,22900,제조일로부터 30개월 / 개봉후 12개월 이내 사용,아첨 저녁 크림 단계에 본품 적당량 덜어 피부결을 따라 균일하게 발라주고 흡수시켜 줍니다.,DermoCosmetics,Skincare
피지오겔 레드수딩 시카밸런스 크림 80ml 대용량,25000,"개봉 전 36개월, 개봉 후 12개월",적당량을 취하여 얼굴 피부에 마사지하듯 두드려 흡수지켜 줍니다.,DermoCosmetics,Skincare
[10년연속1위] 유세린 하이알루론 3X 아이크림 15ml (기프트패키지),37900,1095일,적당량을 덜어 얼굴과 목 부위에 펴 발라줍니다.,DermoCosmetics,Skincare
[토너 200ml 본품증정] 피지오겔 DMT 리제너러티브 수분크림 100ml 한정기획,26900,제조일자로부터 36개월.,본 품 적당량을 취해 피부에 골고루 펴바릅니다.,DermoCosmetics,Skincare
제로이드 인텐시브 오인트 크림 80ml,30800,"개봉 전 제조일로부터 36개월간, 개봉 후에는 12개월 이내",1일 중 수회 적당량을 취해 얼굴이나 팔다리 등 필요한 부위에 골고구 펴 바릅니다. (Tip : 제형 특성상 적당히 손에서 롤링한 후 필요 부위에 적용하시면 사용이 더 편리합니다.),DermoCosmetics,Skincare
라로슈포제 시카플라스트 밤B5+ 40ml,23400,18개월 이상 남아있는 제품부터 순차적으로 발송 / 개봉 후 6개월,자극 및 손상받은 피부 전체에 부드럽게 펴 발라줍니다. (얼굴 전체에 바를 시 얇게 도포합니다.),DermoCosmetics,Skincare
피지오겔 레드수딩 시카밸런스 포어컨트롤 세럼 50ml,29900,제조일자로부터 36개월,"매일 아침, 저녁 세럼 및 에센스 단계에서 얼굴 피부에 피부결을 따라 부드럽게 펴발라 주세요",DermoCosmetics,Skincare
라로슈포제 에빠끌라 듀오+M 에센스 40ml,34000,제조일로부터 1년 6개월 이내의 상품을 순차적으로 발송 / 제조일로부터 3년 이내 / 개봉 후 12개월,세안 후 세럼/에센스 단계에서 적당량을 덜어 얼굴과 목에 부드럽게 펴 발라줍니다.,DermoCosmetics,Skincare
[2600만개 판매] 유세린 하이알루론 3X 나이트크림 50ML,40900,제조일로부터 1080일,매일 저녁 기초 케어 마지막 단계에서 적당량을 덜어 얼굴과 목 부위에 펴 발라줍니다.,DermoCosmetics,Skincare
[제이미포유 PICK]에스테덤 셀룰러 워터 에센스 125ml [단품/기획(+셀룰러워터 미스트 30ml)],41300,개봉후 6개월 이내 사용 권장,"세안 후 첫 단계 또는 셀룰러워터 미스트 사용 후, 손바닥에 적당량을 덜어 마사지하듯 흡수시켜 줍니다. 건조함이 느껴질 땐, 2~3회 레이어링하여 사용하면 더욱 좋습니다.",DermoCosmetics,Skincare
[손상/장벽 리페어] 아벤느 시칼파트 플러스 SOS 리페어 크림 40ml,18900,사용기한 36개월,"아침 저녁 세안 후, 적당량을 덜어 손상된 피부에 부드럽게 펴 발라 주세요.",DermoCosmetics,Skincare
[손상/장벽 리페어] 아벤느 시칼파트 플러스 SOS 리페어 크림 100ml 2입 기획,39900,"개봉전 3년, 개봉 후 1년이내 사용권장","1) 데일리 케어: #빠른손상***진정 외부 자극으로 거칠고 건조한 피부에 얇게 펴발라 주세요. 2) 인텐스 케어: #트러블****집중관리 트러블****부위에 발라 성난 피부를 진정시켜 주세요. 3) 스페셜 케어: #나이트케어수면팩 피부에 특별한 케어가 필요할 때 얇게 여러겹 펴발라 수면팩으로 활용해 보세요.   """,DermoCosmetics,Skincare
[각질/피지] 아벤느 클리낭스 A.H.A 세럼 30ml 기획 (+에센스인로션25ml+클렌징젤15ml+블레미쉬크림2ml),39900,"개봉전 3년, 개봉 후 1년이내 사용권장",세안 후 토너 다음 단계에서 사용합니다. 스포이드로 적당량을 덜어 피부에 부드럽게 바릅니다. 롤링하며 바르시면 더욱 매끈해진 피부 결을 느끼실 수 있습니다.,DermoCosmetics,Skincare
라로슈포제 에빠끌라 울트라 컨센트레이티드 세럼 30ml,34900,개봉전: 제조일로부터 3년 이내 / 개봉 후: 12개월,"아침 저녁, 토너 사용 후 에센스 단계에서 이마와 양 볼, 턱에 적당량을 덜어 부드럽게 마사지 해 스며들게 해 줍니다.",DermoCosmetics,Skincare
[온라인 단독기획]바이오더마 하이드라비오 세럼 더블기획(40ml+40ml),46800,"제조일로부터 3년 이내의 상품을 순차적으로 발송, 개봉 후 6개월 사용 권장","매일 아침 저녁 세안 후, 토너 사용 후 얼굴과 목에 두드리듯 발라줍니다. 하이드라비오 라인을 같이 사용하시면 더욱 효과적입니다.",DermoCosmetics,Skincare
[NEW]바이오더마 세비엄 세럼 30ml 기획 (+세비엄세럼 4ml+히알루+세럼 4ml),36000,"제조일로부터 3년 이내의 상품을 순차적으로 발송, 개봉 후 12개월","아침저녁, 토너 사용 후 세럼 단계에서 적당량을 덜어 얼굴에 부드럽게 펴 발라 흡수시켜 줍니다. 트러블 고민이 있는 가슴과 등에 사용해도 효과적입니다.",DermoCosmetics,Skincare
[한정기획] 피지오겔 DMT 페이셜 수분크림 150ml + 75ml 추가 증정,31900,제조일로부터 36개월..,적당량을 취하여 얼굴과 몸의 건조한 부위에 마사지 하듯 두드려 흡수시켜 줍니다.,DermoCosmetics,Skincare
[리뉴얼] 유세린 하이알루론 부스팅 에센스 100ml,38900,1095,"매일 아침/저녁, 세안 후 첫 단계 스킨케어 시 사용하세요. 적당량을 덜어 얼굴에 부드럽게 펴 바르고 피부에 마사지하듯 가볍게 톡톡 두드려 흡수시켜줍니다.",DermoCosmetics,Skincare
피지오겔 DMT 데일리보습 로션 200ml,21500,제조일자로부터 36개월,적당량을 취하여 피부에 마사지하듯 두드려 흡수시켜줍니다.,DermoCosmetics,Skincare
[트러블세럼] 에스트라 테라크네365 액티브 세럼 30ml,35700,36개월 (개봉 후 1년),세안 후 적당량을 손에 덜어 얼굴 전체에 부드럽게 발라 흡수시켜 줍니다.,DermoCosmetics,Skincare
[데이PICK/레티날0.1%] 닥터디퍼런트 비타리프트 에이 포르테 20g 기획,37440,"개봉전 24개월, 개봉 후 12개월",스킨케어 마지막 단계에서 본품 적당량을 취해 피부에 골고루 펴발라줍니다. 이 제품은 밤에 사용하는 나이트트리트먼트 크림입니다.,DermoCosmetics,Skincare
[수분크림1+1] 유세린 아쿠아포린 액티브 리치크림 건성피부용 50ml,39900,제조일로부터 18개월 이내의 상품을 순차적으로 발송합니다.,"매일 아침,저녁 토너 사용후 적당량을 덜어 얼굴과 목 부위에 펴 발라 줍니다.",DermoCosmetics,Skincare
[수분크림1+1] 유세린 아쿠아포린 액티브 라이트크림 복합성용 50ml,39900,제조일로부터 18개월 이내의 상품을 순차적으로 발송합니다.,매일 아침 기초 케어 마지막 단계에서 적당량을 덜어 얼굴과 목 부위에 펴 발라줍니다.,DermoCosmetics,Skincare
피지오겔 아쿠아 포맨 오일컷 올인원 100ml (단품/기획),22900,제조일로부터 36개월(개봉후 12개월),"세안, 면도 후 스킨케어 단계에서 적당량을 취하여 얼굴 피부 위에 마사지하듯 두드려 흡수시켜 줍니다.",DermoCosmetics,Skincare
[오리지널PDRN/광채크림] 리쥬란 힐러 턴오버 액티브 크림 50ml 기획(+더마힐러앰플 1ml*7ea),27900,제조일로부터 36개월 이내,"step1. 세안 후 토너 등으로 피부 결을 정돈해 수분 바탕을 만들어줍니다. step2. 리쥬란 힐러 턴오버 앰플 듀얼 이펙트를 적당량 덜어 피부 결을 따라 부드럽게 펴 바른 후 가볍게 두드려 흡수시켜줍니다. step3. 리쥬란 힐러 턴오버 택티브 크림을 적당량 덜어 피부 결을 따라 부드럽게 펴 발라, 얇고 숨쉬는 영양 보습막을 만들어 줍니다. TIP. 보습이 필요한 부위에 덧 바르셔도 좋습니다.",DermoCosmetics,Skincare
[1등세럼] 유세린 하이알루론 에피셀린 세럼 30ml 기획 (+ 미스트 50ml),69000,"1,095일","아침과 저녁 스킨 케어 루틴 첫 단계로 사용하세요. 세안 후 얼굴, 목, 데콜테 부위에 부드럽게 마사지하며 발라주세요. 사용 시 눈과의 접촉은 피해주세요.",DermoCosmetics,Skincare
아벤느 오 떼르말 150ml,13900,"개봉전 5년, 개봉 후 1년 이내 사용 권장",피부에 온천수를 가볍게 분사한 다음 20~32초간 그대로 두었다가 부드럽게 흡수시켜 주세요. * 얼굴 뿐 아니라 자극을 느끼는 신체의 모든 부위에 사용할 수 있습니다. * 메이크업 전/후 혹은 야외활동 등으로 피부가 햇볕에 많이 노출된 후에 뿌려주면 좋습니다.,DermoCosmetics,Skincare
[항산화 수분크림]에스테덤 셀룰러 워터 크림 50ml (주름개선기능성),41400,개봉후 6개월 이내 사용 권장,"매일 아침 저녁, 크림 사용 단계에서 손바닥에 적당량을 덜어 얼굴과 목에 부드럽게 펴 발라줍니다.",DermoCosmetics,Skincare
[6주모공세럼] 유세린 하이알루론 3X 컨센트레이트 5ml*6,40900,제조일로부터 720일,"사용하기 전 용기를 잘 흔들어줍니다. 매일 아침, 저녁 토너 사용 후, 제품을 손바닥에 덜어 얼굴에 마사지하듯 펴 발라줍니다.",DermoCosmetics,Skincare
[미백잡티] 유세린 이븐래디언스 듀오 앰플 30ml,29890,제조일로부터 30개월,"[듀오앰플30ml(15ml*2ea)] 매일 아침/저녁 어플리케이터를 사용하여 1Step부터 2-3방울을 가볍게 톡톡 두드려 충분히 흡수시켜 준 뒤, 2Step 2-3방울을 얼굴에 사용합니다.",DermoCosmetics,Skincare
에스트라 아토베리어365 세라-히알 속수분 앰플 30ml 기획 (+아토 크림 10ml+마스크팩 3매),24700,36개월 (개봉 후 1년),"아침, 저녁 적당량의 내용물을 덜어 얼굴에 부드럽게 펴 발라 흡수시켜 줍니다.",DermoCosmetics,Skincare
제로이드 인텐시브 로션 160ml,28800,"개봉 전 제조일로부터 36개월간,  개봉 후에는 12개월 이내",1일중 수회 적당량을 취해 얼굴이나 팔다리 등 필요한 부위에 골고루 펴 바릅니다. (Tip : 전신 또는 넓은 부위에 펴 바를 때에는 로션이 편리합니다.),DermoCosmetics,Skincare
라로슈포제 시카플라스트 B5 스프레이 100ml,22500,18개월 이상 남아있는 제품부터 순차적으로 발송 / 개봉 후 6개월,진정&수분 관리가 필요한 부위에 수시로 뿌려줍니다.,DermoCosmetics,Skincare
라로슈포제 히알루B5 세럼 30ml,56000,제조일로부터 3년 이내 / 1년 6개월이상 남은 제품부터 순차적 배송 / 개봉 후 12개월,"아침 저녁, 토너 사용 후 에센스 단계에서 이마와 양볼, 턱에 적당량을 덜어 부드럽게 마사지 해 스며들게 해 줍니다.",DermoCosmetics,Skincare
[장벽/보습]아벤느 트릭세라 뉴트리-플루이드 로션 200ml 더블 기획 *윤광 *광채 크림,35900,"개봉전 3년, 개봉 후 1년이내 사용권장",세안 및 목욕 후 건조한 피부에 전체적으로 펴 발라 주세요. 건조함이 심할 때는 수시로 얇게 덧발라주시면 더욱 효과적입니다.,DermoCosmetics,Skincare
아벤느 오 떼르말 미스트 150ml 2입 기획,20900,"개봉전 5년, 개봉 후 1년 이내 사용 권장",피부에 온천수를 가볍게 분사한 다음 20~32초간 그대로 두었다가 부드럽게 흡수시켜 주세요. * 얼굴 뿐 아니라 자극을 느끼는 신체의 모든 부위에 사용할 수 있습니다. * 메이크업 전/후 혹은 야외활동 등으로 피부가 햇볕에 많이 노출된 후에 뿌려주면 좋습니다.,DermoCosmetics,Skincare
[한정기획/리프팅]아벤느 HAB3 탄력 액티브 안티에이징 크림 50ml + 리필+괄사 기획,49900,"개봉전 3년, 개봉 후 1년이내 사용권장",스킨케어 단계에서 소량을 덜어 얇게 레이어링하듯 발라줍니다.,DermoCosmetics,Skincare
[기미잡티케어] 센텔리안24 마데카 멜라 캡처 앰플 맥스 15ml 2입 기획,23900,"제조일로부터 36개월, 개봉 후 12개월","1. 아침, 저녁으로 앰플 단계에서 스포이드로 적당량을 취해 얼굴 전체에 도포해줍니다. 2. 피부 결대로 안쪽으로 바깥쪽으로 부드럽게 마사지하듯 롤링하여 흡수시켜 줍니다.",DermoCosmetics,Skincare
[3중장벽강화 미스트] 유리아쥬 오떼르말 더블 기획 (300ml+300ml),22900,제조일로부터 1년 6개월 이내의 상품을 순차적으로 발송/개봉후 12개월,"흔들어 사용시 기포가 생겨 일시적으로 입자가 고르지 않게 분사될 수 있으니, 흔들지 말고 사용해주세요. 2~30cm 정도 떨어진 거리에서 뿌려주세요. 색조 메이크업 위에 사용해도 화장이 묻어나지 않습니다. 건조할 때 수시로 뿌려주세요.",DermoCosmetics,Skincare
피지오겔 레드수딩 AI 진정보습 로션 200ml,30000,제조일자로부터 36개월,적당량을 취하여 피부에 마사지하듯 두드려 흡수시켜 줍니다.,DermoCosmetics,Skincare
[기미잡티 개선] 도미나스 앳클리닉 트라넥삼산 스팟 샷 기미잡티 앰플 30ML,29900,제조일자로부터 36개월,"아침, 저녁 스킨(토너) 사용 후 적당량을 얼굴에 떨어뜨려, 피부결에 따라 부드럽게 펴 바른 뒤, 얼굴을 양손으로 감싸주듯 가볍게 눌러 흡수시켜 줍니다.",DermoCosmetics,Skincare
피지오겔 시카밸런스 세럼 50ml+시카밸런스 크림 10ml+시카밸런스 폼 20ml,29900,제조일자로부터 36개월,"매일 아침, 저녁 세럼 및 에센스 단계에서 얼굴 피부에 피부결을 따라 부드럽게 펴발라 주세요",DermoCosmetics,Skincare
[온라인몰 한정기획]바이오더마 하이드라비오 젤크림 2입 기획,45390,제조일로부터 3년 이내의 상품을 순차적으로 발송/ 개봉 후 6개월 사용 권장,"1) 아침, 저녁으로 토너,에센스 로션,세럼 다음단계에 사용하세요. 2) 적당량을 손에 덜어 얼굴과 목에 마사지하듯 발라 주세요.",DermoCosmetics,Skincare
라로슈포제 똘러리앙 덤알레르고 크림 40ml,29700,제조일로부터 3년 이내 / 개봉 후 12개월,"아침, 저녁 세안 후 크림 단계에 적당량을 덜어 얼굴과 목에 동그랗게 원을 그리듯이 부드럽게 펴 발라줍니다.",DermoCosmetics,Skincare
[손상/흔적 리페어]아벤느 시칼파트+ 블레미쉬 크림 40ml 더블 기획,30900,"개봉전 3년, 개봉 후 1년이내 사용권장","아침 저녁 세안 후, 적당량을 덜어 손상된 피부에 부드럽게 펴 발라 주세요.",DermoCosmetics,Skincare
[안티에이징/밀착보습막] 셀퓨전씨 레이저 리쥬버네이션 크림 50ml 더블 기획,28900,개봉 전 30개월 / 개봉 후 12개월,세안 후 스킨케어 마무리 단계에서 적당량을 얼굴 전체에 펴 발라 흡수시킵니다.,DermoCosmetics,Skincare
제로이드 인텐시브 크림 토너 200ml,28800,"개봉 전 제조일로부터 36개월간,  개봉 후에는 12개월 이내",세안 후 적당량을 취해 부드럽게 두드리며 흡수시켜줍니다. (TIP : 피부가 많이 건조할 때에는 2~3회 레이어링 하여 흡수시켜주세요.),DermoCosmetics,Skincare
[7월 올영픽] 라로슈포제 에빠끌라 K(+) 토너 200ml 기획 (+화장솜 증정),25900,개봉전: 제조일로부터 3년 이내 / 개봉 후: 12개월,피부 유분을 흡수해주는 미네랄 오일 파우더가 균질화 되도록 사용 전에 제품을 흔들어 주세요. 아침 저녁 세안 후 스킨 토너 단계에서 적당량을 화장 솜에 덜어 얼굴 전체에 부드럽게 닦듯이 펴 발라줍니다.,DermoCosmetics,Skincare
바이오더마 하이드라비오 세럼 40ml,28000,"제조일로부터 3년 이내의 상품을 순차적으로 발송,  개봉 후 6개월 사용 권장","매일 아침 저녁 세안 후, 토너 사용 후 얼굴과 목에 두드리듯 발라줍니다. 하이드라비오 라인을 같이 사용하시면 더욱 효과적입니다.",DermoCosmetics,Skincare
라로제 안티퍼티그 아이 컨투어 스틱 15ml (수분스틱),41800,개봉 후 12개월,"1. 눈가가 건조하거나 뻐근할 때 수시로 바릅니다. 2. 입술, 목, 손등 등 건조한 부위에 수시로 바릅니다.",DermoCosmetics,Skincare
제로이드 인텐시브 하이드레이팅 앰플 30ml,27000,"개봉 전 제조일로부터 36개월간,  개봉 후에는 12개월 이내","본 품 적당량을 취해 골고루 펴바릅니다.(Tip: 사용중인 크림에 적당량에 본 품을 두, 세 방울 정도 넣은 후 섞어 사용해도 좋습니다.)",DermoCosmetics,Skincare
[산뜻/지성크림] 닥터디퍼런트 113 모이스처라이저 100ml,26600,"개봉전 30개월, 개봉후 12개월",세안후 적당량을 취해 피부에 골고루 펴 바릅니다. 피부상태에 따라 건조함을 느낄 때 수시로 덧발라 사용합니다.,DermoCosmetics,Skincare
[티아미돌세럼/광채홈케어] 유세린 이븐래디언스 일루미네이팅 세럼 30ml 기획 (+나이트크림 7ml+마스크팩1매),39900,1095,"세안 후 토너로 얼굴결을 정돈한 후 얼굴 전체에 도포하여 흠수 시켜 줍니다,",DermoCosmetics,Skincare
파티온 노스카나인 트러블 클리어 토너 200ml,18400,"제조일로부터 36개월, 개봉 후 12개월 (2023년 1월 27일 이후 제조된 상품만을 취급)","세안 후 본 내용물을 화장솜에 충분히 적시어 피부 결을 따라 닦아내거나, 손바닥에 덜어 가볍게 두드리며 피부에 흡수 시켜줍니다.",DermoCosmetics,Skincare
[모공PDRN/피부결리셋]리쥬란 더마 힐러 포어 타이트닝 토너 패드 220ml(60매),27900,제조일로부터 24개월,"세안 후, 패드로 피부 결을 따라 부드럽게 닦아 낸 후 에센스를 흡수시켜줍니다. 특히 모공 고민이 큰 부위에는 팩으로 사용하여 집중적으로 케어해줍니다.",DermoCosmetics,Skincare
라로슈포제 에빠끌라 세럼 30ml 기획 (에빠끌라 폼 15ml+유비 톤업 클리어 3ml 증정),34900,18개월 이상 남아있는 제품부터 순차적으로 발송 / 개봉 후 12개월,"- 에빠끌라 세럼 아침 저녁, 토너 사용 후 에센스 단계에서 이마와 양 볼, 턱에 적당량을 덜어 부드럽게 마사지 해 스며들게 해 줍니다. -에빠끌라 포밍 크림 15ml 적당량을 젖은 손에 덜어 충분히 거품을 낸 후 젖은 얼굴과 목에 마사지한 후 미지근한 물로 말끔히 헹구어 내줍니다. -유비데아 안뗄리오스 톤업 클리어 메이크업 전 단계에서 적당량을 덜어 얼굴 전체에 부드럽게 펴 발라줍니다. 메이크업 프라이머, 베이스 대용으로 사용하셔도 좋습니다.",DermoCosmetics,Skincare
[민감진정세럼] 유리아쥬 시카 데일리 인텐스 리페어 세럼 30ml,37400,개봉 전 사용기간 제조일로부터 36개월 / 개봉 후 6개월,스포이드로 적당량을 덜어 피부에 골고루 바른 후 지그시 눌러 흡수시켜주세요.,DermoCosmetics,Skincare
[민감피부진정/쿨링수분크림] 셀퓨전씨 포스트 알파 시카 카밍 다운 크림 50ml 기획 (+50ml 리필),36000,제조일로부터 30개월 / 개봉 후 12개월,스킨케어 마지막 단계에서 적당량 덜어 피부 결을 따라 부드럽게 펴 발라 흡수시켜줍니다.,DermoCosmetics,Skincare
에스트라 테라크네365 하이드로 액티브 토너 200ml,25500,36개월 (개봉 후 1년),세안 후 적당량을 손에 덜어 얼굴 전체에 부드럽게 발라 흡수시켜 줍니다.,DermoCosmetics,Skincare
케어놀로지 리블루 나이트 페이셜 오일 50ml,75650,제조일로부터 30개월 (개봉 후 12개월),크림 전 단계에서 적당량을 취해 피부에 골고루 펴 발라준 뒤 두드려 흡수시켜줍니다. TIP. 크림과 함께 섞어 쓰면 더 깊은 보습감을 느낄 수 있습니다.,DermoCosmetics,Skincare
[메이크업아티스트 PICK]에스테덤 셀룰러 워터 미스트 200ml (항산화 미스트),35280,"제조일로부터 3년, 개봉 후 6개월 이내 사용 권장","세안 후 얼굴과 목에 미스트를 뿌린 뒤 가볍게 눌러 흡수시켜 줍니다. 건조함이 느껴질 땐, 미스트 흡수를 1~3번 반복해주면 더욱 좋습니다. 스킨케어 단계마다 뿌려 스킨케어의 효과를 높여줍니다. 하루 중 언제라도 수시로 미스트를 뿌리면 피부에 생기가 더해집니다.",DermoCosmetics,Skincare
[단독기획/레티날0.1%] 닥터디퍼런트 비타리프트 에이 포르테 2입 기획,67490,"개봉전 24개월, 개봉 후 12개월",스킨케어 마지막 단계에서 본품 적당량을 취해 피부에 골고루 펴발라줍니다. 이 제품은 밤에사용하는 나이트트리트먼트 크림입니다.,DermoCosmetics,Skincare
[30시간 보습지속/민감피부 장벽케어]리쥬란 더마힐러 모이스처 크림 60g 한정기획(+10g),32000,제조일로부터 30개월,스킨케어 마지막 단계에서 크림 적당량을 덜어 피부 결을 따라 부드럽게 펴 발라줍니다.,DermoCosmetics,Skincare
[단독기획] 파티온 노스카나인 트러블 모공탄력 세럼 50ml 기획(+5ml+크림 5ml),29800,"제조일로부터 36개월, 개봉 후 12개월 (2024년 7월 31일 이후 제조된 상품만을 취급)",세럼 또는 앰플 단계에서 피부에 골고루 펴발라 가볍게 두드려 흡수시켜 줍니다.,DermoCosmetics,Skincare
[괄사 아이세럼] 에스테덤 히알루로닉 아이세럼 15ml (주름개선기능성),61000,제조일로부터 3년 / 개봉후 6개월이내 사용 권장,적당량을 덜어 눈가에 부드럽게 펴발라줍니다. 전용 어플리케이터를 사용하여 마사지하면 더욱 좋습니다.,DermoCosmetics,Skincare
[레티날0.05%] 닥터디퍼런트 비타리프트 에이 20g,29480,"개봉전 24개월, 개봉 후 12개월",스킨케어 마지막 단계에서 본품 적당량을 취해 피부에 골고루 펴발라줍니다. 이 제품은 밤에사용하는 나이트트리트먼트 크림입니다.,DermoCosmetics,Skincare
[수분탄력에센스] 유리아쥬 글로우업 오 에센스 100ml,28800,개봉 전 제조일로부터 3년/개봉 후 12개월,"아침, 저녁 세안 후 토너로 피부결을 정돈한 다음 얼굴과 목에 문지르듯 롤링하며 흡수시켜 주세요. 더 촉촉하고 탄력있는 피부를 원할 땐, 여러 번 레이어링 하여 발라주어도 좋습니다.",DermoCosmetics,Skincare
제로이드 인텐시브 크림 80ml,27360,"개봉 전 제조일로부터 36개월간,  개봉 후에는 12개월 이내",1일중 수회 적당량을 취해 얼굴이나 팔다리 등 필요한 부위에 골고루 펴 바릅니다. (Tip : 세안 또는 목욕 후 3분 이내에 보습제를 사용하는 것이 좋습니다.),DermoCosmetics,Skincare
[생기/항산화 세럼]눅스 프로디쥬스 글로우 부스트 세럼 30ml 기획(+플로럴오일 10ml 증정),59000,제조일로부터 3년,"[세럼] 아침과 저녁, 양 볼과 이마에 적당량 덜어 부드럽게 흡수시켜 줍니다. ​ [오일] 바디에 건조함이 느껴질 때마다 적당량을 덜어내어 흡수시켜 줍니다.",DermoCosmetics,Skincare
[단독기획/대용량] 파티온 노스카나인 트러블 크림 45ml 기획(+20ml+세럼15ml),27900,"제조일로부터 36개월, 개봉 후 12개월 (2022년 10월 14일 이후 제조된 상품만을 취급)",크림 단계에서 피부에 골고루 펴 발라 가볍게 두드려 흡수시켜 줍니다.,DermoCosmetics,Skincare
[단독기획] 파티온 노스카나인 트러블 모공탄력 크림 45ml 기획(+15ml),27800,"제조일로부터 36개월, 개봉 후 12개월 (2024년 8월 6일 이후 제조된 상품만을 취급)",크림 단계에서 피부에 골고루 펴 발라 가볍게 두드려 흡수시켜 줍니다.,DermoCosmetics,Skincare
피지오겔 DMT 페이셜 수분크림 150ml,26900,■상품 별도기재,■적당량을 취하여 피부에 마사지하듯 두드려 흡수시켜줍니다.,DermoCosmetics,Skincare
[저자극 유분케어] 유세린 더모퓨리파이어 오일컨트롤 토너 200ml,26000,"주문일로부터 1년 6개월 이내의 제조 상품 배송, 제조일로부터 30개월 이내 사용(상품에는 '제품 사용 기한' 표기)","세안 후, 화장솜에 적당량을 덜어 피부 결을 따라 부드럽게 닦아 내듯이 발라준 후, 손으로 두드려 흡수시켜 줍니다.",DermoCosmetics,Skincare
[유수분밸런싱/산뜻수분젤] 셀퓨전씨 트리악 모이스처 젤 오인트 100ml,16300,개봉 전 36개월 / 개봉 후 12개월,세안 후 토너 다음 단계에서 적당량을 얼굴 전체에 펴발라 흡수시켜줍니다.,DermoCosmetics,Skincare
[한정수량/바르는 리쥬란] 리쥬란 힐러 턴오버 앰플 듀얼 이펙트 30ml+7ml 증정 기획,49900,제조일로부터 30개월 이내,step1. 세안 후 토너 등으로 피부 결을 전동해 수분 바탕을 만들어줍니다. step2. 리쥬란 힐러 턴오버 앰플 듀얼 이펙트의 뚜껑을 연 후 버튼을 눌러 유리관으로 앰플이 적당량 올라올 수 있게 해줍니다. step3. 피부 결을 따라 부드럽게 펴 바른 후 가볍게 두드려 흡수시켜줍니다. step4. 자연스러운 광채와 더 길어진 보습 영양감을 느껴보세요.,DermoCosmetics,Skincare
피지오겔 DMT 에센스 인 토너 200ml,24000,제조일자로부터 36개월,세안 후 적당량을 덜어 손으로 얼굴에 가볍게 두드려 흡수시켜주세요,DermoCosmetics,Skincare
피지오겔 DMT 포맨 에센셜 토너 200ml,24000,제조일자로부터 36개월 / 개봉 후 12개월,"세안, 면도 후 스킨케어 단계에서 적당량을 취하여 얼굴 피부 위에 마사지하듯 두드려 흡수시켜 줍니다.",DermoCosmetics,Skincare
[트러블로션] 에스트라 테라크네365 수딩 액티브 모이스처라이저 60ml,28000,36개월 (개봉 후 1년),토너 다음 단계에 적당량을 손에 덜어 얼굴 전체에 부드럽게 발라 흡수시켜 줍니다.,DermoCosmetics,Skincare
[진정/탄력] 센텔리안24 마데카 크림 타임 리버스 50ml,15010,제조일로부터 30개월 / 개봉 후 12개월,"아침, 저녁 세안 후 스킨케어 마지막 단계에서 적당량을 덜어 얼굴 전체에 부드럽게 펴 발라 흡수시켜 줍니다.",DermoCosmetics,Skincare
유세린 하이알루론 3X 어드벤스드 AOX 에센스 30ml,48000,제조일로부터 30개월 이내 사용(상품에는 '제품 사용 기한' 표기),"매일 아침 저녁, 토너 사용 후 세럼 및 에센스 단계에서 적당량을 얼굴에 부드럽게 펴 바르고 피부 타입에 따라 크림 혹은 에멀젼으로 마무리해줍니다.",DermoCosmetics,Skincare
바이오더마 아토덤 인텐시브 젤 크림 200ml,23100,제조일로부터 3년 이내의 상품을 순차적으로 발송/ 개봉 후 6개월 사용 권장,"세안 및 샤워 후, 적당량을 덜어 부드럽게 마사지하듯 발라줍니다.",DermoCosmetics,Skincare
[핑크빛생기나이트크림] 눅스 프로디쥬스 부스트 나이트 리커버리 오일 밤 50ml,49800,제조일로부터 3년,"매일 밤, 기초케어 마지막 단계에서 얼굴, 목, 데콜테 부위에 부드럽게 마사지하듯 발라주세요.​",DermoCosmetics,Skincare
[온라인몰 단독기획]유리아쥬 제모스 토너 500ml 2입 기획,45600,제조일로부터 1년 6개월 이내의 제품 발송 / 개봉후 12개월,"손에 적당량을 덜어내어 피부에 부드럽게 흡수시키거나, 화장솜에 토너를 적셔 피부 전체를 부드럽게 닦아내어 피부 결을 정돈하고 수분을 충전합니다.",DermoCosmetics,Skincare
피지오겔 DMT 리제너러티브 크림 100ml 한정기획 (+토너15ml+데일리뮨 앰플4ml),22000,제조일자로부터 36개월,본 품 적당량을 취해 피부에 골고루 펴바릅니다.,DermoCosmetics,Skincare
[한정기획]아벤느 시칼파트 플러스 S.O.S 크림 100ml 2입 기획 (+ 수딩인핸싱 마사저) *손상*장벽 리페어,45000,"개봉전 3년, 개봉 후 1년이내 사용권장","1) 데일리 케어: #빠른손상***진정 외부 자극으로 거칠고 건조한 피부에 얇게 펴발라 주세요. 2) 인텐스 케어: #트러블****집중관리 트러블****부위에 발라 성난 피부를 진정시켜 주세요. 3) 스페셜 케어: #나이트케어수면팩 피부에 특별한 케어가 필요할 때 얇게 여러겹 펴발라 수면팩으로 활용해 보세요.   """,DermoCosmetics,Skincare
[PDRN브라이트닝/수량한정]리쥬란 힐러 트리플 래디언스 앰플 10ml 더블 기획(+5ml+1ml*3)(2506),43900,30개월,"세안 후 토너로 피부 결을 정돈하고, 앰플 적당량을 취해 피부 결을 따라 부드럽게 발라 흡수시켜줍니다.",DermoCosmetics,Skincare
[주름 강력개선]LBB 인텐시브 모이스처라이징 아이크림 15ml,48000,제조일로부터 36개월 / 개봉 후 12개월,"매일 저녁 잠들기 전 기초 케어를 마친 후, 눈가에 적당량을 펴발라 손가락으로 두드리며 흡수시켜 줍니다.",DermoCosmetics,Skincare
[진정/속보습] 센텔리안24 마데카 데일리 리페어 토너 단독 기획 (150ml+50ml),20850,"제조일로부터 30개월, 개봉 후 12개월",본품 적당량을 취해 얼굴에 부드럽게 롤링하여 흡수시켜줍니다.,DermoCosmetics,Skincare
[빠른진정토너] 유리아쥬 배리어덤 시카 토너 250ml,19900,제조일로부터 1년 6개월 이내의 제품 발송 / 개봉후 6개월,"파우더가 잘 섞이도록 흔들어준 뒤, 화장솜에 적당량을 덜어 피부결을 따라 닦아내듯이 사용합니다. 민감해진 피부를 빠르게 진정시키기 위해서는 화장솜을 듬뿍 적셔서 진정이 필요한 부위에 올려놓아 진정팩으로 사용이 가능합니다.",DermoCosmetics,Skincare
테라로직 마데셀 더마 리페어 B5 토너 280ml,19900,제조일로부터 36개월 (개봉 후 12 개월),"""1. 적당량 손에 덜어 얼굴에 골고루 펴 발라 톡톡 두드리고 손바닥으로 한 번 더 흡수시켜 깊은 보습 관리를 해줍니다. 2. 집중케어가 필요한 날에는 토너를 화장솜에 듬뿍 적셔 자극받은 피부에 올려주어 간편하게 진정팩으로 사용합니다. 3. 적당량의 토너를 얼굴과 목에 한 번 더 흡수시켜주면 촉촉한 보습감이 오래 유지됩니다.""",DermoCosmetics,Skincare
[1등세럼/모공피지] 센텔리안24 마데카 분말 티트리 에이씨 기획 (겔 세럼 15ml),19900,제품 별도표기일까지 / 제조일로부터 24개월 / 개봉 후 6개월,적당량을 덜어 피부 고민 부위에 부드럽게 펴 발라 흡수시켜 줍니다. (사용 TIP: 마데카 분말을 고민 부위에 수시로 덧발라 케어 하거나 토너 사용 후 마데카 겔 세럼 히알론 듀와 섞어서 얼굴 전체에 펴 발라 흡수시켜 줍니다.),DermoCosmetics,Skincare
[피지각질토너] 유리아쥬 이제악 토너 250ML기획 (+ 화장솜 20매 증정),19900,개봉 전 사용기간 제조일로부터 36개월 / 개봉 후 12개월,세안 후 화장솜에 적당량을 덜어 얼굴 전체적으로 부드럽게 닦아내줍니다. 눈가는 피해서 사용해주세요.,DermoCosmetics,Skincare
에스트라 리제덤365 모공탄력 캡슐세럼 30ml,40800,36개월(개봉후 1년),"아침, 저녁 세안 후 적당량을 취하여 마사지하듯 얼굴 전체에 골고루 펴 발라 흡수시켜 줍니다.",DermoCosmetics,Skincare
[리쥬란 퍼스트에센스]리쥬란 더마 힐러 트리트먼트 에센스 70g 기획,40000,제조일로부터 36개월,"세안 후 토너로 피부 결을 정돈하고,  적당량을 취해 피부 결을 따라 부드럽게 발라 흡수시켜줍니다.",DermoCosmetics,Skincare
[수분/진정] 아벤느 클리낭스 아쿠아크림-인-젤 수분 크림50ml 2입기획,39900,"개봉전 3년, 개봉 후 1년이내 사용권장","- 클리낭스 클렌징 젤로 세안 후, 기초 마지막 단계에서 얼굴에 가볍게 두들기며 펴발라주세요. - 피부 고민이 진정이 필요할 땐, 아벤느 파워 컨트롤 세럼을 사용 후 클리낭스 클렌징 젤을 사용해주세요.",DermoCosmetics,Skincare
[광채 항산화] 피지오겔 사이언수티컬즈 데일리뮨 앰플 세럼 20ml,39900,제조일자로부터 24개월,아침 저녁 스킨케어 단계에서 적당량을 덜어 얼굴 및 목 피부에 피부결을 따라 부드럽게 펴 발라주세요.,DermoCosmetics,Skincare
[3일 리프팅] 메디톡스 뉴라덤 코어타임 앰플 2개입,39900,제조일로부터 36개월,"코어타임 앰플 뚜껑을 열고, 앰플 용기의 버튼 부분을 시계 반대방향으로 돌려 잠금을 풀어줍니다. 아침 저녁 세안 후 토너/스킨 단계 후에 주름 개선이 필요한 부위에 충분히 도포 해줍니다. 안쪽에서 바깥쪽으로 피부결을 따라 마사지하듯 롤링하여 충분히 흡수해줍니다.",DermoCosmetics,Skincare
[비타민C 앰플] 피지오겔 사이언수티컬즈 데일리뮨 앰플 세럼 20ml + 4ml + 마스크팩 1매 한정기획,39900,제조일자로부터 24개월,매일 아침 저녁 토너 사용 후 세럼 및 에센스 단계에서 스포이드로 2-3방울을 얼굴 피부에 부드럽게 펴 바르어 줍니다.,DermoCosmetics,Skincare
[장벽앰플] 아벤느 시칼파트+ 인텐스 세럼 30ml 기획 (+에센스인로션25ml+클렌징젤15ml+블레미쉬크림2ml),39900,"개봉전 3년, 개봉 후 1년이내 사용권장",세안 후 토너 다음 단계에서 사용합니다. 펴바르는 단계에서 톡톡 두드리며 흡수시키면 더욱 촉촉한 피부를 느끼실 수 있습니다.,DermoCosmetics,Skincare
유세린 볼륨 리프팅 아이크림 15ml,39200,제조일로부터 36개월 이내의 제품의 상품을 순차적으로 발송합니다.,"매일 아침, 저녁 토너로 정돈된 눈가 피부에 적당량을 덜어 아주 부드럽게 펴 바릅니다.",DermoCosmetics,Skincare
바이오더마 아토덤 인텐시브 밤 500ml,38400,"제조일로부터 36개월, 개봉 후 6개월 사용 권장","세안 및 샤워 후, 적당량을 덜어 피부에 부드럽게 마사지 하듯 발라줍니다. *페이스부터 바디까지 사용",DermoCosmetics,Skincare
[PDRN]에스트라 리제덤365 밀도탄력 캡슐크림 50ml,38200,36개월 (개봉 후 1년),"아침, 저녁 세안 후 적당량을 취하여 마사지하듯 얼굴 전체에 골고루 펴 발라 흡수시켜 줍니다.",DermoCosmetics,Skincare
[미백잡티] 유세린 이븐래디언스 모이스처라이저 50ml,38000,제조일로부터 30개월,"[모이스처라이저(50ml)] 매일 아침/저녁, 2-3회 펌프질하여 피부에 마사지하듯 부드럽게 흡수시켜줍니다.",DermoCosmetics,Skincare
[레티날0.1%] 닥터디퍼런트 비타리프트 에이 포르테 20g,37440,"개봉전 24개월, 개봉 후 12개월",스킨케어 마지막 단계에서 본품 적당량을 취해 피부에 골고루 펴발라줍니다. 이 제품은 밤에사용하는 나이트트리트먼트 크림입니다.,DermoCosmetics,Skincare
[국제 모공 특허성분/세로 모공 개선] 필킨X약손명가 포어솔루션 타이트닝 크림 50ml,37400,제조일로부터 30개월,기초 케어 마지막 단계에서 제품의 적당량을 덜어 피부 아래에서 위로 마사지하듯 쓸어 올려 발라줍니다.,DermoCosmetics,Skincare
[장벽광채크림] 유리아쥬 제모스 PSO 150ml 기획 (+오떼르말 50ml 증정),36000,개봉 전 제조일로부터 3년/개봉 후 6개월,손에 적당량을 덜어내어 피부에 부드럽게 흡수시켜주세요. (건조하여 각질이 올라오는 피부 & 건성피부),DermoCosmetics,Skincare
[NEW]바이오더마 세비엄 세럼 30ml,36000,"제조일로부터 3년 이내의 상품을 순차적으로 발송, 개봉 후 12개월","아침저녁, 토너 사용 후 세럼 단계에서 적당량을 덜어 얼굴에 부드럽게 펴 발라 흡수시켜 줍니다. 트러블 고민이 있는 가슴과 등에 사용해도 효과적입니다.",DermoCosmetics,Skincare
[단독기획] 테라로직 레틴에이 안티 링클 3D 크림 20g+마데셀 크림20ml 기획,37000,제조일로부터 36개월,본 품 적당량을 취해 피부에 골고루 펴 바릅니다.,DermoCosmetics,Skincare
[장벽크림] 유세린 울트라 센서티브 리페어 크림 50ml,35000,제조일로부터 18개월 이내의 상품을 순차적으로 발송합니다.,매일 아침 저녁으로 기초 케어 토너 다음 단계에서 적당량을 덜어 얼굴 전체에 펴 발라줍니다.,DermoCosmetics,Skincare
파티온 노스카나인 트러블 흔적 리페어 크림 50ml 기획 (+5ml),35000,"제조일로부터 36개월, 개봉 후 12개월 (2024년 8월 이후 제조된 상품만을 취급)",크림 단계에서 피부에 골고루 펴 발라 가볍게 두드려 흡수시켜 줍니다.,DermoCosmetics,Skincare
더마라인 디렉소 PDRN 솔루션 살몬 앰플 35ml,35000,제조일로부터 36개월,"뚜껑을 오픈한 뒤 전용 어플리케이터를 병에 꽂으신 다음, 병을 뒤집어서 앰플 용액을 추출하세요. 원하는 부위 혹은 얼굴 전체에 어플리케이터로 양을 조절해 부드럽게 펴발라 줍니다.",DermoCosmetics,Skincare
[진정보습] 센텔리안24 마데카 데일리 리페어 앰플 50ml (첫단계진정앰플),34000,"제조일로부터 30개월, 개봉 후 12개월",스킨케어 첫단계에서 적당량을 취해 얼굴에 부드럽게 롤링하여 흡수시켜줍니다.,DermoCosmetics,Skincare
[단독기획] 파티온 노스카나인 트러블 흔적 앰플 30ml 기획 (+트러블 세럼 15ml),34000,"제조일로부터 36개월, 개봉 후 12개월제조일로부터 36개월, 개봉 후 12개월 (2022년 6월 15일 이후 제조된 상품만을 취급)",세럼 또는 앰플 단계에서 피부에 골고루 펴 발라 가볍게 두드려 흡수시켜 줍니다.,DermoCosmetics,Skincare
바이오더마 아토덤 인텐시브 밤 75ml,16150,개봉 후 6개월 사용 권장,"세안 및 샤워 후, 적당량을 덜어 피부에 부드럽게 마사지 하듯 발라줍니다. *페이스부터 바디까지 사용",DermoCosmetics,Skincare
[단독기획] 파티온 노스카나인 트러블 모공탄력 세럼 20ml 기획(+5ml),15900,"제조일로부터 36개월, 개봉 후 12개월 (2024년 7월 31일 이후 제조된 상품만을 취급)",세럼 또는 앰플 단계에서 피부에 골고루 펴발라 가볍게 두드려 흡수시켜 줍니다.,DermoCosmetics,Skincare
바이오더마 아토덤 인텐시브 밤 200ml,33000,개봉 후 6개월 사용 권장,"세안 및 샤워 후, 적당량을 덜어 피부에 부드럽게 마사지 하듯 발라줍니다. *페이스부터 바디까지 사용",DermoCosmetics,Skincare
[대용량] 에스테덤 하이드라 로션 맥스 400ml,34300,"제조일로부터 3년 이내의 상품을 순차적으로 발송, 개봉 후 6개월 사용 권장","화장솜에 충분히 덜어 피부결을 따라 부드럽게 닦아주듯 바른 후 흡수시켜 줍니다. 피부 상태에 따라 토너를 손에 적당량 덜어 한번 더 피부에 흡수 시켜주거나, 화장솜에 토너를 충분히 적셔 스킨팩으로 활용해줍니다.",DermoCosmetics,Skincare
[극강보습] 이지듀 베리어 리페어 보습케어 크림 105ml,32000,제조일로부터 36개월,기초 스킨케어 마지막 단계에서 적당한 양을 덜어 얼굴 전체에 펴 발라줍니다.,DermoCosmetics,Skincare
피지오겔 시카밸런스 포맨 카밍 크림 70ml,32000,제조일로부터 36개월(개봉후 12개월),적당량을 취하여 얼굴 피부에 마사지하듯 두드려 흡수시켜 줍니다.,DermoCosmetics,Skincare
[단독기획/속건조해결] 파티온 포도당 하이드로 에센스토너 300ml 더블 기획(2개입),32000,"제조일로부터 36개월, 개봉 후 12개월(2025년 2월 28일 이후 제조된 상품만을 취급)",화장솜 혹은 손에 덜어 피부결을 따라 부드럽게 흡수시켜 줍니다.,DermoCosmetics,Skincare
피지오겔 포맨 기획 4종 (DMT 플루이드/DMT크림/시카 플루이드/시카 크림),29900,제조일로부터 36개월(개봉후 12개월),"세안, 면도 후 스킨케어 단계에서 적당량을 취하여 얼굴 피부 위에 마사지하듯 두드려 흡수시켜 줍니다.",DermoCosmetics,Skincare
제로이드 수딩 크림 80ml,25500,"개봉 전 제조일로부터 36개월간,  개봉 후에는 12개월 이내",1일중 수회 적당량을 취해 얼굴이나 팔다리 등 필요한 부위에 골고루 펴 바릅니다. (Tip : 세안 또는 목욕 후 3분 이내에 보습제를 사용하는 것이 좋습니다.),DermoCosmetics,Skincare
[피부장벽/진정] 닥터디퍼런트 시카 메탈 크림 50g(기획/단품),29930,"개봉전 30개월, 개봉후 12개월",크림 단계에서 적당량을 취해 거칠고 민감해진 피부 부위에 부드럽게 펴발라 흡수시켜 줍니다,DermoCosmetics,Skincare
[NEW] 피지오겔 레드 수딩 AI 리페어 크림 100ml,29900,제조일자로부터 36개월,적당량을 취하여 얼굴 피부에 마사지하듯 두드려 흡수시켜 줍니다,DermoCosmetics,Skincare
[모공PDRN/모공리프팅] 리쥬란 더마 힐러 포어 타이트닝 앰플 30ml 기획(앰플10ml+토너패드 2매*2ea),34900,제조일로부터 30개월 이내,앰플 단계에서 피부결을 따라 부드럽게 펴 바른 후 두드리며 흡수시켜 줍니다.,DermoCosmetics,Skincare
[수분크림] 에스트라 아토베리어365 하이드로 수딩크림 60ml,29700,36개월 (개봉 후 1년),- 연약하고 건조해진 피부 부위에 사용하는 제품입니다. - 적당량을 덜어 얼굴에 부드럽게 펴 발라주고 가볍게 두드려 충분히 흡수시켜 줍니다.,DermoCosmetics,Skincare
바이오더마 시카비오 크림+ 40ml(딥 리페어 크림),28000,"제조일로부터 3년, 개봉 후 6개월이내 사용 권장",크림 단계에서 적당량을 피부에 펴 바른 후 흡수시켜 줍니다.,DermoCosmetics,Skincare
유세린 이븐래디언스 다크서클 아이크림 15ml,27300,제조일로부터 30개월,"[아이크림(15ml)] 매일 아침/저녁, 토너로 피부 결을 정돈한 뒤 다크서클 고민이 있는 눈가에 적당량을 덜어 톡톡톡 부드럽게 펴 발라주세요.",DermoCosmetics,Skincare
에스트라 아토베리어365 로션 150ml,29700,36개월 (개봉 후 1년),"아침, 저녁 적당량의 내용물을 덜어 얼굴에 부드럽게 펴 발라 흡수시켜줍니다.",DermoCosmetics,Skincare
아이디플라코스메틱 엑소브이 프로리프팅 크림 50ml (리뉴얼)(2503),12430,제조일자로 부터 36개월,세안 후 스킨케어 마지막 단계에서 피부에 부드럽게 펴 발라 흡수시켜 줍니다.,DermoCosmetics,Skincare
[목주름 개선] 도미나스 앳클리닉 레티놀 1600 넥 샷 목주름 세럼 30ml,25900,제조일자로부터 36개월,"아침, 저녁 세안 후 목 주변 전체에 펴 발라, 목 안쪽에서 위로 쓸어 올리는 듯한 동작으로 부드럽게 바릅니다. 얼굴과 데콜테 부위도 함께 사용 가능합니다.",DermoCosmetics,Skincare
[트러블케어] 닥터디퍼런트 비타아크날 TX 나이트 크림 20g,25840,24개월 (개봉 후 12개월),스킨케어 마지막 단계에서 본품 적당량을 취해 피부에 골고루 펴발라줍니다. 이 제품은 밤에사용하는 나이트트리트먼트 크림입니다.,DermoCosmetics,Skincare
[로즈 토너]눅스 베리로즈 리프레쉬 토너 200ml 기획(+ 멀티 플로럴 오일 10ml),26400,제조일자로부터 36개월/ 개봉 후 18개월,"세안 후 | 필요한 만큼 덜어서 피부에 바른 후 부드럽게 두드려 흡수시켜 주세요. 각질이 걱정일 때, 코튼 패드에 덜어서 부드럽게 닦아주세요.",DermoCosmetics,Skincare
피지오겔 DMT 페이셜 크림 75ml,19900,■상품기재,■적당량을 취하여 피부에 마사지하듯 두드려 흡수시켜줍니다.,DermoCosmetics,Skincare
제나벨 PDRN 리쥬비네이팅 토너 300ml,18260,제조후 36개월/ 개봉후12개월,"아침, 저녁 세안 후 본 품 적당량을 덜어 얼굴에 골고루 펴 발라 잘 흡수시켜줍니다.",DermoCosmetics,Skincare
라로슈포제 에빠끌라 AI 15ml,18000,제조일로부터 3년 이내 / 개봉후 12개월,"아침 저녁, 적당량을 덜어 트러블과 그 주변 부위에 수시로 얇게 펴 발라주거나 잠들기 전 트러블 위치에 두껍게 찍어 발라줍니다.",DermoCosmetics,Skincare
[3중장벽강화 미스트] 유리아쥬 오떼르말 50ml(N),6400,"제조일로부터 2년 이내의 상품을 순차적으로 발송, 유통기한 개봉후(또는 제조일로부터) 6개월",2~30cm 정도 떨어진 거리에서 뿌려주세요.,DermoCosmetics,Skincare
라로슈포제 오떼르말 온천수 미스트 150ml,19550,제조일로부터 1년 8개월 이내의 상품을 순차적으로 발송 / 사용기한 : 제조일로부터 3년 이내,20~30cm 간격을 두고 피부에 뿌려 흡수시킨 뒤 티슈로 가볍게 눌러줍니다. 토너 대용으로 사용 가능합니다. (흔들어 사용하지 않습니다.),DermoCosmetics,Skincare
아벤느 오떼르말 미스트 300ml,26000,"개봉전 5년, 개봉 후 1년 이내 사용 권장",피부에 온천수를 가볍게 분사한 다음 20~32초간 그대로 두었다가 부드럽게 흡수시켜 주세요. * 얼굴 뿐 아니라 자극을 느끼는 신체의 모든 부위에 사용할 수 있습니다. * 메이크업 전/후 혹은 야외활동 등으로 피부가 햇볕에 많이 노출된 후에 뿌려주면 좋습니다.,DermoCosmetics,Skincare
[탄력/보습크림] 닥터디퍼런트 131 모이스처라이저 100ml,30240,"개봉전 30개월, 개봉 후 12개월",세안후 적당량을 취해 피부에 골고루 펴 바릅니다. 피부상태에 따라 건조함을 느낄 때 수시로 덧발라 사용합니다.,DermoCosmetics,Skincare
[진정영양/장벽크림] 유리아쥬 제모스 페이스 2입 기획 (40ml+40ml+제모스토너 50ml 증정),39000,제조일로부터 2년 이내의 상품 발송/개봉후 12개월,[제모스 페이스] 적당량을 덜어 얼굴에 부드럽게 펴 발라주세요. [제모스 토너] 세안 후 화장솜에 적당량을 덜어 가볍게 닦아내듯 피부결을 정돈해줍니다.,DermoCosmetics,Skincare
[피부장벽/진정] 닥터디퍼런트 시카 메탈 크림 50g,29930,"개봉전 30개월, 개봉후 12개월",크림 단계에서 적당량을 취해 거칠고 민감해진 피부 부위에 부드럽게 펴발라 흡수시켜 줍니다,DermoCosmetics,Skincare
[항산화 부스터] 에스테덤 셀룰러 워터 미스트 100ml (항산화 미스트),23900,개봉후 6개월 이내 사용 권장,"세안 후 얼굴과 목에 미스트를 뿌린 뒤 가볍게 눌러 흡수시켜 줍니다. 건조함이 느껴질 땐, 미스트 흡수를 1~3번 반복해주면 더욱 좋습니다. 스킨케어 단계마다 뿌려 스킨케어의 효과를 높여줍니다. 하루 중 언제라도 수시로 미스트를 뿌리면 피부에 생기가 더해집니다.",DermoCosmetics,Skincare
[속수분충전/매끈피부결] 셀퓨전씨 약산성 패리어 토너 300ml,25000,"제조일로부터 1년6개월 이내의 상품을 순차적으로 발송, 유통기한 개봉후 12개월","1. 스킨케어 첫 단계에서 화장솜에 내용물을 충분히 취해 피부결을 따라 부드럽게 닦아낸 후, 남은 내용물을 톡톡 두르려 흡수시켜 줍니다. 2. 스페셜 케어가 필요할 시, 여러 번 레이어링 하거나 스킨팩으로 사용해도 됩니다.",DermoCosmetics,Skincare
라로슈포제 에빠끌라 K(+) 토너 200ml (지성 피부),28800,개봉전: 제조일로부터 3년 이내 / 개봉 후: 12개월,피부 유분을 흡수해주는 미네랄 오일 파우더가 균질화 되도록 사용 전에 제품을 흔들어 주세요. 아침 저녁 세안 후 스킨 토너 단계에서 적당량을 화장 솜에 덜어 얼굴 전체에 부드럽게 닦듯이 펴 발라줍니다.,DermoCosmetics,Skincare
[SOS 손상개선크림] 유리아쥬 배리어덤 시카 크림 40ml,19200,제조일로부터 2년 이내의 상품을 순차적으로 발송/개봉후 6개월,크림 단계에서 적당량을 덜어 얼굴과 몸에 부드럽게 펴 발라줍니다.,DermoCosmetics,Skincare
엠브리올리스 하이드라 세럼 30ml,47000,"제조일로부터 3년, 개봉 후 12개월","아침, 저녁 세안 후 토너로 피부를 정돈한 뒤 적당량을 덜어 피부에 부드럽게 흡수시켜 줍니다.",DermoCosmetics,Skincare
[속보습/보송피부결] 더말로지카 딥모이스춰 스킨 스무딩 크림 50ml,46000,별도 표기 / 개봉 후 12개월,스킨과 에센스 사용 후 얼굴과 목에 전체적으로 가볍게 펴 발라줍니다.,DermoCosmetics,Skincare
[뿌리는 쫀쫀거품 토너] 더말로지카 3 in 1 멀티-액티브 토너 50ml (쿨링/진정/수분),14000,별도 표기 / 개봉 후 12개월,세안 또는 각질제거 / 마스크 후 얼굴과 목에 분사한뒤 가볍게 두들겨 흡수시켜줍니다.,DermoCosmetics,Skincare
[트러블/미리방지] 닥터디퍼런트 비타아크날 TX 캡슐세럼 30ml,25840,"제조일로부터 36개월, 개봉후12개월",에센스 또는 앰플 단계에서 적당량(3~5방울) 덜어 얼굴에 바른 뒤 두드려 흡수시켜 줍니다. ※ TX PORE캡슐의 흡수를 위해 얼굴에 롤링하기 보다는 두드려 흡수시키는 것을 권장합니다.,DermoCosmetics,Skincare
[단독기획] 센텔리안24 링클셀 코어 아이크림 더블 기획 (세럼10ml x 2ea 증정),57000,"개봉 전 30개월, 개봉 후 12개월","세럼 사용 전 혹은 후 집중 케어가 필요한 눈가, 입가등의 부위에 적당량을 덜어 부드럽게 펴 발라 흡수시켜 줍니다.",DermoCosmetics,Skincare
[수분장벽토너] 유리아쥬 제모스 토너 (본품500ml+250ml 추가 증정),43000,개봉 전 사용기간 제조일로부터 36개월 / 개봉 후 12개월,"손에 적당량을 덜어내어 피부에 부드럽게 흡수시키거나, 화장솜에 토너를 적셔 피부 전체를 부드럽게 닦아내어 피부 결을 정돈, 수분을 충전합니다. 1. 토너를 적신 토너패드로 피부 전체를 부드럽게 닦아내어 피부 결을 정돈, 수분을 충전합니다 2. 속건조가 심한 부위에 토너패드를 붙여 스킨팩으로 활용해주세요. 2~3분 후 떼어내면 촉촉+매끈+메이크업 잘 먹는 피부 완성!",DermoCosmetics,Skincare
[리피PICK/비타민C앰플] 닥터디퍼런트 씨이큐 안티옥시던트 세럼 15ml 2종(1개/2개입),33920,"개봉전 24개월, 개봉후 2개월",토너 사용 다음 단계에서 3-5 방울을 덜어 얼굴에 가볍게 발라준 뒤두드려 흡수시켜줍니다 . 고농도의 비타민 C 성분이 들어있어 약간 따끔거리는 느낌이 있을 수있으나 일시적 현상으로 정상적인 반응입니다 . 사용 기한 이내일지라도 사용 시좋은 품질을 위해 구매 후냉장 보관 및가능한 빠른 사용을 권장합니다 .,DermoCosmetics,Skincare
[영양장벽케어] 눅스 레브드미엘 울트라 컴포팅 베리어 크림 50ml,36900,제조일로부터 1년 6개월 이내의 상품을 순차적으로 발송/개봉후 12개월,기초 마지막 단계에서 적당량을 덜어 얼굴과 목에 잘 펴 발라줍니다.,DermoCosmetics,Skincare
[모공케어] 유세린 더머토클린 클래리파잉 토너 200ml,28000,"주문일로부터 1년 6개월 이내의 제조 상품 배송, 제조일로부터 36개월 이내 사용(상품에는 '제품 사용 기한' 표기)","세안 후, 화장솜에 적당량을 덜어 피부 결을 따라 부드럽게 닦아 내듯이 발라준 후, 손으로 두드려 흡수시켜 줍니다.",DermoCosmetics,Skincare
[온가족 페이스&바디크림] 유리아쥬 제모스 끄렘 200ml,27200,개봉 전 제조일로부터 3년/개봉 후 9개월,적당량을 손에 덜어 건조한 얼굴과 몸에 부드럽게 펴 발라 흡수시켜주세요.,DermoCosmetics,Skincare
라로슈포제 똘러리앙 덤알레르고 플루이드 40ml,27000,제조일로부터 3년 이내 / 개봉 후 12개월,"아침, 저녁 세안 후 크림 단계에 적당량을 덜어 얼굴과 목에 동그랗게 원을 그리듯이 부드럽게 펴 발라줍니다._",DermoCosmetics,Skincare
[1등수분밀착크림/민감피부개선] 셀퓨전씨 약산성 패리어 수분 크림 80ml,22900,"제조일로부터 1년6개월 이내의 상품을 순차적으로 발송, 유통기한 개봉후 12개월.","세안 후 아침, 저녁 스킨케어 마지막 단계에서 적당량을 취해 부드럽게 펴 발라줍니다.",DermoCosmetics,Skincare
[민감/진정크림]아벤느 똘레랑스 컨트롤 크림 40ml,35000,"개봉전 3년, 개봉 후 1년이내 사용권장","적당량 펌핑하여 피부에 골고루 펴바른 후 가볍게 두드리듯 흡수시켜줍니다. 특히 진정이 필요한 부위, 건조한 부위에 덧바르면 좋습니다.",DermoCosmetics,Skincare
[이동욱 PICK] 더마펌 모이스트 베리어 부스팅 토너 M4 200ml(민감보습),30000,36개월(개봉 후 12개월),"고,중,저분자의 크기가 다른 히알루론산들이 건조한 피부를 촉촉하게 채워줍니다. 각질케어로 많이 쓰이는 AHA, BHA성분보다 민감한 피부에 추천하는 글루코노락톤(PHA)이 수분공급을 막는 각질을 산뜻하게 정돈해 맑고 촉촉한 수분충전을 도와줍니다.",DermoCosmetics,Skincare
[이동욱 PICK] 더마펌 바이오 코렉션 앰플 세라-드롭 M4 50ml(보습장벽),33000,"제조일로부터 36개월, 개봉 후 12개월",토너 다음 단계에서 적당량을 덜어내 손으로 부드럽게 펴 바른 후 가볍게 두드려 흡수시켜 줍니다.,DermoCosmetics,Skincare
[피부특화 DNA성분] 리쥬란힐러 턴오버 액티브 크림 50ml,27900,제조일로부터 36개월 이내,"step1. 세안 후 토너 등으로 피부 결을 정돈해 수분 바탕을 만들어줍니다. step2. 리쥬란 힐러 턴오버 앰플 듀얼 이펙트를 적당량 덜어 피부 결을 따라 부드럽게 펴 바른 후 가볍게 두드려 흡수시켜줍니다. step3. 리쥬란 힐러 턴오버 택티브 크림을 적당량 덜어 피부 결을 따라 부드럽게 펴 발라, 얇고 숨쉬는 영양 보습막을 만들어 줍니다. TIP. 보습이 필요한 부위에 덧 바르셔도 좋습니다.",DermoCosmetics,Skincare
[국내 유일 특허 c-PDRN] 리쥬란 힐러 턴오버 앰플 듀얼 이펙트 30ml,49900,제조일로부터 30개월 이내,step1. 세안 후 토너 등으로 피부 결을 전동해 수분 바탕을 만들어줍니다. step2. 리쥬란 힐러 턴오버 앰플 듀얼 이펙트의 뚜껑을 연 후 버튼을 눌러 유리관으로 앰플이 적당량 올라올 수 있게 해줍니다. step3. 피부 결을 따라 부드럽게 펴 바른 후 가볍게 두드려 흡수시켜줍니다. step4. 자연스러운 광채와 더 길어진 보습 영양감을 느껴보세요.,DermoCosmetics,Skincare
[슬로우에이징]바이오더마 센시비오 디펜시브 40ml,30000,제조일로부터 3년 이내의 상품을 순차적으로 발송/ 개봉 후 6개월 사용 권장,클렌징 워터로 세안 후 적당량을 덜어 얼굴과 목에 충분히 도포합니다.,DermoCosmetics,Skincare
센텔리안24 마데카 옴므 수딩 토너 150ml,27000,"제조일로부터 30개월, 개봉 후 12개월",본 품 적당량을 취해 피부에 골고루 펴 바른다.,DermoCosmetics,Skincare
아벤느 오 떼르말 미스트 300ml*2 + 50ml 기획,34000,"개봉전 3년, 개봉 후 1년이내 사용권장",피부에 온천수를 가볍게 분사한 다음 부드럽게 흡수시켜 주세요. * 얼굴 뿐 아니라 자극을 느끼는 신체의 모든 부위에 사용할 수 있습니다. * 메이크업 전/후 혹은 야외활동 등으로 피부가 햇볕에 많이 노출된 후에 뿌려주면 좋습니다.,DermoCosmetics,Skincare
[광채미스트]에스테덤 씨티 프로텍트 미스트 100ml,58650,제조일로부터 3년 / 개봉후 6개월이내 사용 권장,"스킨케어 마지막 단계에 피부 보호를 위해 사용합니다. 얼굴 전체에 원을 그리듯 분사하여 가볍게 흡수시킵니다. 골프나 야외 활동이 많은 경우, 수시로 사용하여 피부를 보호합니다. 자외선에 노출될 경우에는 자외선 차단제를 함께 사용하여 피부를 더 완벽하게 보호합니다.",DermoCosmetics,Skincare
피지오겔 DMT 포맨 페이셜 크림 80ml,24000,제조일자로부터 36개월 / 개봉 후 12개월,"세안, 면도 후 스킨케어 단계에서 적당량을 취하여 얼굴 피부 위에 마사지하듯 두드려 흡수시켜 줍니다.",DermoCosmetics,Skincare
피지오겔 DMT 포맨 플루이드 100ml,28000,제조일자로부터 36개월 / 개봉 후 12개월,"세안, 면도 후 스킨케어 단계에서 적당량을 취하여 얼굴 피부 위에 마사지하듯 두드려 흡수시켜 줍니다.",DermoCosmetics,Skincare
[광채결광에센스]눅스 베리로즈 결광 에센스 150ml (+코튼패드 20매 증정),35100,개봉 전 제조일로부터 3년 / 개봉 후 12개월,"에센스용 : 세안 후 스킨 다음 단계에서 적당량을 덜어 눈가와 입가를 제외한 얼굴에 골고루 펴 바르고 흡수시켜준 뒤, 크림 단계로 마무리하여 피부의 보습막을 강화해줍니다. 토너용: 세안 후, 화장솜에 충분한 양의 세럼을 덜어 눈가와 입가를 제외한 얼굴 전체적으로 부드럽게 닦아낸 뒤 흡수시켜줍니다.",DermoCosmetics,Skincare
[수분/진정]아벤느 클리낭스 아쿠아크림-인-젤 수분 크림 50ml,32000,"개봉전 3년, 개봉 후 1년이내 사용권장","- 클리낭스 클렌징 젤로 세안 후, 기초 마지막 단계에서 얼굴에 가볍게 두들기며 펴발라주세요. - 피부 고민이 진정이 필요할 땐, 아벤느 파워 컨트롤 세럼을 사용 후 클리낭스 클렌징 젤을 사용해주세요.",DermoCosmetics,Skincare
[리쥬란 독자소재_저자극 안심성분]리쥬란 더마힐러 모이스처 트리트먼트 앰플 30ml,45000,제조일로부터 30개월 이내,앰플 단계에서 피부결을 따라 부드럽게 펴 바른 후 두드리며 흡수시켜 줍니다.,DermoCosmetics,Skincare
[리쥬란 독자소재_저자극 안심성분] 리쥬란 더마 힐러 모이스처 트리트먼트 에센스 70g,40000,제조일로부터 36개월,"세안 후 토너로 피부 결을 정돈하고,  적당량을 취해 피부 결을 따라 부드럽게 발라 흡수시켜줍니다.",DermoCosmetics,Skincare
[리쥬란 독자성분 PDRx]리쥬란 더마 힐러 모이스처 크림 60g,45000,제조일로부터 30개월,스킨케어 마지막 단계에서 크림 적당량을 덜어 피부 결을 따라 부드럽게 펴 발라줍니다.,DermoCosmetics,Skincare
[5겹장벽크림] 파티온 노스카나인 트러블 크림 45ml,21500,"제조일로부터 36개월, 개봉 후 12개월 (2022년 10월 14일 이후 제조된 상품만을 취급)",크림 단계에서 피부에 골고루 펴 발라 가볍게 두드려 흡수시켜 줍니다.,DermoCosmetics,Skincare
[수분 /보습] 아벤느 이드랑스 아쿠아 크림-인-젤 EX 수분 크림 50ml,32000,"개봉전 3년, 개봉 후 1년이내 사용권장","아침,저녁 토너로 피부 결 정돈 후,적당량을 덜어 얼굴과 목 전체에 부드럽게 펴 바른 다음 가볍게 두드려 흡수시켜 줍니다.",DermoCosmetics,Skincare
[진정/속보습] 센텔리안24 마데카 데일리 리페어 에센스로션 100ml,30000,"제조일로부터 30개월, 개봉 후 12개월",토너 사용 후 적당량을 취해 얼굴에 부드럽게 롤링하여 흡수시켜줍니다.,DermoCosmetics,Skincare
[항산화 세럼]바이오더마 센시비오 디펜시브 세럼 30ml,48000,"제조일로부터 3년 이내의 상품을 순차적으로 발송, 개봉 후 6개월 사용 권장","아침, 저녁으로 세럼 단계에서 적당량을 덜어 얼굴과 목에 부드럽게 펴 발라줍니다.",DermoCosmetics,Skincare
[토닝빛세럼/슬로우에이징] 셀퓨전씨 토닝 C 잡티세럼 30ml,18600,개봉 전 30개월 / 개봉 후 12개월,토너 다음 단계*에서 사용해주세요. (*토너로 피부결을 정돈한 후) 데일리로 사용할 때는 선크림으로 마무리하여 자외선으로부터 피부를 지켜주세요.,DermoCosmetics,Skincare
[이동욱PICK]더마펌 수분보습 진정 크림 50ml+50ml 기획,27300,제조일로부터 36개월 (개봉 후 12 개월),"아침, 저녁 세안 후 손바닥이나 화장솜에 적당량 덜어 피부결에 따라 부드럽게 발라 줍니다.",DermoCosmetics,Skincare
[PDRN기미크림/광노화케어 신소재] 리쥬란 바이옴 힐러 유스 포뮬러 크림 50ml,49000,제조일로부터 36개월 이내,"아침, 저녁 스킨케어 최종 단계에서 크림 적당량을 덜어 피부 결을 따라 부드럽게 펴 발라줍니다.",DermoCosmetics,Skincare
[가벼운 사용감] 피지오겔 DMT 하이드로 수딩 젤 크림 70ml,23500,제조일로부터 36개월.,적당량을 취하여 얼굴 피부에 마사지하듯 두드려 흡수시켜 줍니다.,DermoCosmetics,Skincare
[가벼운 여름용] 피지오겔 DMT 하이드로 젤 수분크림 70ml+30ml 기획,29500,제조일로부터 36개월.,적당량을 취하여 얼굴 피부에 마사지하듯 두드려 흡수지켜 줍니다.,DermoCosmetics,Skincare
[토닝빛세럼/슬로우에이징] 셀퓨전씨 토닝 C 잡티세럼 30ml+20ml 기획,28000,개봉 전 30개월 / 개봉 후 12개월,토너 다음 단계*에서 사용해주세요. (*토너로 피부결을 정돈한 후) 데일리로 사용할 때는 선크림으로 마무리하여 자외선으로부터 피부를 지켜주세요.,DermoCosmetics,Skincare
[오리지널PDRN/윤광&물광크림]리쥬란 힐러 턴오버 액티브 크림 50ml 기획(+턴오버 앰플 3ml 증정),27900,제조일로부터 36개월 이내,"step1. 세안 후 토너 등으로 피부 결을 정돈해 수분 바탕을 만들어줍니다. step2. 리쥬란 힐러 턴오버 앰플 듀얼 이펙트를 적당량 덜어 피부 결을 따라 부드럽게 펴 바른 후 가볍게 두드려 흡수시켜줍니다. step3. 리쥬란 힐러 턴오버 액티브 크림을 적당량 덜어 피부 결을 따라 부드럽게 펴 발라, 얇고 숨쉬는 영양 보습막을 만들어 줍니다. TIP. 보습이 필요한 부위에 덧 바르셔도 좋습니다.",DermoCosmetics,Skincare
후시다인 더마 트러블 밸런싱 세럼 40g,35000,36개월,세럼 또는 앰플 단계에서 적당량을 손에 덜어 얼굴전체에 골고루 펴발라 흡수시켜 줍니다.,DermoCosmetics,Skincare
후시다인 후시드 크림 플러스 45g 2입 기획(45g+45g),25000,제조일로부터 36개월 (개봉 후 12개월),"세안 후 스킨 및 토너로 피부결을 정돈한 후, 스킨 케어의 마지막 단계에서 본 품 적당량을 취하여 가볍게 펴발라 피부에 흡수시켜 줍니다. 고민 부위는 한번 더 레이어드하여 사용하시면 더욱 좋습니다.",DermoCosmetics,Skincare
[수분 충전]아벤느 이드랑스 에센스인로션 200ml,32000,"개봉전 3년, 개봉 후 1년이내 사용권장",세안 후 적당량을 덜어 얼굴에 펴 발라줍니다.,DermoCosmetics,Skincare
[NEW] 피지오겔 사이언수티컬즈 데일리뮨 글로우 에센스 100ML,60000,제조일자로부터 24개월,아침 저녁 스킨케어 단계에서 적당량을 덜어 얼굴 및 목 피부에 피부결을 따라 부드럽게 펴 발라주세요.,DermoCosmetics,Skincare
[핑크빛생기아이크림]눅스 프로디쥬스 부스트 아이 밤 젤 15ml,38700,제조일로부터 3년,눈가 고민 부위를 중심으로 가볍게 펴 발라줍니다.​,DermoCosmetics,Skincare
[생기부스팅크림] 눅스 프로디쥬스 부스트 글로우 부스팅 크림 40ml,49800,제조일로부터 3년,세럼 사용 후 적당량을 덜어 피부에 골고루 발라 흡수시켜주세요.​,DermoCosmetics,Skincare
[SOS 진정크림] 유리아쥬 푸루리시드 칼라민 젤크림 100ml 기획 (+스탠드 증정),30600,제조일로부터 3년/개봉 후 12개월,"- 묽은 젤 텍스처 제형입니다. 제품을 필요한 부위에 얇고 넓게 도포해주세요. - 민감하거나, 진정이 필요한 부위 어디든 (얼굴, 몸) 모두 사용 가능합니다. - 첫 사용시에는 기압차로 인하여, 제품이 흐르지 않도록 토출구 방향을 위로하여 돌려 열어주세요.",DermoCosmetics,Skincare
후시다인 더마 트러블 밸런싱 토너 150ml,25000,36개월,적당량을 손에 덜어 얼굴 전체에 골고루 펴발라 흡수시켜 줍니다.,DermoCosmetics,Skincare
후시다인 더마 트러블 밸런싱 크림 50ml,35000,36개월,적당량을 손에 덜어 얼굴 전체에 골고루 펴발라 흡수시켜 줍니다.,DermoCosmetics,Skincare
오가나셀 펩타이드 리커버리 크림 50ml,51000,제조일로부터 36개월,본품 적당량을 취해 피부에 골고루 펴 바릅니다.,DermoCosmetics,Skincare
오가나셀 바이오 액티옴 크림 50ml,61000,제조일로부터 36개월,본품 적당량을 취해 피부에 골고루 펴 바릅니다.,DermoCosmetics,Skincare
아벤느 클리낭스 파워 컨트롤 세럼 30ml *스팟 케어,33000,"개봉전 3년, 개봉 후 1년이내 사용권장","아침/저녁 클렌징 젤로 세안 및 토너로 피부결 정돈 후, 얼굴 트러블** 부위에 적당량을 덜어 골고루 펴 발라 줍니다.",DermoCosmetics,Skincare
테라로직 피토세라 프로 안티옥시던트 10X 탄력앰플 50ml,36900,제조일로부터 36개월 / 개봉 후 12개월,"""1. 세안 후 토너로 피부결을 정돈한 뒤 앰플을 적당량 펌핑하여 안쪽부터 부드럽게 펴 발라 가볍게 두드려 흡수시켜주세요 2. 눈가, 팔자, 목 등 주름/탄력이 고민되는 부위에는 한번 더 레이어링 하여 집중 케어해주세요. 3. 앰플을 흡수 시킨 후, 피토세라 크림을 한겹 레이어링 해주면 더욱 탄탄한 탄력리프팅 케어를 할 수 있습니다.""",DermoCosmetics,Skincare
[이주연PICK]테라로직 레티놀 안티링클3D 모공 앰플 30ml,35900,제조일로부터 730일 / 개봉후 6개월,"1. 저녁 스킨케어로 토너 사용 후 레틴A앰플을 이마와 양볼, 목에 스포이드 1회씩 펴발라 주세요. 2. 레틴A앰플 사용 후 레틴A크림을 발라주면 더욱 효과적입니다. 3. 다음날 약산성 클렌저로 세안, 자외선 차단제를 꼼꼼히 사용합니다. 4. 피부 민감한 날에는 크림 양을 줄이거나 사용을 멈춥니다.",DermoCosmetics,Skincare
테라로직 피토세라 프로 안티옥시던트 10X 탄력리프팅 크림 50ml,37000,제조일로부터 36개월 / 개봉 후 12개월,"""1. 피부결을 정돈한 후 스킨케어 마무리 단계에서 눈가, 팔자, 목 등 탄력 고민 부위에 적당량을 도포하여 골고루 펴 발라 흡수시켜줍니다. 2. 눈에 띄게 주름이 고민되는 부위에는 한번 더 소량 레이어링 하여 집중 케어해주세요. 3. 마사지를 병행하면 깊은 영양 보습은 물론 주름, 탄력케어와 윤광 리프팅에 더욱 효과를 보실 수 있습니다.""",DermoCosmetics,Skincare
바이오더마 하이드라비오 히알루+ 세럼 30ml,52000,"제조일로 부터 3년 이내의 상품을 순차적으로 발송, 개봉 후 6개월 사용 권장","아침, 저녁 하이드라비오 토너와 에센스로션 사용 후 세럼단계에서 적당량을 덜어 얼굴과 목에 부드럽게 펴 발라 흡수시켜 줍니다.",DermoCosmetics,Skincare
센텔리안24 마데카 크림 타임 리버스 단독 기획 (15ml*2ea + 랩마스크 3매),38000,제조일로부터 30개월 / 개봉 후 12개월,"아침, 저녁 세안 후 스킨케어 마지막 단계에서 적당량을 덜어 얼굴 전체에 부드럽게 펴 발라 흡수시켜 줍니다.",DermoCosmetics,Skincare
[10분진정] 이지듀 베리어 리페어 보습케어 크림 50ml,34000,제조일로부터 36개월,기초 스킨케어 마지막 단계에서 적당한 양을 덜어 얼굴 전체에 펴 발라줍니다.,DermoCosmetics,Skincare
아벤느 오떼르말 미스트 50ml 2입 기획,18000,"개봉전 5년, 개봉 후 1년 이내 사용 권장",피부에 온천수를 가볍게 분사한 다음 20~32초간 그대로 두었다가 부드럽게 흡수시켜 주세요.,DermoCosmetics,Skincare
[손상/장벽 리페어] 아벤느 시칼파트 플러스 SOS 리페어 크림 100ml 기획 (+40ml),40000,"개봉전 3년, 개봉 후 1년이내 사용권장","1) 데일리 케어: #빠른손상***진정 외부 자극으로 거칠고 건조한 피부에 얇게 펴발라 주세요. 2) 인텐스 케어: #트러블****집중관리 트러블****부위에 발라 성난 피부를 진정시켜 주세요. 3) 스페셜 케어: #나이트케어수면팩 피부에 특별한 케어가 필요할 때 얇게 여러겹 펴발라 수면팩으로 활용해 보세요.   """,DermoCosmetics,Skincare
[탄력/리프팅] 톡스앤필 아이 앤 페이스세럼30ml,39000,제조일로부터 1095일,피부결 정돈 후 주름 고민 부위에 골고루 펴 바릅니다.,DermoCosmetics,Skincare
[진정보습/장벽케어] 톡스앤필 판테놀 세럼 30ml,26200,제조일로부터 1095일,적당량을 덜어 고민 부위에 부드럽게 펴 바릅니다.,DermoCosmetics,Skincare
[진정보습/장벽케어] 톡스앤필 판테놀 밤30ml,39000,제조일로부터 1095일,적당량을 고민 부위에 부드럽게 펴 바릅니다.,DermoCosmetics,Skincare
[한정기획] 피지오겔 사이언수티컬즈 데일리뮨 앰플 세럼 20ml+글로우에센스 20ml+마스크팩 1매 기획,45000,제조일자로부터 24개월,매일 아침 저녁 토너 사용 후 세럼 및 에센스 단계에서 스포이드로 2-3방울을 얼굴 피부에 부드럽게 펴 바르어 줍니다.,DermoCosmetics,Skincare
리쥬란 바이옴 힐러 유스포뮬러 앰플 30ml기획 (+더마힐러 앰플1ml*7+더마힐러 크림10g+더마힐러 마스크23ml),63000,제조일로부터 36개월 이내,앰플 단계에서 피부 결을 따라 부드럽게 펴 바른 후 두드리며 흡수시켜 줍니다.,DermoCosmetics,Skincare
[각질/피지]아벤느 클리낭스 A.H.A 세럼 30ml,48000,"개봉전 3년, 개봉 후 1년이내 사용권장","매일 아침/저녁 2회, 깨끗하게 세안한 피부에 스포이드로 적당량을 덜어 부드럽게 발라줍니다. 고민이 있는 부위에는 한번 더 레이어링해서 사용해주세요.",DermoCosmetics,Skincare
피지오겔 시카밸런스 포맨 카밍 토너 200ml,32000,제조일로부터 36개월(개봉후 12개월),"세안, 면도 후 스킨케어 단계에서 적당량을 취하여 얼굴 피부 위에 마사지하듯 두드려 흡수시켜 줍니다.",DermoCosmetics,Skincare
피지오겔 시카밸런스 포맨 카밍 플루이드 100ml,38000,제조일로부터 36개월(개봉후 12개월),"세안, 면도 후 스킨케어 단계에서 적당량을 취하여 얼굴 피부 위에 마사지하듯 두드려 흡수시켜 줍니다.",DermoCosmetics,Skincare
[3일 리프팅/이시안PICK] 메디톡스 뉴라덤 코어타임 앰플 15ml 2종 택1,21900,제조일로부터 3년,"코어타임 앰플 뚜껑을 열고, 앰플 용기의 버튼 부분을 시계 반대방향으로 돌려 잠금을 풀어줍니다. 아침 저녁 세안 후 토너/스킨 단계 후에 주름 개선이 필요한 부위에 충분히 도포 해줍니다. 안쪽에서 바깥쪽으로 피부결을 따라 마사지하듯 롤링하여 충분히 흡수해줍니다.",DermoCosmetics,Skincare
[장벽개선] 메디톡스 뉴라덤 뉴로락토 모이스처라이저 80ml,33000,제조일로부터 30개월,적당량을 덜어 피부 안쪽부터 바깥쪽으로 부드럽게 펴 발라 흡수 시켜줍니다.,DermoCosmetics,Skincare
[피부결토너] 메디톡스 뉴라덤 뉴로락토 토너 150ml,25000,제조일로부터 30개월,세안 후 스킨케어 첫 단계에서 화장솜 또는 손에 적당량을 덜어 피부 안쪽으로 부터 바깥쪽으로 부드럽게 흡수 시켜 줍니다.,DermoCosmetics,Skincare
[쿨링/붓기완화] 메디톡스 뉴라덤 카밍 오로라 미스트 100ml,27000,제조일로부터 30개월,"사용 전 가볍게 제품을 흔들어 준 다음, 얼굴에서 15cm 간격을 두고 2-3회 골고루 뿌려줍니다.",DermoCosmetics,Skincare
에스트라 아토베리어365 하이드로 에센스 200ml (AD),24000,36개월 (개봉 후 1년),에센스 단계에서 적당량을 덜어 얼굴에 부드럽게 펴 발라주고 가볍게 두드려 흡수시켜 줍니다,DermoCosmetics,Skincare
[올리브영 단독기획/기미잡티]에스테덤 비타민C2 미백 앰플 10ml 2입 기획,74400,제조일로부터 3년 사용 가능/※개봉 후 15일 이내 사용 권장,"[사용방법] 본품 적당량을 취해 피부에 골고루 펴 바른다 1. 아침, 저녁 얼굴과 목 전체에 1펌프를 도포해주며, 최적의 효과를 위해 14일간 꾸준하게 사용합니다. 2. 특수 용기 사용법: 제품 뒷면의 보호 필름 제거 후, 소프트 버튼을 2회 눌러준 뒤 15초 동안 충분히 흔들어 완성된 포뮬러를 사용합니다. [사용 순서] 1. 제품 뒷면의 호일을 제거하고, 바닥의 고무면을 세게 눌러줍니다. 2. 2가지 비타민C가 혼합되도록, 15초간 제품을 흔들어줍니다. 3. 제품 뒤를 눌러 완성된 포뮬러가 나오면 얼굴에 도포합니다.",DermoCosmetics,Skincare
[비타민C앰플/기미잡티]에스테덤 비타민C2 미백 앰플 10ml,74000,제조일로부터 3년 사용 가능/※개봉 후 15일 이내 사용 권장,"[사용방법] 본품 적당량을 취해 피부에 골고루 펴 바른다 1. 아침, 저녁 얼굴과 목 전체에 1펌프를 도포해주며, 최적의 효과를 위해 14일간 꾸준하게 사용합니다. 2. 특수 용기 사용법: 제품 뒷면의 보호 필름 제거 후, 소프트 버튼을 2회 눌러준 뒤 15초 동안 충분히 흔들어 완성된 포뮬러를 사용합니다. [사용 순서] 1. 제품 뒷면의 호일을 제거하고, 바닥의 고무면을 세게 눌러줍니다. 2. 2가지 비타민C가 혼합되도록, 15초간 제품을 흔들어줍니다. 3. 제품 뒤를 눌러 완성된 포뮬러가 나오면 얼굴에 도포합니다.",DermoCosmetics,Skincare
제나벨 PDRN 비타 토닝 앰플 30ml,20250,제조 후 2년/ 개봉 후 6개월,"위아래로 흔들어 비즈를 가볍게 섞은 다음, 두세 방울 떨어뜨려 얼굴 전체에 부드럽게 펴발라 흡수 시켜줍니다.",DermoCosmetics,Skincare
에르쯔틴 리제너레이티브 실트 앰플 50ml,43500,제조일로부터 30개월,스킨으로 피부 결 정리 후 에센스 단계에서 적당량을 덜어 부드럽게 펴 발라준 후 충분히 흡수시켜 줍니다. 저녁 스킨케어 시 건조한 눈가와 입가는 한번 더 레이어링 하여 수분을 차곡차곡 쌓아주세요,DermoCosmetics,Skincare
[손상/흔적 리페어] 아벤느 시칼파트+ 블레미쉬 크림 40ml,26000,"개봉전 3년, 개봉 후 1년이내 사용권장","아침 저녁 세안 후, 적당량을 덜어 손상된 피부에 부드럽게 펴 발라 주세요.",DermoCosmetics,Skincare
후시다인 더마 포어 4D 콜라겐 세럼 50ml,28500,36개월,적당량을 덜어 내어 얼굴 전체에 마사지하듯 부드럽게 펴 발라 흡수시켜 줍니다.,DermoCosmetics,Skincare
[오리지널 PDRN 부스팅]리쥬란 리커버 힐러 부스팅 젤 200ml,42000,제조일로부터 36개월 이내 사용,1. 타겟 초음파 카트리지 장착 후 리쥬란 리커버 힐러 부스팅 젤을 도포해 주세요. 2.카트리지를 피부에 밀착 후 SHOT 버튼을 누르면서 케어 해줍니다. 3.메주 고주파 카트리지로 교체 후 젤을 발라줍니다. 4. 카트리지를 피부에 밀착 후 SHOT 버튼을 누르면서 케어 해줍니다.,DermoCosmetics,Skincare
도미나스 앳클리닉 아르기닌E 아이 샷 세럼 20ml,35900,개봉 후 사용 기간 : 12개월 (소비자 주문서 접수일을 기준으로 36개월 이내 제조된 상품만 판매),"적당량을 토출하여 눈가, 미간 등 고민 부위에 펴 바른 후 어플리케이터를 이용하여 부드럽게 마사지하여 흡수시켜줍니다.",DermoCosmetics,Skincare
[모공앰플]아벤느 HAB3 탄력 액티브 안티에이징 세럼 30ml 기획/단품,39900,"개봉전 3년, 개봉 후 1년이내 사용권장","스킨케어 단계에서 한 방울을 떨어뜨려 얼굴, 눈가, 목 부위에 발라줍니다. 오 떼르말 미스트를 뿌리고 세럼을 바르면 더욱 빠르고 부드럽게 흡수됩니다.",DermoCosmetics,Skincare
[리프팅]아벤느 HAB3 탄력 액티브 안티에이징 크림 50ml,39900,"개봉전 3년, 개봉 후 1년이내 사용권장",스킨케어 단계에서 소량을 덜어 얇게 레이어링하듯 발라줍니다.,DermoCosmetics,Skincare
[한정기획] 피지오겔 DMT 페이셜 수분크림 150ml+리젠크림 2ml 3개입 기획,47500,제조일로부터 36개월..,적당량을 취하여 얼굴과 몸의 건조한 부위에 마사지 하듯 두드려 흡수시켜 줍니다.,DermoCosmetics,Skincare
[1등앰플/기미잡티케어] 센텔리안24 마데카 멜라 캡처 앰플 맥스 38ml 스페셜 기획 (+패드 6ml*5),62000,제품 별도 표기일까지 / 제조일로부터 30개월 / 개봉 후 6개월,"- 앰플 1. 아침, 저녁으로 앰플 단계에서 스포이드로 적당량을 취해 얼굴 전체에 도포해줍니다. 2. 피부 결대로 안쪽으로 바깥쪽으로 부드럽게 마사지하듯 롤링하여 흡수시켜 줍니다. - 패드 1. 패드를 한 장 꺼내어 기미, 잡티 고민 부위에 가볍게 올려둡니다. 2. 10~20분 후, 내용물이 눈에 들어가지 않도록 가볍게 쓸어내리듯 닦아내며 피부결을 정돈합니다.",DermoCosmetics,Skincare
제로이드 더마뉴얼 리페어 크림 15ml,15000,"개봉 전 제조일로부터 36개월간,  개봉 후에는 12개월 이내",1일중 수회 적당량을 취해 필요한 부위에 골고루 펴 바릅니다. (Tip : 외부 요인으로 일시적으로 피부가 건조해졌을 때에는 충분한 보습을 위해 보습제를 수시로 덧발라주는 것이 좋습니다.),DermoCosmetics,Skincare
피토메르 이드라 오리지널 멜팅크림 30ml,36660,"개봉 전 36개월, 개봉 후 12개월 이내 사용","아침, 저녁 세럼 후 적당량을 얼굴 전체에 도포합니다.",DermoCosmetics,Skincare
피토메르 이드라 오리지널 멜팅크림 50ml,74260,"개봉 전 36개월, 개봉 후 12개월 이내 사용","아침, 저녁 세럼 후 적당량을 얼굴 전체에 도포합니다.",DermoCosmetics,Skincare
피토메르 로제비자쥐 250ml,58000,"개봉 전 36개월, 개봉 후 12개월 이내 사용",화장솜에 적당량을 덜어 메이크업 및 불순물을 부드럽게 제거 또는 피부 결을 정돈합니다.,DermoCosmetics,Skincare
피토메르 올리고포스 세럼 이드라땅 어드밴스드 30ml,150000,"개봉 전 36개월, 개봉 후 12개월 이내 사용",세럼 단계에서 눈가를 피해 얼굴 부위별로 1방울씩 떨어뜨려 흡수시킵니다. (피부 중에 가장 예민한 눈가는 따가울 수 있어 피해 바르고 아이크림 사용하는 것을 권장합니다.),DermoCosmetics,Skincare
[수분앰플]에스트라 아토베리어365 세라-히알 속수분 앰플 30ml,24700,36개월 (개봉 후 1년).,"아침, 저녁 적당량의 내용물을 덜어 얼굴에 부드럽게 펴 발라 흡수시켜 줍니다.",DermoCosmetics,Skincare
[광채 항산화] 피지오겔 사이언수티컬즈 데일리뮨 글로우 에센스 70ml,39900,제조일자로부터 24개월,아침 저녁 스킨케어 단계에서 적당량을 덜어 얼굴 및 목 피부에 피부결을 따라 부드럽게 펴 발라주세요.,DermoCosmetics,Skincare
[뿌리는 진정토너]LBB 모이스처라이징 프라임 토너 100ml,37000,제조일로부터 36개월 / 개봉 후 12개월,1. 스킨케어 첫 단계에서 얼굴에 2~3cm 떨어진 상태에서 분사 후 가볍게 두드려 흡수시켜 줍니다. 2. 피부에 보습과 진정이 필요할 때마다 수시로 뿌려줍니다.,DermoCosmetics,Skincare
[피부장벽]LBB 셀룰라 인텐시브 케어 인 크림 50ml,98000,제조일로부터 36개월 / 개봉 후 12개월,"1. 아침, 저녁으로 세안 후 기초단계에 사용합니다. 2. 3~4회 펌핑하여 얼굴과 목에 피부결을 따라 펴 발라 줍니다.",DermoCosmetics,Skincare
[100시간 수분보습]LBB 올 데이 케어 인 로션 50ml,68000,제조일로부터 36개월 / 개봉 후 12개월,"1. 아침, 저녁으로 세안 후 기초단계에 사용합니다. 2. 3~4회 펌핑하여 얼굴과 목에 피부결을 따라 펴 발라 줍니다.",DermoCosmetics,Skincare
[단백질 세럼/저속노화]에스테덤 에이지 프로테옴 세럼 30ml,138000,"제조일로부터 36개월, 개봉 후 2개월 이내 사용 권장","아침과 저녁, 얼굴 안쪽에서 바깥쪽으로 피부결을 따라 부드럽게 펴 발라줍니다. 1. 아침, 저녁 스포이드에 채워지는 세럼을 얼굴 전체에 도포해줍니다. 사용 후 딸깍 소리가 날 때까지 돌려 잠궈 보관합니다. Tip. 세럼 도포 전 셀룰러워터 미스트를 뿌려 피부 컨디션 최적화 합니다.",DermoCosmetics,Skincare
[파우치포함] LBB 트래블키트(클렌저10ml + 토너20ml + 세럼10ml + 크림10ml),59000,제조일로부터 36개월 / 개봉 후 12개월,"4in1 마이크로 폼 클렌저 1. 물기 없는 얼굴에 도포 후 부드럽게 마사지한 후에 미온수로 한번 더 러빙하여 메이크업과 노폐물을 깨끗이 씻어냅니다. 모이스처라이징 프라임 토너 1. 스킨케어 첫 단계에서 얼굴에 2~3cm 떨어진 상태에서 분사 후 가볍게 두드려 흡수시켜 줍니다. 2. 피부에 보습과 진정이 필요할 때마다 수시로 뿌려줍니다. 인텐시브 케어 인 세럼 1. 아침, 저녁으로 세안 후 기초단계에 사용합니다. 2. 3~4회 펌핑하여 얼굴과 목에 피부결을 따라 펴 발라 줍니다. 인텐시브 케어 인 크림 1. 아침, 저녁으로 세안 후 기초단계에 사용합니다. 2. 3~4회 펌핑하여 얼굴과 목에 피부결을 따라 펴 발라 줍니다.",DermoCosmetics,Skincare
[기미잡티 에센스/대용량]LBB 골드렐라 펩타이드 28 안티 멜라닌 에센스 150ml,48000,제조일로부터 36개월 / 개봉 후 12개월,데일리 에센스로 피부에 적당량을 도포해 가볍게 흡수시켜줍니다.,DermoCosmetics,Skincare
[끌어올리는 탄력세럼]LBB 인텐시브 케어 인 세럼 30ml,83000,제조일로부터 36개월 / 개봉 후 12개월,"1. 아침, 저녁으로 세안 후 기초단계에 사용합니다. 2. 3~4회 펌핑하여 얼굴과 목에 피부결을 따라 펴 발라 줍니다.",DermoCosmetics,Skincare
[눈밑/주름케어] 센텔리안24 링클셀 코어 아이크림 알엑스 30ml 기획 (+10ml),39000,"제조일로부터 30개월, 개봉 후 12개월",눈가 부위에 적당량을 덜어 부드럽게 펴 발라 흡수시켜 줍니다.,DermoCosmetics,Skincare
[장벽+탄력강화] 메디톡스 뉴라덤 더마크림 MD 100g,28000,제조일로부터 36개월(개봉후 12개월 이내 사용),적당량을 덜어 피부 안쪽부터 바깥쪽으로 부드럽게 펴 발라 흡수 시켜줍니다.,DermoCosmetics,Skincare
파이코어 디퍼런씨 블루바이옴 리페어 수딩크림 50ml,35000,36개월 / 개봉 후 12개월,적당량의 내용물을 피부 위에 도포한 뒤 마사지하듯 부드럽게 흡수시켜 주세요.,DermoCosmetics,Skincare
파이코어 디퍼런씨 블루바이옴 리페어 세럼 미스트 100ml,33000,36개월 / 개봉 후 12개월,"""미스트 캡을 오른쪽으로 돌려 오픈한 뒤 적정거리에서 얼굴 위로 골고루 분사한 후 자연스럽게 흡수되도록 기다려 주세요. * 세안 후 토너 단계에서 사용하거나,  즉각적인 진정과 보습이 필요할 때 수시로 사용해주세요.""",DermoCosmetics,Skincare
[단독기획] 이지듀 스킨부스터 샷 앰플 기획 4종 (1ml*7ea+엠티에스 앰플 3.5ml 증정),36000,제조일로부터 36개월,바이알 앰플 상단 캡을 꺾어 내용물을 손에 덜어 얼굴에 레이어링하여 마사지하듯 흡수시켜 줍니다.,DermoCosmetics,Skincare
이지듀 스킨부스터 엠티에스 앰플 3.5ml,15000,제조일로부터 36개월,"권장 사용량 만큼 덜어, 눈가 주름, 팔자 주름, 기미잡티 등 고민 부위에 소량 씩 도포해 줍니다. 갈아만든 MTS가 충분히 녹아 흡수될 수 있도록 부드럽게 롤링해 줍니다.",DermoCosmetics,Skincare
[진정세럼] 더마펌 수딩 리페어 세럼 R4 50ml 기획 (+크림 50ml),27300,제조일로부터 36개월,토너 사용 후 적당량을 덜어 피부결을 따라 부드럽게 펴 바른 뒤 가볍게 두드려 줍니다.,DermoCosmetics,Skincare
[잡티케어] 더마펌 수딩 리페어 토닝 세럼 R4 30ml 기획 (+리필 30ml),41000,제조일로부터 36개월,토너 사용 후 적당량을 덜어 피부결을 따라 부드럽게 펴 바른 뒤 가볍게 두드려줍니다.,DermoCosmetics,Skincare
더마라인 디렉소 PDRN 솔루션 액티빙 토너 200ml,38900,제조일로부터 36개월,세안 후 적당량을 덜어 피부결을 따라 부드럽게 펴바르고 가볍게 두드려 흡수시켜줍니다.,DermoCosmetics,Skincare
더마라인 디렉소 PDRN 솔루션 액티빙 에멀전 200ml,38900,제조일로부터 36개월,토너사용 후 손에 적당량을 덜어줍니다. 피부를 따라 부드럽게 펴 바르고 가볍게 두드려 흡수시켜 줍니다.,DermoCosmetics,Skincare
[피로하고 건조한 눈 케어] 프라나롬 캐모마일 하이드롤라 150ml,33300,제조일로부터 29개월 (개봉 후 6개월 이내 사용 권장),"눈가 케어: 하루 수회, 피로하고 건조한 눈에 직접 분사해 주시거나 화장솜에 충분한 양을 분사해 눈가에 올려주세요. 피부 케어: 예민해진 피부에 토너로 사용해주시거나 화장솜에 분사해 스킨팩처럼 10-15분간 올려주세요.",DermoCosmetics,Skincare
[100% 로즈 꽃수] 프라나롬 로즈 하이드롤라 150ml,33300,제조일로부터 30개월(개봉 후 6개월 이내 사용 권장),"보습, 탄력케어 토너, 미스트: 얼굴에 필요할 때마다 분사해서 흡수시켜 주세요. 두피 케어: 두피의 탄력을 위해 두피에 직접 분사해 주세요.",DermoCosmetics,Skincare
케어놀로지 리블루 리제너레이팅 세럼 50ml,67000,제조일로부터 36개월 (개봉 후 12개월),"토너 사용 후, 적당량 덜어 피부결을 따라 고루 펴 바른 후 두드려 흡수시켜줍니다.",DermoCosmetics,Skincare
케어놀로지 리블루 울트라 리페어 크림 50ml,41650,제조일로부터 36개월 (개봉 후 12개월),스킨케어 마지막 단계에서 적당량을 취해 피부에 골고루 펴 발라줍니다.,DermoCosmetics,Skincare
케어놀로지 리블루 밸런싱 크림 인 미스트 120ml,28900,제조일로부터 30개월 (개봉 후 12개월),프랑스에서 찾은 수백 개의 나노홀(nano-hole)이 펌핑할 떄마다 360° 회전화며 초미세 안개 분사,DermoCosmetics,Skincare
아이디플라코스메틱 리얼애프터케어 미스트 120ml,30000,제조일자로 부터 36개월,얼굴에서 20~30cm 떨어진 거리에서 눈을 감고 뿌려줍니다. 피부가 건조할 때마다 수시로 뿌려줍니다.,DermoCosmetics,Skincare
[기분좋은 에너지/활력] 프라나롬 스위트 오렌지 오일 10ml,17100,제조일로부터 24개월,필요한 부위에 원액 1-2방울 또는 식물성 오일에 희석해 사용 해주세요.,DermoCosmetics,Skincare
이지듀 클리어 SOS 트러블 스팟 15ml,33800,36개월,"1. 세럼 단계 또는 스킨케어 마지막 단계에 트러블 스팟에 발라줍니다. 2. 세럼과 함께 사용 시에는 세럼 > 스팟 순서로 발라주세요. 3. 집중 케어가 필요할 때, 저녁 스킨케어 마지막 단계에 바르는 패치처럼 도톰하게 올려두시거나 수면팩처럼 얼굴 전체에 발라주셔도 좋습니다.",DermoCosmetics,Skincare
이지듀 클리어 B3+B5 흔적 세럼 29ml,29900,36개월,"1. 토너 다음, 세럼/에센스 단계에 얼굴 전체에 고르게 펴 발라줍니다. 2. 스팟과 함께 사용 시 세럼 > 스팟 순으로 사용하시길 권장드립니다.",DermoCosmetics,Skincare
올리고더미 카렌듈라 토닝로션 500ml,35600,제조일로부터 36개월,세안 후 토너를 적당량 화장솜에 덜어 피부결에 따라 고르게 닦아주어 피부를 정돈합니다. 적당량을 피부에 펴 바른 후 톡톡 두드려 흡수시켜줍니다.,DermoCosmetics,Skincare
[속건조개선] 바버 앰플 컨센트레이트 하이드라 플러스 2ml*7ea,32000,제조일로부터 3년/개봉 직후 사용 권장,"토너로 피부결을 정돈한 후, 미용 티슈 또는 오프너를 이용하여 앰플을 개봉한 다음 1bial을 모두 손바닥에 덜어 얼굴과 목, 데콜테에 골고루 흡수시켜 줍니다.",DermoCosmetics,Skincare
[입문자용 패키지]바버 앰플 컨센트레이트 화이트 컬렉션 (2mlx7병),42000,제조일로부터 3년/개봉 직후 사용 권장,"토너로 피부결을 정돈한 후, 미용 티슈 또는 오프너를 이용하여 앰플을 개봉한 다음 1bial을 모두 손바닥에 덜어 얼굴과 목, 데콜테에 골고루 흡수시켜 줍니다.",DermoCosmetics,Skincare
[광채&미백]바버 앰플 컨센트레이트 멀티 비타민 2ml*7ea,32000,제조일로부터 3년/개봉 직후 사용 권장,"토너로 피부결을 정돈한 후, 미용 티슈 또는 오프너를 이용하여 앰플을 개봉한 다음 1bial을 모두 손바닥에 덜어 얼굴과 목, 데콜테에 골고루 흡수시켜 줍니다.",DermoCosmetics,Skincare
[탄력&리프팅]바버 앰플 컨센트레이트 콜라겐 부스터 2ml*7ea,48000,제조일로부터 3년/개봉 직후 사용 권장,"토너로 피부결을 정돈한 후, 미용 티슈 또는 오프너를 이용하여 앰플을 개봉한 다음 1bial을 모두 손바닥에 덜어 얼굴과 목, 데콜테에 골고루 흡수시켜 줍니다.",DermoCosmetics,Skincare
[트러블개선]바버 앰플 컨센트레이트 액티브 퓨리파이어 2ml*7ea,32000,제조일로부터 3년/개봉 직후 사용 권장,"토너로 피부결을 정돈한 후, 미용 티슈 또는 오프너를 이용하여 앰플을 개봉한 다음 1bial을 모두 손바닥에 덜어 얼굴과 목, 데콜테에 골고루 흡수시켜 줍니다.",DermoCosmetics,Skincare
[기프트 패키지]바버 24Days 홀리데이 앰플 캘린더(2ml x 24병),130000,제조일로부터 3년/개봉 직후 사용 권장,"토너로 피부결을 정돈한 후, 미용 티슈 또는 오프너를 이용하여 앰플을 개봉한 다음 1bial을 모두 손바닥에 덜어 얼굴과 목, 데콜테에 골고루 흡수시켜 줍니다.",DermoCosmetics,Skincare
[밸런스개선]바버 앰플 컨센트레이트 알개 바이탈라이저 2ml*7ea,37600,제조일로부터 3년/개봉 직후 사용 권장,"토너로 피부결을 정돈한 후, 미용 티슈 또는 오프너를 이용하여 앰플을 개봉한 다음 1bial을 모두 손바닥에 덜어 얼굴과 목, 데콜테에 골고루 흡수시켜 줍니다.",DermoCosmetics,Skincare
[뿌리는 진정 토너] 더말로지카 울트라카밍 미스트 177ml,53000,별도 표기 / 개봉 후 12개월,"세안 후, 적당 거리에서 얼굴에 분사하여 수분을 채워주세요",DermoCosmetics,Skincare
[진정/즉각수분] 더말로지카 듀얼 히알루론산 캄 워터 젤 크림 50ml,71000,별도 표기 / 개봉 후 12개월,"기초 스킨케어 후, 적당량을 덜어 얼굴과 목에 부드럽게 흡수시켜줍니다.",DermoCosmetics,Skincare
에스테덤 인텐시브 프로 콜라겐 세럼 30ml,123000,"제조일로부터 36개월, 개봉 후 6개월 이내 사용 권장","아침, 저녁 세럼 단계에서 적당량을 덜어 얼굴 전체에 마사지 하듯 바릅니다. 인텐시브 프로-콜라겐+크림과 함께 2달 집중 사용을 추천합니다.",DermoCosmetics,Skincare
[NEW]에스트라 에이시카365 흔적진정세럼 pH4.5 40ml,28500,36개월 (개봉 후 1년),"아침, 저녁 적당량의 내용물을 덜어 얼굴에 부드럽게 펴 발라 흡수시켜줍니다.",DermoCosmetics,Skincare
[스무살 앰플] 아이디플라코스메틱 엑소브이 플러스 앰플 30ml,35000,제조일자로 부터 36개월,1) 처음 사용 시 캡을 교체하여 주세요. 2) 사용 직전 2개의 포뮬러가 잘 섞이도록 흔들어 줍니다. 3) 적당량을 덜어 얼굴 전체에 부드럽게 펴 발라 흡수시켜 줍니다.,DermoCosmetics,Skincare
[커핑 증정] 더말로지카 서큘라 하이드레이션 세럼 30ml 단독기획 (속보습/겉보습),106000,별도 표기/ 개봉 후 12개월,매일 아침 저녁 토너 사용 후 세럼 및 에센스 단계에서 적당량을 덜어 얼굴과 목에 부드럽게 펴 바릅니다.,DermoCosmetics,Skincare
셀로라바이 4GF 더마 리페어 하이드로 세럼 30ml,34900,제조일로부터 36개월 / 개봉후 12개월,"세안 후 적당량을 덜어 피부에 골고루 펴 바른 뒤, 피부결을 따라 부드럽게 흡수시켜 줍니다.",DermoCosmetics,Skincare
셀로라바이 포텐션 모공 리무버 세럼 30ml,26900,제조일로부터 30개월 / 개봉후 12개월,"세안 후 적당량을 덜어 피부에 골고루 펴 바른 뒤, 가볍게 두드려 흡수시켜 줍니다.",DermoCosmetics,Skincare
[수분 충전]아벤느 이드랑스 에센스인로션 200ml 더블기획(+이드랑스에센스인로션 25ml*2+클리낭스클렌징젤 15ml,37900,"개봉전 3년, 개봉 후 1년이내 사용권장",스킨케어 사용 전 화장솜에 덜어 발라주세요.,DermoCosmetics,Skincare
[리프팅] 아벤느 탄력 액티브 HAB3 안티에이징 크림 50ml 기획 (+리필 50ml),49900,"개봉전 3년, 개봉 후 1년이내 사용권장",스킨케어 단계에서 소량을 덜어 얇게 레이어링하듯 발라줍니다.,DermoCosmetics,Skincare
[강력진정젤크림] 유리아쥬 시카 데일리 리페어 젤크림 40ml,24000,개봉 전 사용기간 제조일로부터 36개월 / 개봉 후 12개월,적당량을 덜어 피부에 골고루 바른 후 지그시 눌러 흡수시켜주세요.,DermoCosmetics,Skincare
셀로라바이 PDRN 콜라겐 버블 퀵 마스크 세럼 100ml,34900,제조일로부터 36개월 / 개봉 후 12개월,"세안 후 버블을 피부에 적당량 펌핑하여 골고루 펴 바른 뒤, 가볍게 두드리며 흡수시켜 줍니다.",DermoCosmetics,Skincare
[피지/모공케어 로션] 유리아쥬 이제악 3-레귤+ 40ML,28800,개봉 전 사용기간 제조일로부터 36개월 / 개봉 후 12개월,"토너로 피부결을 정돈한 후, 적당량을 덜어 눈 주위를 피해 얼굴 전체에 부드럽게 펴 발라줍니다. 외출 시, 자외선 차단제를 함께 사용하세요.",DermoCosmetics,Skincare
[피지케어/수분크림] 유리아쥬 이제악 매트 40ml,24000,개봉 전 제조일로부터 36개월 / 개봉 후 12개월,"토너로 피부결을 정돈한 후, 적당량을 덜어 얼굴 전체에 골고루 발라줍니다. 피지 분비가 많은 T존 부위에 중심적으로 사용해주면 좋습니다.",DermoCosmetics,Skincare
에스테덤 셀룰러 워터 프레쉬 젤 40ml,39200,제조일로부터 3년 사용 가능/개봉 후 6개월 사용 권장,아침과 저녁으로 손바닥에 적당량을 덜어 피부결을 따라 펴발라 줍니다.,DermoCosmetics,Skincare
에스테덤 인텐시브 비타민 C 젤 크림 50ml,125000,제조일로부터 3년 사용 가능/개봉 후 6개월 이내 사용 권장,적당량을 덜어 얼굴에 펴발라준 뒤 흡수시켜 줍니다.,DermoCosmetics,Skincare
LBB 모이스처라이징 프라임 토너 100ml,33300,제조일로부터 36개월 / 개봉 후 12개월,1. 스킨케어 첫 단계에서 얼굴에 2~3cm 떨어진 상태에서 분사 후 가볍게 두드려 흡수시켜 줍니다. 2. 피부에 보습과 진정이 필요할 때마다 수시로 뿌려줍니다.,DermoCosmetics,Skincare
LBB 인텐시브 케어 인 크림 50ml,88200,제조일로부터 36개월 / 개봉 후 12개월,"1. 아침, 저녁으로 세안 후 기초단계에 사용합니다. 2. 3~4회 펌핑하여 얼굴과 목에 피부결을 따라 펴 발라 줍니다.",DermoCosmetics,Skincare
[에스테틱모공토너] 클랍 파워이펙트 앰플 토닉 250ml,35000,제조일로부터 36개월,세안 후 적당량을 화장솜에 적셔 피부 결을 따라 정돈합니다.,DermoCosmetics,Skincare
[독일1위앰플] 클랍 30데이 안티에이징 앰플 프로그램,95000,제조일로부터 36개월,"세안 후, 매일 아침·저녁 앰플 단계에 사용 합니다. 하루 1병 사용 권장 드립니다. (아침·저녁 반병씩)",DermoCosmetics,Skincare
[리뷰이벤트/NEW/광채 하이라이터]눅스 윌 프로디쥬스 쉬머 롤온 8ml (플로럴/골드),18900,개봉 전 3년 / 개봉 후 12개월,"FACE : 광대뼈, 눈썹뼈, 콧대, 윗입술, 턱 등 BODY : 쇄골, 어깨 볼륨감과 광채를 더해주고 싶은 부위에 손끝으로 톡톡 두드리며 자연스럽게 블렌딩해주세요",DermoCosmetics,Skincare
센텔리안24 수분폭탄 히알루론산 톡스 부스팅 앰플 (업체배송),26900,제조일로부터 30개월 / 개봉 후 12개월,1. 본품 적당량을 취해 피부에 골고루 펴 바릅니다. 2. 스포이드로 앰플 적당량을 덜어 피부 결 안쪽에서 바깥쪽으로 얼굴 전체에 골고루 펴 발라 흡수시켜 줍니다.,DermoCosmetics,Skincare
센텔리안24 연어 PDRN 퍼밍 부스팅 앰플 (업체배송),26900,제조일로부터 30개월 / 개봉 후 12개월,1. 본품 적당량을 취해 피부에 골고루 펴 바릅니다. 2. 스포이드로 앰플 적당량을 덜어 피부 결 안쪽에서 바깥쪽으로 얼굴 전체에 골고루 펴 발라 흡수시켜 줍니다.,DermoCosmetics,Skincare
센텔리안24 부스팅 샷 젤 150ml (업체배송),22000,개봉전 36개월 / 개봉 후 12개월,본 품 적당량을 덜어 얼굴과 몸 전체 필요 부위에 부드럽게 마사지하며 흡수시켜 줍니다. [사용 TIP] 뷰티 디바이스와 함께 사용 시 부스팅 케어에 도움을 줍니다.,DermoCosmetics,Skincare
[1등 모공세럼/멜라닌 모공 개선] 필킨X약손명가 포어솔루션 래디언스 세럼 30ml,48000,제조일로부터 30개월,기초 케어 단계에서 제품을 1~2회 펌핑하여 피부결 방향대로 부드럽게 펴 발라줍니다.,DermoCosmetics,Skincare
바이오더마 하이드라비오 토너 500ml,38000,"제조일로부터 3년 이내의 상품을 순차적으로 발송, 개봉 후 6개월",세안 후 화장솜에 적당량을 덜어 피부에 부드럽게 패딩해 줍니다.,DermoCosmetics,Skincare
라로슈포제 똘러리앙 울트라 로션 400ML (대용량),49000,제조일로부터 35개월 / 개봉 후 12개월,"아침 저녁, 세안 후 스킨 토너 단계에서 적당량을 화장솜에 덜어 얼굴 전체에 부드럽게 발라줍니다. 특히 피부가 민감하고 건조한 날, 화장솜에 적셔 팩처럼 사용하면 피부 진정 효과 및 촉촉한 보습감을 느낄 수 있습니다.",DermoCosmetics,Skincare
테라로직 마데셀 더마 리페어 B5 크림 80ml,29700,제조일로부터 36개월 (개봉 후 12 개월),"1. 아침, 저녁 스킨케어 마무리 단계에서 적당량을 덜어 얼굴과 목 등 진정이 필요한 부분에 골고루 발라주세요. 2. 손바닥으로 피부를 지그시 감싸주면 더욱 빠르게 흡수되며, 건조함이 느껴지는 날에는 2-3번 덧발라주세요.""",DermoCosmetics,Skincare
[NEW] 에스트라 에이시카365 리페어 크림 pH4.5 60ml,22500,36개월 (개봉 후 1년),"아침, 저녁 적당량의 내용물을 덜어 얼굴에 부드럽게 펴 발라 흡수시켜줍니다.",DermoCosmetics,Skincare
[본품 증정]바이오더마 하이드라비오 토너 250ml 1+1 기획,18850,"제조일로부터 3년 이내의 상품을 순차적으로 발송, 개봉 후 12개월",세안 후 화장솜에 적당량을 덜어 피부에 부드럽게 패딩해 줍니다.,DermoCosmetics,Skincare
[안티에이징/밀착보습막] 셀퓨전씨 레이저 리쥬버네이션 크림 (본품 50ml+20ml 추가 증정),40000,"제조일로부터 1년6개월 이내의 상품을 순차적으로 발송, 유통기한 개봉후 12개월",세안 후 스킨케어 마무리 단계에서 적당량을 얼굴 전체에 펴 발라 흡수시킵니다.,DermoCosmetics,Skincare
[각질토너/약산성] 닥터디퍼런트 스케일링 토너 200ml (중건성),19800,"개봉전 30개월, 개봉 후 12개월","세안 후, 적당량을 덜어 부드럽게 펴바르고 두드려 흡수시켜 줍니다.",DermoCosmetics,Skincare
[모공/각질케어/약산성] 닥터디퍼런트 스케일링 토너 200ml (지성용),19000,"개봉전 30개월, 개봉 후 12개월","세안 후, 적당량을 덜어 부드럽게 펴바르고 두드려 흡수시켜 줍니다.",DermoCosmetics,Skincare
[이동욱 PICK] 더마펌 모이스트 베리어 인텐시브 크림 M4 50ml(철벽보습),21700,"제조일로부터 36개월, 개봉 후 12개월",기초 마지막 단계에서 적당량을 덜어 얼굴에 부드럽게 펴 발라줍니다.,DermoCosmetics,Skincare
[이동욱 PICK] 더마펌R4 앰플&토너 수분진정 기획세트(앰플50ml+토너100ml),23100,제조일로부터 36개월(개봉 후 12개월),토너 다음 단계에서 적당량을 덜어내 손으로 부드럽게 펴 바른 후 가볍게 두드려 흡수시켜 줍니다.,DermoCosmetics,Skincare
피지오겔 레드수딩 시카밸런스 토너 200ml,28000,제조일로부터 36개월,"세안 후, 적당량을 화장솜에 덜어 얼굴 전체에 부드럽게 닦듯이 펴 발라 줍니다.",DermoCosmetics,Skincare
[슬로우에이징]바이오더마 센시비오 디펜시브 리치 40ml,21000,제조일로부터 3년 이내의 상품을 순차적으로 발송/ 개봉 후 6개월 사용 권장,클렌징 워터로 세안 후 적당량을 덜어 얼굴과 목에 충분히 도포합니다.,DermoCosmetics,Skincare
도미나스 크림 플러스 20G +10G 기획,22400,"개봉 전 36개월, 개봉 후 12개월",적당량을 취하여 얼굴 피부에 마사지하듯 두드려 흡수지켜 줍니다.,DermoCosmetics,Skincare
라로슈포제 시카플라스트 밤 B5+ 100ml,36000,18개월 이상 남아있는 제품부터 순차적으로 발송 / 개봉 후 12개월,자극 및 손상받은 피부 전체에 부드럽게 펴 발라줍니다. (얼굴 전체에 바를 시 얇게 도포합니다.),DermoCosmetics,Skincare
[진정탄력크림] 라로슈포제 시카플라스트 멀티 리페어 크림 100ml,45000,18개월 이상 남아있는 제품부터 순차적으로 발송 / 개봉 후 6개월,자극 및 손상받은 피부 전체에 부드럽게 펴 발라줍니다. (얼굴 전체에 바를 시 얇게 도포합니다.),DermoCosmetics,Skincare
[가려움개선기능성] 피지오겔 레드수딩 AI 어드밴스드 릴리프밤 100ml 대용량 기획,36500,제조일자로부터 36개월.,본 품 적당량을 취해 피부에 골고루 펴 바른다.,DermoCosmetics,Skincare
[이동욱PICK] 더마펌 수딩 리페어 토너 R4 200ml+200ml 기획,35000,제조일로부터 36개월 (개봉 후 12 개월),"아침, 저녁 세안 후 손바닥이나 화장솜에 적당량 덜어 피부결에 따라 부드럽게 발라 줍니다.",DermoCosmetics,Skincare
유리아쥬 이제악3-레귤 40ml,28800,제조일로부터 1년 6개월 이내의 제품 발송/개봉후 12개월,"토너로 피부결을 정돈한 후, 적당량을 덜어 눈 주위를 피해 얼굴 전체에 부드럽게 펴 발라줍니다. 외출 시, 자외선 차단제를 함께 사용하세요.",DermoCosmetics,Skincare
라로제 SOS 멀티 리페어 밤 20g,32000,개봉 후 12개월,손가락에 소량을 덜어 체온으로 녹인 후 건조한 부위 또는 진정이 필요한 부위에 수시로 바릅니다.,DermoCosmetics,Skincare
[1+1] 유세린 더모퓨리파이어 토너 더블 기획 (200ml+200ml),26000,"주문일로부터 1년 6개월 이내의 제조 상품 배송, 제조일로부터 30개월 이내 사용(상품에는 '제품 사용 기한' 표기)","세안 후, 화장솜에 적당량을 덜어 피부 결을 따라 부드럽게 닦아 내듯이 발라준 후, 손으로 두드려 흡수시켜 줍니다.",DermoCosmetics,Skincare
[수분크림]에스트라 아토베리어365 하이드로 수딩크림 60ml 기획(+하이드로에센스25ml+선크림10ml),33000,36개월 (개봉 후 1년),- 연약하고 건조해진 피부 부위에 사용하는 제품입니다. - 적당량을 덜어 얼굴에 부드럽게 펴 발라주고 가볍게 두드려 충분히 흡수시켜 줍니다.,DermoCosmetics,Skincare
[한정기획] 피지오겔 레드수딩 시카밸런스 포어컨트롤 세럼 50ml+토너 50ml 기획,39500,제조일자로부터 36개월,"매일 아침, 저녁 세럼 및 에센스 단계에서 얼굴 피부에 피부결을 따라 부드럽게 펴발라 주세요.",DermoCosmetics,Skincare
아이디플라코스메틱 엑소브이 프로리프팅 크림 50ml,22600,제조일자로 부터 36개월,세안 후 스킨케어 마지막 단계에서 피부에 부드럽게 펴 발라 흡수시켜 줍니다.,DermoCosmetics,Skincare
[각질개선율191%]리쥬란 더마 힐러 모이스처 트리트먼트 토너 150ml,25200,제조일로부터 30개월,세안 후 토너를 얼굴 피부결을 따라 부드럽게 펴 발라 흡수시켜 줍니다.,DermoCosmetics,Skincare
피지오겔 DMT 페이셜 로션 200ml + 토너 50ml 추가증정 한정기획,38000,제조일자로부터 36개월,적당량을 취하여 피부에 마사지하듯 두드려 흡수시켜 줍니다,DermoCosmetics,Skincare
[1등크림] 에스트라 아토베리어365 크림 80ML 더블기획 (+세라히알 앰플 7ML+에이시카 세럼 3ML),59400,36개월 (개봉 후 1년),"아침, 저녁 적당량의 내용물을 덜어 얼굴에 부드럽게 펴 발라 흡수시켜줍니다.",DermoCosmetics,Skincare
셀올로지 블루 이레이저 크림 50ml,28900,제조일자로부터 3년,본품 적당량을 취해 피부에 골고루 펴 바른다.,DermoCosmetics,Skincare
바이오더마 시카비오 크림+ 100ml 기획(+시카비오 크림+SPF 5ml),43000,"제조일로부터 3년 이내의 상품을 순차적으로 발송, 개봉 후 12개월",크림 단계에서 적당량을 피부에 펴 바른 후 흡수시켜 줍니다.,DermoCosmetics,Skincare
아벤느 비타민 액티브 VACg 크림 50ml 기획 (+비타민 Cg 액티브 세럼 10ml),52000,"개봉전 3년, 개봉 후 1년이내 사용권장",스킨케어 단계에서 소량을 덜어 얇게 레이어링하듯 발라줍니다.,DermoCosmetics,Skincare
[고민영PICK/한정기획] 아벤느 이드랑스 에센스 인 로션 200ml 한정 기획 (+100ml*2) *수분 충전,28400,"개봉전 3년, 개봉 후 1년이내 사용권장",스킨케어 사용 전 화장솜에 덜어 발라주세요.,DermoCosmetics,Skincare
[피부 고민별 관리] 클랍 파워 이펙트 5-스텝 트리트먼트 (2ml*5) 4종 택1,21900,제조일로부터 36개월,"세안 후, 매일 아침·저녁 앰플 단계에 사용 합니다. 하루 1병 사용 권장 드립니다. (아침·저녁 반병씩)",DermoCosmetics,Skincare
[관리 효과 극대화 생기 토닝 크림] SVR 바이오틱 C20 크림 50ml,65000,제조일로부터 3년(개봉 후 9개월),"아침∙저녁 앰플 사용 후 크림 단계에서 적당량을 덜어 마사지하듯 펴 발라 흡수시켜 줍니다. 고함량 비타민이 함유된 제품으로 눈가를 피해서 사용해 주세요​ 주의 사항 ㅣ 따끔거림, 발적, 붉어짐 등이 있는 경우에는 반드시 전문의와 상담하시길 바랍니다. 임산부, 수유부의 경우에도 민감한 시기인만큼 전문의와 상당 후 사용하시는 것을 권장드립니다. 손상되지 않은 피부에 사용하세요. 자극이 지속될 경우 사용을 중단하세요.​ 사용 전 팔 안쪽 등 국소부위에 테스트 후 사용하세요",DermoCosmetics,Skincare
[박보영PICK/원조버블팩/화잘먹]메노킨 30초 퀵 버블 마스크 5종 택1,25300,제조일 별도 표기(개봉전 36개월 / 개봉후 12개월),"2-3회 펌핑한 거품을 얼굴에 발라 문질러 흡수시켜 줍니다. * 30초동안 기다리거나, 씻을 필요 없습니다.",maskpack,Facial pack
[푸들커플PICK/저자극모공청소] 피캄 홀리바질 버블 딥 마스크 90g,19380,"제조일로부터 30개월, 개봉 후 6개월 이내 사용 권장","1. 내용물의 적당량을 덜어 눈 주위를 제외한 얼굴 전체에 도톰하게 골고루 도포해 줍니다. *사용 후, 반드시 뚜껑을 닫아 밀봉해 주세요. 2. 3~5분 후 버블이 충분하게 올라오면 가볍게 버블 마사지하여 미온수로 깨끗이 세안해 줍니다.",maskpack,Facial pack
[원조온열소금팩] 토르홉 사우난지앙 솔트마스크 90+7g 기획,24510,제조일로부터 3년,"1. 세안 후 적당한 물기를 제거한 상태에서 적당량을 덜어 눈가,입가를 제외한 얼굴 전체에 도톰하게 펴 발라줍니다. 2. 피부가 조이는 느낌과 함께 내용물이 마르면 미온수로 부드럽게 롤링하여 깨끗하게 헹구어냅니다.",maskpack,Facial pack
[올영단독/리뷰이벤트] 리터니티 율무 스킨클린 팩 120g 기획 (천연곡물팩),28900,제조일로부터 36개월 / 개봉 후 12개월 (23년 10월 1일 이후 제조상품),적당량을 토출하여 피부에 부드럽게 발라주고 10-15분 뒤 스파츌라로 걷어내 준 뒤 미온수로 세안해줍니다.,maskpack,Facial pack
[-10도 즉각쿨링] 메디힐 모델링팩&앰플 풀세트 5종 골라담기,5000,제조일로부터 36개월,"1. 모델링 팩 사용 전 앰플을 먼저 바른 뒤 가볍게 흡수시켜주세요. 2. 볼에 차가운 물을 표시된 선까지 넣은 후(약 50 ml), 파우더를 넣어 스패출러를 사용해 골고루 섞어 고르게 펴 발라 주세요. 팩이 금방 굳을 수 있으니 빠르게 도포해 주세요. 3. 약 15분 후 팩이 굳으면 떼어내고 피부 결을 정돈하여 마무리해 주세요. TIP 모델링 팩 사용 후 앰플을 한 번 더 덧발라주면 피부를 더욱 촉촉하고 매끄럽게 마무리할 수 있습니다.",maskpack,Facial pack
[66관왕/1위] 린제이 모델링 팩 (컵팩)  7종 택1,2500,■ 제조일로부터 3년 / 개봉 후 즉시 사용 (일회용),"■ 물조절스파츄라(일체형)로 표시선까지 7~8스푼의 물을 부어준 후, 팩을 흐르지 않는 농도로 맞추어 재빠르게 저어줍니다. 개어진 모델링팩을 볼→턱→이마→코 순으로 바르고, 굳은 후 떼어내기 쉽도록 가장자리를 두껍게 발라줍니다. 15-20분 후 굳은 팩을 떼어내고 토너로 정돈한 후 기초 화장품을 발라줍니다.",maskpack,Facial pack
[3분모공손절/모공팩] 비플레인 녹두 모공 클레이 팩 120ml (+12ml*4ea 증정기획),15670,"제조일로부터 36개월, 개봉 후 12개월",1. 세안 후 눈가를 제외한 마른 얼굴 전체에 부드럽게 펴 발라 줍니다. 2. 3~5분 후 T존 등 모공 고민 부위를 집중적으로 롤링하며 씻어냅니다.,maskpack,Facial pack
[단독기획/아이돌물광팩] 메디큐브 콜라겐 나이트 랩핑 마스크 75ml (+브러쉬 증정기획),25000,"개봉전 36개월, 개봉후 12개월",1) 세안 후 스킨케어 마지막 단계에서 눈과 입 주위를 제외하고 얼굴 전체에 적당량을 도포해 줍니다. 2) 약 15분 정도 건조 후 수면을 취합니다. 3) 다음 날 아침 랩핑막을 떼어내거나 미온수로 깨끗하게 헹궈내 줍니다.,maskpack,Facial pack
[8월올영픽] [생기UP] 빌리프 슈퍼나이츠 멀티 비타민마스크 75ml 단품/기획(75ml+25mlX2ea),27900,"개봉전 제조일로부터 36개월, 유통기한 개봉후 12개월",스킨케어 마지막 단계에서 에센스 혹은 크림 사용 후 적당량을 취해 눈가를 제외한 얼굴 전면 피부결을 따라 부드럽게 발라줍니다. 그대로 수면을 취하고 다음날 아침에 세안합니다.,maskpack,Facial pack
브링그린 티트리 시카 포어 클레이팩 스트롱 100g / 100g 2입기획,8800,■ 제조일로부터 30개월,"세안 후 물기 없는 얼굴에 적당량을 덜어 눈가, 입가를 제외한 얼굴 전체에 적당량을 펴 발라줍니다. 10~20분 후 피부를 조이는 느낌과 함께 내용물이 마르면 미온수로 깨끗하게 씻어냅니다.",maskpack,Facial pack
[1+1 더블기획] 에이프릴스킨 리얼 카렌둘라 필오프팩 더블 기획세트(100g+100g),23200,"개봉 전 24개월 / 개봉 후 9 개월 본 제품은 입고일 별 사용기한이 상이하므로, 필요시 문의주시면 상담원이 확인해드리겠습니다.","세안 후 적당량을 덜어 눈과 입 주위를 제외한 얼굴 전체에 골고루 펴 발라주고, 20분~25분 정도 후 내용물이 완전히 마르면 가장자리부터 부드럽게 떼어냅니다. *마르는 속도는 피부 컨디션에 따라 상이할 수 있습니다.",maskpack,Facial pack
[NEW/튜브용기] 한율 달빛유자 수면팩 70ml 기획 (+35ml+패드2매),26800,개봉후 12개월 개봉전 36개월,저녁 스킨케어 마지막 단계에서 얼굴과 목에 적당량을 덜어 마사지 하듯 펴 발라 주세요. 그대로 수면을 취하고 다음날 아침에 가볍게 세안해주세요.,maskpack,Facial pack
[60초 피지흡착] 토르홉 무스타 콩테 체인저블 퀵 마스크 60g/90g,18810,개봉전 제조일로부터 2년 6개월/ 개봉후 12개월 이내 사용 권장,"1. 얼굴 세안을 깔끔하게 한 후 얼굴의 물기를 수건으로 꼼꼼히 닦아줍니다. 2. 눈가와 입가를 제외한 얼굴 전체에 도포 후 제형 속 콕콕 박혀있는 까만 차콜 캡슐을 부드럽게 으깨가며 마사지하듯 부드럽게 롤링해주세요. (약 1~2분간) 3. 연한 회색 클레이가 까맣게 변해 얼굴 전체가 까맣게 변했다면, 더 이상 기다릴 필요 없이 바로 미온수로 헹궈줍니다",maskpack,Facial pack
[3분모공손절] 비플레인 녹두 모공 클레이팩 80ml (12mlx2매 증정),18000,제조일로부터 36개월,1. 세안 후 눈가를 제외한 마른 얼굴 전체에 도톰하게 올려 펴 발라줍니다. 2. 3~5분 후 충분히 물을 묻혀 T존 위주로 부드럽게 롤링하며 씻어냅니다.,maskpack,Facial pack
[모공쫀쫀]한율 부들밤 말끔/깔끔 모공팩 100ml (15ml+모공패드 4매)기획 택1,21600,개봉 전 36개월 / 개봉 후 12개월,"세안 후 물기가 없는 얼굴에 눈가와 입가를 피해 적당량을 펴 발라주세요. 5~10분 후 조이는 느낌과 함께 건조되면 미온수로 고민되는 부분을 위주로 부드럽게 롤링 하며 잔여물이 남지 않도록 깨끗이 씻어냅니다. (*100% 밤 껍질 가루 원물을 그대로 담아 시간이 지남에 따라 색상이 진해지거나 원료의 향이 올라올 수 있으나,제품에는 이상이 없습니다.)",maskpack,Facial pack
오브제 포어 제로 무스 클레이 팩 100ml,18900,"제조일로부터 3년, 개봉 후 12개월","세안 후 물기 없는 얼굴에 내용물 적당량을 펌핑하여 눈가, 입가를 제외한 얼굴 전체에 부드럽게 펴 발라 줍니다. 약 5~10분 후 내용물이 마르면 미온수로 깨끗이 씻어냅니다. (주 1~2회 사용 권장)",maskpack,Facial pack
[66관왕/1위] 린제이 프리미엄 쿨티트리 모델링 팩 1Kg,17100,제조일로부터 3년 / 개봉후 6개월 이내,"깨끗하게 세안 후 스킨이나 토너로 피부결을 정돈해 줍니다. 모델링과 물을 1:0.8 비율로 넣고 모델링이 물에 녹을때까지 스파출라로 빠르게 저어줍니다. 잘 개어진 모델링을 가장자리부터 볼-턱-이마-코 순서로 바르며, 얼굴 가장자리는 두껍게 발라줍니다. 15~20분 뒤 팩을 떼어낸 후 토너로 닦아준 후에 기초제품을 발라줍니다. (모델링 사용 전 세럼 또는 에센스 사용 시 고무팩의 진공효과로 효능을 높여줍니다.)",maskpack,Facial pack
[원조랩핑] 메디필 레드락토 콜라겐 랩핑 마스크 70ml 기획 (+테디베어 키링),25000,제조일로부터 30개월 / 개봉 후 12개월,1. 세안 후 스킨케어 마지막 단계에서 약 5 ml 정도 덜어 (500원 동전 정도) 눈과 입 주위를 제외한 얼굴 전체에 도포해 줍니다. 2. 약 20~30분 후 투명한 막이 생길 때까지 충분히 건조해 준 뒤 가장자리부터 천천히 떼어냅니다. 3. 얼굴에 남아있는 에센스를 가볍게 두드려 흡수시켜 줍니다.,maskpack,Facial pack
[홍버즈PICK] 아페리레 스파 릴리프 비 프로즌 빙하토 포어 마스크 기획(120g+팩 브러쉬),16000,"제조일로부터 1,095일",세안 후 물기 없는 상태에서 눈가와 입가를 제외한 얼굴 전체에 얼굴색이 보이지 않을 만큼 부드럽게 펴발라줍니다. 5~10분 후 미온수에서 부드럽게 롤링하며 씻어줍니다. (주 1~3회 권장),maskpack,Facial pack
브링그린 프레시볼팩 8g (8종 택1),2000,"■ 제조일로부터 36개월, 개봉 후 12개월","■ 오트 요거트, 감자, 블랙슈가 (워시오프팩) 세안 후, 눈가와 입가를 제외한 얼굴 전체에 펴 바른 뒤, 약 10~15분 후 내용물이 마르면 미온수로 씻어냅니다. ■ 티트리, 대나무, 알로에 (슬리핑팩) 세안 후, 눈가와 입가를 제외한 얼굴 전체에 펴 바르고, 그대로 수면 후 다음날 아침 세안합니다. ■ 차콜 (필오프팩) 눈가와 입가를 제외한 물기 없는 얼굴 전체 또는 일부에 고루 펴 바른 뒤, 15~20분 후 완전히 마르면 가장자리부터 부드럽게 떼어냅니다. ■ 사철쑥 세안 후, 눈가와 입가를 제외한 얼굴 전체에 펴 발라 줍니다. 온열감을 느끼며 부드럽게 롤링합니다. 약 10~15분 후 미온수로 씻어냅니다.",maskpack,Facial pack
파파레서피 블레미쉬 버블 머드 마스크 140g,16500,제조일로부터 24개월,"내용물을 적당량 덜어, 눈 주위를 제외한 얼굴 전체에 골고루 도포한 뒤 미세버블이 충분하게 느껴질 때마다 피부를 롤링합니다. 버블링 이후 피부를 마사지하며 미온수로 깨끗이 세안합니다.",maskpack,Facial pack
아임프롬 피그 스크럽 마스크 70g 더블 기획,22400,제조일로부터 36개월 / 개봉 후 12개월,세안 후 눈가를 피해 얼굴 전체에 펴 바르고 10-15분 후 손에 물을 묻혀 스크럽하 듯 가볍게 마사지 한 뒤 미온수로 씻어 줍니다.,maskpack,Facial pack
[-10도 즉각쿨링] 메디힐 모델링팩&앰플 1+1 기획 2종 골라담기,9000,제조일로부터 36개월,"1. 모델링 팩 사용 전 앰플을 먼저 바른 뒤 가볍게 흡수시켜주세요. 2. 볼에 차가운 물을 표시된 선까지 넣은 후(약 50 ml), 파우더를 넣어 스패출러를 사용해 골고루 섞어 고르게 펴 발라 주세요. 팩이 금방 굳을 수 있으니 빠르게 도포해 주세요. 3. 약 15분 후 팩이 굳으면 떼어내고 피부 결을 정돈하여 마무리해 주세요. TIP 모델링 팩 사용 후 앰플을 한 번 더 덧발라주면 피부를 더욱 촉촉하고 매끄럽게 마무리할 수 있습니다.",maskpack,Facial pack
[66관왕/1위] 린제이 쿨링밤 오리지널 모델링팩 330g,10900,제조일로부터 3년 / 개봉후 6개월 이내,"깨끗하게 세안 후 스킨이나 토너로 피부결을 정돈해 줍니다. 모델링과 물을 7ml 스푼 기준으로 파우더 7스푼(약 50ml) : 물 5~6스푼(≒35~42ml) 비율로 넣고 모델링이 물에 녹을때까지 스파출라로 빠르게 저어줍니다. 잘 개어진 모델링을 가장자리부터 볼-턱-이마-코 순서로 바르며, 얼굴 가장자리는 두껍게 발라줍니다. 15~20분 뒤 팩을 떼어낸 후 토너로 닦아준 후에 기초제품을 발라줍니다. (모델링 사용 전 세럼 또는 에센스 사용 시 고무팩의 진공효과로 효능을 높여줍니다.)",maskpack,Facial pack
[원조랩핑] 메디필 랩핑 마스크 70ml 브러쉬 기획 세트,25000,24개월,1. 세안 후 스킨케어 마지막 단계에서 약 5ml 정도 덜어 (500원 동전 정도) 눈과 입 주위를 제외한 얼굴 전체에 도포해 줍니다. 2. 약 20~30분 후 투명한 막이 생길 때까지 충분히 건조해 준 뒤 가장자리부터 천천히 떼어냅니다. 3. 얼굴에 남아있는 에센스를 가볍게 두드려 흡수시켜 줍니다.,maskpack,Facial pack
[박보영PICK/원조버블팩/화잘먹]메노킨 30초 퀵 버블 마스크 브라이트 95ml,28500,제조일 별도 표기(개봉전 36개월 / 개봉후 12개월),"2-3회 펌핑한 거품을 얼굴에 발라 문질러 흡수시켜 줍니다. * 30초동안 기다리거나, 씻을 필요 없습니다.",maskpack,Facial pack
아비브 잡티 콜라겐 랩핑 마스크 글루타치온 필름 100ml (+스패츌러) (온),28000,"개봉전 36개월, 개봉후 12개월","1. 세안 후 스킨케어 마지막 단계에서 눈가, 눈썹, 입가 주변을 제외한 얼굴 전체에 적당량의 내용물을 도포해 줍니다. 2. 약 40분 후 흡수되어 형성된 투명한 필름막을 가장자리부터 아래에서 위로 떼어내줍니다. Tip. 미간, 나비존, 목 등 신경 쓰이는 부위에만 도포하여 스페셜 케어해 보세요.",maskpack,Facial pack
[쿨링냉찜질팩] NEW 빌리프 아쿠아 밤 프로즌 모델링 마스크 단품 / 4SET(+스파츌라+믹싱볼),24000,"개봉전 제조일로부터 24개월, 유통기한 개봉 후 즉시사용","1. 크림 베이스의 1제와 세럼 2제를 볼에 계량 없이 한번에 부은 후 골고루 섞어줍니다. 2. 양볼 안쪽에서 바깥쪽, 이마, 턱, 코 순서로 균일하게 도포해주고, 쉬운 제거를위해 가장자리는 더 도톰하게 도포합니다. 3. 20~30분 정도 휴식을 취한 후 마스크를 제거해줍니다. 4. 남아있는 에센스를 가볍게 두드려 흡수시켜준 뒤 세럼이나 크림으로 마무리합니다.",maskpack,Facial pack
[각질순삭팩] 스킨푸드 블랙슈가 퍼펙트 에센셜 스크럽 2X 210g,14300,제조일로부터 36개월 / 개봉후 12개월,세안 후 촉촉하게 젖은 상태에서 눈가를 피해 얼굴 전체에 부드럽게 롤링하며 펴 발라 주며 마사지 해준 후 미온수로 씻어 냅니다.,maskpack,Facial pack
[8월올영픽] [투명광채/모공청소] 빌리프 슈퍼나이츠 비건 팩 클렌저 2종 옵션 150ml 단품/ 1+1기획,17900,"개봉전 제조일로부터 36개월, 유통기한 개봉후 12개월","세안 시, 물기가 없는 상태에서 얼굴 전체에 도톰하게 펴발라줍니다. 1분 후 미온수로 부드럽게 롤링하며 구석구석 클렌징합니다.",maskpack,Facial pack
[모공피지] 이니스프리 수퍼 화산송이 모공 마스크 100ml,13500,사용기한 24개월 / 개봉 후 9개월,"세안 후 눈가, 입가를 제외한 마른 얼굴 전체에 화산송이 캡슐을 깨면서 펴 발라 줍니다. 10분 후 미온수에서 손가락으로 롤링하며 씻어냅니다. (주1~2회 사용)",maskpack,Facial pack
[박보영PICK/원조버블팩/화잘먹]메노킨 30초 퀵 버블 마스크 리프트 95ml,28500,제조일 별도 표기(개봉전 36개월 / 개봉후 12개월),"2-3회 펌핑한 거품을 얼굴에 발라 문질러 흡수시켜 줍니다. * 30초동안 기다리거나, 씻을 필요 없습니다.",maskpack,Facial pack
[원조온열소금팩] 토르홉 사우난지앙 솔트 마스크 90g,25800,개봉전 제조일로부터 36개월/ 개봉후 12개월 이내 사용 권장,"1. 세안 후 적당한 물기를 제거한 상태에서 적당량을 덜어 눈가,입가를 제외한 얼굴 전체에 도톰하게 펴 발라줍니다. 2. 피부가 조이는 느낌과 함께 내용물이 마르면 미온수로 부드럽게 롤링하여 깨끗하게 헹구어냅니다.",maskpack,Facial pack
[모공탄력/쫀쫀광채]비건이펙트 콜라겐 마스크팩 80ml(+브러쉬증정),21300,제조일로부터 36개월,"1. 세안 후 혹은 스킨케어 마지막 단계에 눈과 입 주변을 제외한 얼굴 전체에 적당량을 도포해 줍니다. 2. 크림이 투명해질 때까지 충분히 건조시켜준 뒤 가장자리부터 떼어내고, 남은 내용물은 미온수로 헹궈내줍니다 Tip! 눈가, 입가, 미간, 목 등 신경 쓰이는 부위에만 도포하여 스페셜 케어 해보세요.",maskpack,Facial pack
[화잘먹]한율 부들밤 깔끔각질 모공팩 100ml (15ml+모공패드 4매)기획,21600,개봉 전 36개월 / 개봉 후 12개월,"사용법 세안 후 물기가 없는 얼굴에 눈가를 피해 적당량을 도톰하게 펴 발라주세요. 10~15분 후 미온수로 고민되는 부분을 위주로 부드럽게 롤링 하며 잔여물이 남지 않도록 깨끗이 씻어냅니다. (*100% 밤 껍질 가루 원물을 그대로 담아 시간이 지남에 따라 색상이 진해지거나 원료의 향이 올라올 수 있으나, 제품에는 이상이 없습니다.)",maskpack,Facial pack
[에이티즈 PICK] 비알머드 릴리프 머드 마스크 110ml,18000,제조일로 부터 36개월 / 개봉 후 12개월,"세안 후 물기 없는 얼굴에 0.5mm~1mm 두께로 피부가 비치지 않을 정도로 눈가, 입가를 제외한 얼굴 전체에 바른 후, 약 15분~20분 후 건조되면 미온수로 깨끗이 씻어냅니다.",maskpack,Facial pack
메디필 엑스트라 슈퍼 9 플러스 3X 랩핑 마스크 70ml 기획(+30ml),19000,제조일로부터 30개월 / 개봉 후 12개월,1. 세안 후 스킨케어 마지막 단계에서 약 5 ml 정도 덜어 (500원 동전 정도) 눈과 입 주위를 제외한 얼굴 전체에 도포해 줍니다. 2. 약 20~30분 후 투명한 막이 생길 때까지 충분히 건조해 준 뒤 가장자리부터 천천히 떼어냅니다. 3. 얼굴에 남아있는 에센스를 가볍게 두드려 흡수시켜 줍니다.,maskpack,Facial pack
[피부보습] 마리엔메이 로즈 히알루로닉 하이드라 워시오프팩 125g,22000,제조일로 부터 36개월 / 개봉 후 12개월,"세안 후 눈가, 입가를 제외한 마른 얼굴 전체에 골고루 펴 발라 줍니다. 충분한 시간이 흐른 뒤 미온수로 부드럽게 씻어냅니다. ※사용 후에는 본품 뚜껑을 꼭 닫아주시기 바랍니다.",maskpack,Facial pack
[저속노화템] 빌리프 슈퍼나이츠 리제너레이팅 나이트 마스크 75ml 단품/기획(75ml+25mlX2ea),29250,"개봉전 제조일로부터 36개월, 유통기한 개봉후 12개월",스킨케어 마지막 단계에서 에센스 혹은 크림 사용 후 적당량을 취해 눈가를 제외한 얼굴 전면 피부결을 따라 부드럽게 발라줍니다. 그대로 수면을 취하고 다음날 아침에 세안합니다.,maskpack,Facial pack
[박보영PICK/원조버블팩/화잘먹]메노킨 30초 퀵 버블 마스크 클리어 95ml,25300,제조일 별도 표기(개봉전 36개월 / 개봉후 12개월),"2-3회 펌핑한 거품을 얼굴에 발라 문질러 흡수시켜 줍니다. * 30초동안 기다리거나, 씻을 필요 없습니다.",maskpack,Facial pack
[에이티즈 PICK] 비알머드 릴리프 머드 마스크팩 110ml+110ml,32800,"제조일로 부터 30개월, 개봉 후 12개월","안 후 물기 없는 얼굴에 0.5mm~1mm 두께로 피부가 비치지 않을 정도로 눈가, 입가를 제외한 얼굴 전체에 바른 후, 약 15분~20분 후 건조되면 미온수로 깨끗이 씻어냅니다.",maskpack,Facial pack
[박보영PICK/원조버블팩/화잘먹]메노킨 30초 퀵 버블 마스크 리페어 95ml,28500,제조일 별도 표기(개봉전 36개월 / 개봉후 12개월),"2-3회 펌핑한 거품을 얼굴에 발라 문질러 흡수시켜 줍니다. * 30초동안 기다리거나, 씻을 필요 없습니다.",maskpack,Facial pack
브링그린 모델링 팩 [티트리 시카/대나무 히알루/슈퍼레몬글루타치온] 28g,4800,제조일로부터 30개월,[STEP 1] 제품 윗 절취선에 맞춰 가위를 이용해 자른 후 스패출러를 꺼내줍니다. [STEP 2] 후면부에 표시된 표시선까지 약 40ml의 차가운 물을 부어 줍니다. (필요 시 아래 눈금선에 맞춰 파우치를 잘라 주셔도 됩니다.) [STEP 3] 파우더와 물을 동봉된 스패츌러를 사용해 빠르게 섞어줍니다. [STEP 4] 잘 개어진 모델링 팩을 볼>턱>이마>코 순으로 도포해 줍니다. [STEP 5] 약 15~20분 뒤 모델링 팩이 마르면 굳은 팩을 떼어내고 토너로 정돈한 후 기초케어로 마무리 합니다.,maskpack,Facial pack
[홈케어] 스킨푸드 푸드 마스크 120g 8종 중 택1,10500,제조일로부터 36개월 / 개봉후 12개월,"세안 후 눈가, 입가를 제외한 얼굴 전체에 부드럽게 펴 발라주고, 5~10분 후 미온수로 씻어냅니다.",maskpack,Facial pack
아임프롬 피그 스크럽 마스크 70g,20000,제조일로부터 36개월 / 개봉 후 12개월,세안 후 눈가를 피해 얼굴 전체에 펴 바르고 10-15분 후 손에 물을 묻혀 스크럽하 듯 가볍게 마사지 한 뒤 미온수로 씻어 줍니다.,maskpack,Facial pack
아비브 리프팅 콜라겐 랩핑 마스크 부활초 필름 100ml (+스패츌러) (온),28000,"개봉전 36개월, 개봉후 12개월","1. 세안 후 스킨케어 마지막 단계에서 눈가, 눈썹, 입가 주변을 제외한 얼굴 전체에 적당량의 내용물을 도포해 줍니다. 2. 약 40분 후 흡수되어 형성된 투명한 필름막을 가장자리부터 아래에서 위로 떼어내줍니다. Tip. 미간, 나비존, 목 등 신경 쓰이는 부위에만 도포하여 스페셜 케어해 보세요.",maskpack,Facial pack
[안티에이징/리프팅] 필킨 릴리프 딥 슬리핑 마스크 50ml,47000,제조일로부터 36개월/개봉 후 12개월,스킨케어 마지막 단계에서 세럼 혹은 크림 사용 후 적당량을 덜어 피부결을 따라 부드럽게 발라줍니다. 수면을 취하고 다음날 아침에 가볍게 미온수로 세안합니다.,maskpack,Facial pack
[NEW] 브링그린 슈퍼레몬글루타치온슬리핑팩 100mL 기획(+실리콘브러쉬),8800,"■ 제조일로부터 36개월, 개봉 후 6개월","■ 사용법 : 1. 저녁 세안 후, 스킨케어 마지막 단계에서 눈가를 제외한 얼굴 전체에 듬뿍 펴 바른 후 수면을 취합니다. 2. 다음 날 아침, 미온수로 가볍게 세안해줍니다. TIP  얇게 펴 바르면 수분크림 대용으로도 사용할 수 있습니다.",maskpack,Facial pack
[원조랩핑] 메디필 레드 락토 콜라겐 랩핑 마스크 70ml (+70ml 더블 기획),36000,24개월,1. 세안 후 스킨케어 마지막 단계에서 약 5ml 정도 덜어 (500원 동전 정도) 눈과 입 주위를 제외한 얼굴 전체에 도포해 줍니다. 2. 약 20~30분 후 투명한 막이 생길 때까지 충분히 건조해 준 뒤 가장자리부터 천천히 떼어냅니다. 3. 얼굴에 남아있는 에센스를 가볍게 두드려 흡수시켜 줍니다.,maskpack,Facial pack
[블랙헤드/피지] 에이프릴스킨 리얼 카렌둘라 필 오프 팩 100g,18200,제조일로부터 24개월,"세안 후 적당량을 덜어 눈과 입 주위를 제외한 얼굴 전체에 골고루 펴 발라주고, 30분 정도 후 내용물이 완전히 마르면 가장자리부터 부드럽게 떼어냅니다.",maskpack,Facial pack
토르홉 로일리 그린머드 콜라겐 마스크 150g,46200,개봉전 제조일로부터 30개월/ 개봉후 12개월 이내 사용 권장,"1. 세안 후 적당한 물기를 제거한 상태에서 적당량을 덜어 눈가,입가를 제외한 얼굴 전체에 도톰하게 펴 발라줍니다. 2. 피부가 조이는 느낌과 함께 내용물이 마르면 미온수로 부드럽게 롤링하여 깨끗하게 헹구어냅니다.",maskpack,Facial pack
[대용량/50회분] 원씽 콜라겐 모델링팩 1kg (온),25900,제조일로부터 36개월 / 개봉 후 12개월,상품상세참조,maskpack,Facial pack
VT 시카 슬리핑 마스크 30매입,22400,"제조일로부터 개봉 전 3년, 낱개 개봉 후 즉시","저녁 세안 후, 스킨케어 마지막 단계에서 적당량 취해 눈가를 제외한 얼굴 전체에 펴 바르고 수면을 취합니다.",maskpack,Facial pack
[탱글결광] 라네즈 바운시&펌 슬리핑 마스크 60ml 기획 (+20ml 추가증정),27540,"제조일로부터 36개월, 개봉 후 12개월 이내 사용","저녁 세안 후, 스킨케어의 마지막 단계를 마치고 자기 전에 발라줍니다. 내용물을 적당량 취한 후, 피부결을 따라 얼굴 안쪽에서 바깥쪽으로 부드럽게 펴발라줍니다. 집중 케어가 필요한 부분에 부드럽게 마사지하듯 덧발라주셔도 좋습니다. 피부에 완전히 흡수시킨 후, 별도 세안 없이 그대로 잠듭니다.(다음날 아침에 세안해주세요.)",maskpack,Facial pack
린제이 엄청 큰 보습 멀티 앰플 (500ml),8900,제조일로부터 3년 / 개봉후 6개월 이내,"""[앰플 사용방법] 세안 후 앰플을 적당량을 취해 피부에 골고루 펴 바른 후 두드리듯 피부에 흡수시켜 줍니다. [앰플팩 사용방법] 세안 후 앰플을 화장솜에 적셔 2분 정도 올려놓은 후 떼어내고 남은 양을 두드리듯 흡수시켜 효과적인 보습, 진정 효과를 부여합니다.""",maskpack,Facial pack
[박보영PICK/원조버블팩/화잘먹]메노킨 30초 퀵 버블 마스크 모이스트 95ml,25300,제조일 별도 표기(개봉전 36개월 / 개봉후 12개월),"2-3회 펌핑한 거품을 얼굴에 발라 문질러 흡수시켜 줍니다. * 30초동안 기다리거나, 씻을 필요 없습니다.",maskpack,Facial pack
[24시간광채지속/대용량] 아로셀 슈퍼 콜라겐 랩핑 마스크,27900,제조일로부터 36개월,"1. 세안 후 스킨케어 마지막 단게에서는 눈과 입 주변을 피해 얼굴 전체에 적당량을 펴 발라줍니다. 2. 약 20~30분 후 투명한 막이 생길 때까지 충분히 건조해 준 뒤, 가장자리부터 천천히 떼어냅니다. 3. 얼굴에 남아있는 에센스는 가볍게 두드려 흡수시켜 줍니다.",maskpack,Facial pack
[저자극] 라운드랩 1025 독도 수면팩 100ml,12600,"제조일로부터 36개월, 개봉 후 12개월","1) 저녁 세안 후 스킨 케어의 마지막 단계에서 적당량을 부드럽게 바른 후 수면을 취합니다. 2) 다음날 아침, 미온수로 가볍게 세안해줍니다.",maskpack,Facial pack
[민감 피부 진정 보습]SVR 센시파인 SOS 크림 마스크 75ml,24300,제조일로부터 3년(개봉 후 12개월),"일주일에 1-2회, 세안 후 얼굴에 적당량을 덜어 고르게 펴 발라 준 뒤, 5분에서 10분이 지난 다음 닦아 줍니다. 혹은 수면팩으로 사용하셔도 좋습니다.",maskpack,Facial pack
[모공피지/세수팩] 블라이드 패팅 스플래쉬 마스크 수딩 앤 힐링 그린티 150ml(+세안볼 증정),23200,개봉 전 30개월 / 개봉 후 6개월,1. 클렌징 후 세면대 1/4정도 물을 담고 마지막 세안을 준비합니다. 2. 본 제품 뚜껑 한 잔 분량(7ml)을 따라 물에 희석합니다. (패딩워터팩:세안수 =1:100) 3. 얼굴을 수회 두들기듯 패팅하고 타올로 닦아내거나 자연 건조시킵니다.,maskpack,Facial pack
[모공피지/세수팩] 블라이드 패팅 스플래쉬 마스크 수딩 앤 힐링 그린티 150ml(+세안볼 증정),23200,개봉 전 30개월 / 개봉 후 6개월,1. 클렌징 후 세면대 1/4정도 물을 담고 마지막 세안을 준비합니다. 2. 본 제품 뚜껑 한 잔 분량(7ml)을 따라 물에 희석합니다. (패딩워터팩:세안수 =1:100) 3. 얼굴을 수회 두들기듯 패팅하고 타올로 닦아내거나 자연 건조시킵니다.,maskpack,Facial pack
[500억유산균팩] 써니콘 마이크로바이옴 유산균 모델링팩 (7개입),20700,개봉 전 36개월 / 개봉 후 즉시사용,"""1. 세안 후 토너로 피부결을 정리해주세요. 모델링 팩 사용 전 에센스를 듬뿍 발라주면 더욱 좋습니다. 2. 1팩을 볼 등에 모두 담고 물을 1포에 50ml 비율로 섞어주세요. 3. 물과 함께 골고루 섞인 팩을 얼굴의 넓은 부위부터 도포한 후 20분 뒤에 떼어냅니다. 4. 모델링팩 제거 후 얼굴 가장자리에 남아있는 잔여물은 화장솜을 적셔 부드럽게 닦아냅니다. 5. 로션, 크림 등 보습 제품을 도포하여 마무리 합니다.""",maskpack,Facial pack
아임프롬 머그워트 마스크 70g,14000,제조일로부터 36개월 / 개봉 후 12개월,세안 후 눈가를 피해 얼굴 전체에 펴 바르고 10-15분 후 미온수로 씻어 줍니다. TIP : 머그워트 마스크를 냉장실에 보관 후 사용하시면 피부에 열감을 낮춰줍니다.,maskpack,Facial pack
아비브 모델링 크림 마스크 어성초/부활초 스쿱 2종,8000,개봉 전 36개월/개봉 후 12개월,"세안 후 피부결을 가볍게 정돈해 줍니다. 평소 사용하시던 에센스, 앰플 단계까지 바르셔도 좋습니다. 컵 안의 구성품을 모두 꺼낸 후, 컵에 1제와 2제를 모두 부어 골고루 섞어줍니다. 동봉된 스패츌러로 눈과 입을 제외하고 얼굴 전체에 두껍게 발라줍니다.(넓은부위->좁은부위 순서로) 20분 뒤 고무처럼 굳어진 팩을 제거하고 피부결을 정돈해줍니다.",maskpack,Facial pack
린제이 엄청 큰 AC컨트롤 멀티 앰플 (500ml),9900,제조일로부터 3년 / 개봉후 6개월 이내,"""[앰플 사용방법] 세안 후 앰플을 적당량을 취해 피부에 골고루 펴 바른 후 두드리듯 피부에 흡수시켜 줍니다. [앰플팩 사용방법] 세안 후 앰플을 화장솜에 적셔 2분 정도 올려놓은 후 떼어내고 남은 양을 두드리듯 흡수시켜 효과적인 보습, 진정 효과를 부여합니다.""",maskpack,Facial pack
[빅토리아]스웨덴에그팩 모이스춰 싱글,12000,■ 사용기간 : 제조일자로부터 3년 보관사용가능 / 개봉 후 사용기간 : 물에닿았을경우 6개월~12개월이내 사용권장 /뉴 에그팩 :2015년 1월 이후,"■ [스웨덴에그팩 사용방법]①세안시 : 아침,저녁으로 일반 비누와 같은방법으로 세안용으로 사용 / ②팩 사용시 : 주2~3회, 거품을 내어 눈/입주위를 제외한 얼굴에 도포 후 3분뒤에 찬물로 세안.",maskpack,Facial pack
[유튜버최애템] 원씽 모델링팩(컵팩) 2종 택1(어성초/히알루론산),5800,제조일로부터 36개월,"1. 세안 후 토너로 피부 결을 정돈해 줍니다. 2. 내장된 스푼 스파출라를 이용하여 물 6~7스푼을 넣어 농도를 조절한 후 스파출라 부분으로 빠르게 섞어 도톰하게 도포해 줍니다. 3. 약 15~20분 후, 천천히 팩을 떼어내 줍니다. 4. 토너 패드 등으로 가볍게 닦아내어 수분 충전과 동시에 남은 잔여물을 제거해 줍니다. * 팩이 굳기 전 최대한 빠르게 도포해 줍니다.",maskpack,Facial pack
[급속쿨링진정 / 모공쪼임] 오어스 쿨 시카 티트리 모델링 팩 풀패키지,3510,제조일로부터 36개월,"1. 종이컵에 표시된 선까지 물을 넣어주세요. (표시선 물 용량 약 50ml) 2. 파우치를 개봉하여 종이컵에 파우더를 담아주세요. 개봉시 파우더가 날릴 수 있으니 주의해 주세요. 3. 동봉된 스파츌러로 파우더와 물을 섞은 후, 적당량을 덜어 피부에 고르게 펴 발라주세요. 팩이 굳을 수 있으니 빠르게 도포해주세요. 4. 약 10-20분 후 천천히 팩을 떼어내고 피부결을 정돈하여 마무리해 주세요.",maskpack,Facial pack
아임프롬 허니 마스크 70ml,15400,제조일로부터 36개월 / 개봉 후 12개월,"세안 후 눈에 닿지 않도록 주의하여 얼굴에 골고루 도포합니다. 약 15분에서 최대 1시간 정도 휴식을 취한 뒤, 미지근한 물로 씻어냅니다. *꿀은 찬 온도에서 쉽게 굳으니 냉장 보관을 하지 마세요.",maskpack,Facial pack
[생기/모공케어] 달바 세럼&크림 모델링팩 1회분 2종 택1,6000,"제조일로부터 30개월, 개봉 후 즉시",① 이탈리아 비건 ‘브이라벨’ 인증 & 인체피부 일차자극 테스트(저자극 테스트) 완료 ② 물 대신 농축 세럼을 담아 농도 조절과 가루 입자 날림 없이 깔끔하고 편하게 관리하는 모델링팩 ③ 부드러운 제형으로 피부 굴곡진 부위까지 빈틈없이 케어 가능 ④ 차가운 성질의 크림 베이스가 열 오른 피부를 시원하게 쿨링 효과 ⑤ 농축 세럼의 마르지 않는 촉촉함으로 도포 시 빨리 굳을 걱정 없는 모델링팩 ⑥ 다양한 인체적용시험 완료로 확인된 올인원 케어 모델링팩,maskpack,Facial pack
[비타 광채/생기UP] 빌리프 슈퍼나이츠 멀티 비타민 마스크 30ml,12800,"개봉전 제조일로부터 36개월, 유통기한 개봉후 12개월",스킨케어 마지막 단계에서 에센스 혹은 크림 사용 후 적당량을 취해 눈가를 제외한 얼굴 전면 피부결을 따라 부드럽게 발라줍니다. 그대로 수면을 취하고 다음날 아침에 세안합니다.,maskpack,Facial pack
SNP 바다제비집 워터 슬리핑 팩 (스틱형),28000,제조일로부터 3년,저녁 세안 후 스킨케어 마지막 단계에서 적당량을 취해 눈가를 제외한 얼굴 전체에 펴 바르고 수면을 취합니다. [ TIP ] 특히 피부가 건조할 때에는 평소보다 더 많은 양을 발라주고 가볍게 마사지를 하며 흡수를 도와 줍니다.,maskpack,Facial pack
[유튜버최애템/모공개선] 원씽 어성초 모델링팩(컵팩) 28g,5800,제조일로부터 36개월,"1. 세안 후 토너로 피부 결을 정돈해 줍니다. 2. 내장된 스푼 스파출라를 이용하여 물 6~7스푼을 넣어 농도를 조절한 후 스파출라 부분으로 빠르게 섞어 도톰하게 도포해 줍니다. 3. 약 15~20분 후, 천천히 팩을 떼어내 줍니다. 4. 토너 패드 등으로 가볍게 닦아내어 수분 충전과 동시에 남은 잔여물을 제거해 줍니다. * 팩이 굳기 전 최대한 빠르게 도포해 줍니다.",maskpack,Facial pack
식물나라 어린녹차 산뜻모공 클레이팩 100ml,12800,"■제조일로부터 30개월, 개봉 후 12개월","세안 후 물기 없는 얼굴에 내용물을 적당량 덜어 눈가, 입가를 제외한 얼굴 전체에 부드럽게 펴 발라줍니다. 5~10분 후 미온수로 깨끗하게 씻어냅니다. TIP) 피부가 보이지 않을 정도로 도톰하게 펴 바르면 더욱 건조하지 않게 사용하실 수 있습니다.",maskpack,Facial pack
[유튜버최애템/수분진정] 원씽 히알루론산 모델링팩(컵팩) 28g,2900,제조일로부터 36개월,"1. 세안 후 토너로 피부 결을 정돈해 줍니다. 2. 내장된 스푼 스파출라를 이용하여 물 6~7스푼을 넣어 농도를 조절한 후 스파출라 부분으로 빠르게 섞어 도톰하게 도포해 줍니다. 3. 약 15~20분 후, 천천히 팩을 떼어내 줍니다. 4. 토너 패드 등으로 가볍게 닦아내어 수분 충전과 동시에 남은 잔여물을 제거해 줍니다. * 팩이 굳기 전 최대한 빠르게 도포해 줍니다.",maskpack,Facial pack
메디필 비건 히알루론산 물톡스 모델링 컵팩 28g (1회분),2700,개봉전 30개월 / 개봉 후 즉시,"""1. 물조절 스파츌라(일체형)로 7~8스푼의 물을 부어준 후, 팩을 흐르지 않는 농도로 맞추어 재빠르게 저어줍니다. 2. 개어진 모델링팩을 볼->턱->이마->코 순으로 바르고, 굳은 후 떼어내기 쉽도록 가장자리를 두껍게 발라줍니다. 3. 약 15~20분 후 굳은 팩을 떼어내고 토너로 정돈한 후 기초화장품을 발라줍니다. ※ 개봉 시 파우더 날림이 있으므로 주의해 주세요. ※ 팩이 굳을 수 있으니 되도록 빨리 도포해 줍니다.""",maskpack,Facial pack
메디필 비건 비타민 콜라겐 모델링 컵팩 28g (1회분),2700,개봉 전 30개월 / 개봉 후 즉시,"1. 물조절 스파츌라(일체형)로 7~8스푼의 물을 부어준 후, 팩을 흐르지 않는 농도로 맞추어 재빠르게 저어줍니다. 2. 개어진 모델링팩을 볼->턱->이마->코 순으로 바르고, 굳은 후 떼어내기 쉽도록 가장자리를 두껍게 발라줍니다. 3. 약 15~20분 후 굳은 팩을 떼어내고 토너로 정돈한 후 기초화장품을 발라줍니다. ※ 개봉 시 파우더 날림이 있으므로 주의해 주세요. ※ 팩이 굳을 수 있으니 되도록 빨리 도포해 줍니다.",maskpack,Facial pack
메디필 비건 그린 시카 콜라겐 모델링 컵팩 28g (1회분),2700,개봉 전 30개월 / 개봉 후 즉시,"1. 물조절 스파츌라(일체형)로 7~8스푼의 물을 부어준 후, 팩을 흐르지 않는 농도로 맞추어 재빠르게 저어줍니다. 2. 개어진 모델링팩을 볼->턱->이마->코 순으로 바르고, 굳은 후 떼어내기 쉽도록 가장자리를 두껍게 발라줍니다. 3. 약 15~20분 후 굳은 팩을 떼어내고 토너로 정돈한 후 기초화장품을 발라줍니다. ※ 개봉 시 파우더 날림이 있으므로 주의해 주세요. ※ 팩이 굳을 수 있으니 되도록 빨리 도포해 줍니다.",maskpack,Facial pack
[급속 쿨링&진정] 어나더페이스 펩타테놀 수분 밸런스 모델링 팩 28g,7000,제조일로부터 36개월,①세안 후 토너를 사용해 피부 결을 정리해 줍니다. ②파우치를 개봉하여 파우더를 용기에 담아주세요. ③용기 뚜껑 실링지를 두 번 접어 꼬깔컵 형태로 만들어 물을 2컵(50ml) 가득 넣어주세요. ④동봉된 스파츌라로 빠르게 섞어주세요. ⑤얼굴에 넓은 부위부터 고르게 펴 발라줍니다. ⑥팩이 고무처럼 굳어질 때까지 15~20분 휴식을 취한 후 굳어진 팩을 제거하고 피부 결을 정돈해 줍니다.,maskpack,Facial pack
[빅토리아]스웨덴에그팩 싱글,12000,■ 사용기간 : 제조일자로부터 3년 보관사용가능 / 개봉 후 사용기간 : 물에닿았을경우 6개월~12개월이내 사용권장 /오리지널 에그팩 :2015년 1월 이후,"■ [스웨덴에그팩 사용방법]①세안시 : 아침,저녁으로 일반 비누와 같은방법으로 세안용으로 사용 / ②팩 사용시 : 주2~3회, 거품을 내어 눈/입주위를 제외한 얼굴에 도포 후 3분뒤에 찬물로 세안.",maskpack,Facial pack
[빅토리아]스웨덴에그팩 모이스춰 듀오,10000,■ 사용기간 : 제조일자로부터 3년 보관사용가능 / 개봉 후 사용기간 : 물에닿았을경우 6개월~12개월이내 사용권장 /뉴 에그팩 :2015년 1월 이후,"■ [스웨덴에그팩 사용방법]①세안시 : 아침,저녁으로 일반 비누와 같은방법으로 세안용으로 사용 / ②팩 사용시 : 주2~3회, 거품을 내어 눈/입주위를 제외한 얼굴에 도포 후 3분뒤에 찬물로 세안.",maskpack,Facial pack
[모공청정] 스킨푸드 에그 화이트 포어 마스크 120g,10500,제조일로부터 36개월,"세안 후 눈가, 입가를 제외한 얼굴 전체에 부드럽게 펴 발라줍니다. 10~15분 후 미온수로 부드럽게 헹구어줍니다.",maskpack,Facial pack
[한혜진PICK/대용량] CKD 레티노콜라겐 저분자 300 타이트닝 물광 크림팩 80ml,18900,제조일로부터 36개월 / 개봉 후 12개월,"1. 세안 후 물기 없는 얼굴에 적당량을 덜어 눈가, 눈썹, 입가를 피해 적당량을 펴 바릅니다. 2. 약 30~40분 후, 흡수되어 형성된 투명한 막을 가장자리에서부터 아래에서 위로 떼어내줍니다. 3.얼굴에 남아있는 내용물을 가볍게 두드려 흡수시켜 줍니다. (사용량과 피부 타입에 따라 마르는 시간이 다를 수 있습니다 / 1회 5ml  사용 시, 약 10회 사용 가능/개인차 있음)",maskpack,Facial pack
스킨1004 마다가스카르 센텔라 히알루-시카 슬리핑팩 100ml,22000,제조 후 36개월 (개봉 후 12개월),적당량 덜어 피부 결에 따라 부드럽게 펴 발라 흡수시켜 줍니다.,maskpack,Facial pack
선덕제주 케라바이옴엑스 로제 멀티 마스크 스틱 3종 중 택 1,27500,"1,095일",물기 없는 얼굴에 팩을 골고루 발라주세요. 5분동안 기다려 주시고 마사지하듯 미온수로 부드럽게 헹궈주세요.,maskpack,Facial pack
선덕제주 케라바이옴엑스 리벨런스 프레쉬 버블팩,24800,"1,095일","세안 후 물기가 있는 상태에서 내용물을 눈, 입가를 제외한 부분에 도포해줍니다. 버블이 생성되면 부드럽게 마사지하고 2-3분 이내에 미온수로 깨끗이 세안해줍니다. 토너로 피부결을 정돈하여 마무리해줍니다",maskpack,Facial pack
아임프롬 만다린 허니 마스크 120g,38000,제조일로부터 36개월 / 개봉 후 12개월,세안 후 깨끗한 상태에서 내용물을 펴 바르고 10분~최대 60분간 휴식을 취하세요. 손에 물을 묻혀 가볍게 마사지한 뒤 미온수로 씻어줍니다.,maskpack,Facial pack
조선미녀 붉은 팥 모공정화 마스크 140ml,20000,제조일부터36개월/개봉후12개월이내,"세안 후 물기를 닦아내고 적당량을 덜어 눈가, 입가를 피해 얼굴 전체에 펴 바른 뒤 10~15분 후 미지근한 물로 가볍게 씻어냅니다.",maskpack,Facial pack
[강력진정/수분장벽] 닥터자르트 시카페어 슬리페어 인텐시브 수딩 리페어 마스크 75ml,32200,36개월(상품 발송 시 기준으로 사용기간 12개월 이상 제품을 발송),세안후 스킨케어 마지막 단계에서 적당량을 발라줍니다 . 수면을 취한 후 다음날 아침 세안을 하여 씻어냅니다,maskpack,Facial pack
[올영단독] 원씽 어성초 모델링팩 1개입(+스파출라),2900,제조일로부터 36개월,"1. 세안 후 토너로 피부 결을 정돈해 줍니다. 2. 파우치 개봉 후, 물을 1:1 비율(약 50ml)로 혼합해 내장된 스파출라로 빠르고 두껍게 발라줍니다. 3. 약 15-20분 후, 천천히 팩을 떼어내 줍니다. 4. 토너 패드 등으로 가볍게 닦아내어 수분 충전과 동시에 남은 잔여물을 제거해 줍니다.",maskpack,Facial pack
어글리러블리 광채 보습 캐롯 마스크 100ml,19900,개봉 후 12개월 / 개봉 전 36개월,1) 세안 후 스킨케어 마지막 단계에서 적당량을 덜어 눈가를 제외한 얼굴 전면 피부결을 따라 부드럽게 펴 발라줍니다. 2) 마스크를 도포한 뒤 충분한 수면을 취하고 다음날 아침에 세안합니다.,maskpack,Facial pack
어글리러블리 생기 톤업 유자 마스크 100ml,28000,개봉 후 12개월 / 개봉 전 36개월,1) 세안 후 물기를 닦은 얼굴에 적당량을 덜어 눈가와 입가를 제외한 얼굴에 도톰하게 펴 발라줍니다. 2) 은은한 온열감이 느껴지며 제형 색상이 미색으로 변할 때까지 부드럽게 마사지하듯 롤링하며 도포한 뒤 10~15분 정도 휴식을 취합니다. 3) 스파츌라의 곡선 부분을 활용해 마스크를 제거한 뒤 미온수로 가볍게 세안해줍니다.,maskpack,Facial pack
어글리러블리 매끈 보들 피그 마스크 100ml,21900,개봉 후 12개월 / 개봉 전 36개월,1) 세안 후 물기를 닦은 얼굴에 적당량을 덜어 눈가와 입가를 피해 얼굴에 부드럽게 펴 발라줍니다. *스크럽으로 인한 자극이 느껴지실 경우에는 세안 후 물기가 있는 상태에서 도포하시기 바랍니다. 2) 마스크를 도포한 뒤 10~15분 정도 휴식을 취합니다. 3) 손에 미온수를 묻혀 마사지하듯 가볍게 롤링해준 뒤 깨끗하게 세안합니다.,maskpack,Facial pack
[66관왕/1위] 린제이 차콜 모델링 팩 (컵팩) 28g,3000,제조일부터3년/ 개봉 후 즉시 사용(일회용),"물조절 스파츄라(일체형)로 표시선까지 7~8스푼의 물을 부어 모델링과 물을 10:0.8의 비율로 맞춘 후 재빠르게 저어줍니다. 개어진 모델링팩을 볼-턱-이마-코 순으로 바르고, 굳은 후 떼어내기 쉽도록 가장자리를 두껍게 발라줍니다. 15~20분 후 굳은 팩을 떼어내고 토너로 정돈한 후 기초 화장품을 발라줍니다.",maskpack,Facial pack
토르홉 로일리 그린머드 콜라겐 마스크 90g,24800,개봉전  제조일로부터 36개월/ 개봉후 12개월 이내 사용 권장,"1. 세안 후 적당한 물기를 제거한 상태에서 적당량을 덜어 눈가,입가를 제외한 얼굴 전체에 도톰하게 펴 발라줍니다. 2. 피부가 조이는 느낌과 함께 내용물이 마르면 미온수로 부드럽게 롤링하여 깨끗하게 헹구어냅니다.",maskpack,Facial pack
[모공개선] 유리숲 모델링팩 500g (15회분),18090,제조일자로 부터 2년,용기 안에 (차가운물) 약 40ml를 섞어서 눈을 제외한 얼굴 전체에 펴발라 주세요.10-15분뒤 제거 해주세요,maskpack,Facial pack
[모공개선] 유리숲 모델링팩 1회분,4000,제조일자로 부터 2년,용기 안에 (차가운물) 약 40ml를 섞어서 눈을 제외한 얼굴 전체에 펴발라 주세요.10-15분뒤 제거 해주세요,maskpack,Facial pack
[3분모공청소]메디큐브 제로 모공 블랙헤드 머드팩 100g,14400,"개봉전 24개월, 개봉후 12개월",1. 세안 후 물기가 없는 상태에서 눈가를 제외한 얼굴 전체에 올려 펴 발라 줍니다. 2. 3~5분 후 내용물이 마르면 미온수로 롤링하며 깨끗하게 헹구어 냅니다.,maskpack,Facial pack
멜린앤게츠 퓨리파잉 디톡스 폼 마스크 118ml,77000,제조일로부터 3년,"두껍게 한 겹을 바르고 거품이 사라질 때까지 5분 동안 둔 후, 따뜻한 물이나 젖은 수건으로 닦아줍니다. 클렌져 대용으로 일주일에 1~2회 사용할 수 있습니다. 포밍 쉐이빙 크림으로도 사용 가능합니다.",maskpack,Facial pack
메디필 비건 콜라겐 모델링팩 4종택1(레드락토/히알루론/비타/그린시카),2700,개봉 전 30개월 / 개봉 후 즉시,"1. 물조절 스파츌라(일체형)로 7~8스푼의 물을 부어준 후, 팩을 흐르지 않는 농도로 맞추어 재빠르게 저어줍니다. 2. 개어진 모델링팩을 볼->턱->이마->코 순으로 바르고, 굳은 후 떼어내기 쉽도록 가장자리를 두껍게 발라줍니다. 3. 약 15~20분 후 굳은 팩을 떼어내고 토너로 정돈한 후 기초화장품을 발라줍니다. ※ 개봉 시 파우더 날림이 있으므로 주의해 주세요. ※ 팩이 굳을 수 있으니 되도록 빨리 도포해 줍니다.",maskpack,Facial pack
[생기영양] 달바 세럼 앤 크림 모델링 마스크 66g*4회분,39000,"제조일로부터 24개월, 개봉 후 즉시",1. 1제와 2제를 고무볼에 계량 없이 한 번에 부은 후 골고루 섞어 줍니다. 2. 양볼 안쪽에서 바깥쪽 > 이마 > 코 > 턱 순서로 도포해 줍니다. 3. 20분~30분 정도 휴식을 취한 후 마스크를 아래에서 위로 제거해 줍니다. 4. 남아있는 에센스를 가볍게 두드려 흡수 시켜준 뒤 세럼이나 크림으로 마무리 합니다.,maskpack,Facial pack
믹순 그린 시카 모델링팩 5개입,17000,제조일로부터 3년,"세안 후 물 50ml, 파우더 1팩(30g)을 충분히 섞어준 다음 눈가를 제외한 부위에 발라주고, 약 15~20분 후 팩을 제거한 뒤 화장솜으로 닦거나 물로 헹궈주세요",maskpack,Facial pack
[3분필링] 이지듀 DW-EGF 멜라라필 LHA 원데이 프로그램,12900,제조일로부터 36개월,"*주 1회 사용으로 충분한 스페셜 필링 케어입니다. 1. 멜라라필 스텝1을 브러시로 가볍게 휘핑하여 세안한 맨 얼굴에 부드럽게 펴바릅니다. 2. 각질이 부드럽게 멜팅될 수 있도록 약 3분 후, 미온수로 헹구어 냅니다. 3. 스텝2를 얼굴 전체에 붙이고 10-20분 후 시트를 떼어낸 다음 피부에 남은 에센스는 가볍게 두드려 흡수시켜 줍니다.",maskpack,Facial pack
설화수 여윤팩 120ml,58500,제조일로부터 36개월 개봉 후 12개월,"1. 저녁 세안후, 스킨케어 마지막 단계에서 500원짜리 동전만큼의 양을 덜어내 눈과 입가 주변을 제외한 얼굴 전체에 고르게 펴 바릅니다. 2. 제형이 스며들 때까지 5분 정도 기다린 후, 그대로 충분한 숙면을 취합니다. 3. 다음날 아침, 미온수로 가볍게 씻어내면 영양 가득 생기있는 피부를 완성해 줍니다. ** 주2-3회 사용을 권장합니다.",maskpack,Facial pack
설화수 옥용팩 120ml,47700,제조일로부터 36개월 개봉 후 12개월,"1. 세안 직후 스킨, 로션을 차례로 발라 얼굴에 충분하게 보습을 채운다음, 얼굴전체에 바를 수 잇을 정도로 500원짜리 동전만큼의 양을 손바닥에 덜어냅니다. 2. 눈과 입 주위를 피해 얼굴 전체에 얇게 펴 바른후, 제형이 각질과 노폐물을 충분하게 흡착하고 팩이 완전히 마를 수 있도록 20-30분 정도 올려 둡니다. 3. 팩이 건조된 후에는 위에서부터 아래로 천천히 떼어낸 후, 스킨, 로션, 크림등의 스킨케어 루틴을 차례로 발라줍니다. 한층 탄력있고 매끈해진 피부를 경험해 보세요. *주 1-2회 사용을 권장합니다.",maskpack,Facial pack
설화수 백삼팩 120ml,64800,제조일로부터 36개월 개봉 후 12개월,"1. 샤워를 하면서 마스크와 스크럽을 동시에. 세안 직후 얼굴에 물기가 남아있는 상태에서 500원짜리 정도의 양을 손바닥에 덜어낸 다음 눈가를 제외한 얼굴 전체에 도톰하게 펴 발라 주세요. 2. 인삼과 꿀을 더한 금빛 텍스처가 피부 묵은 각질과 노폐물, 미세먼지를 충분하게 제거할 수 있도록 마사지하듯 부드럽게 롤링합니다. 3. 인삼과 꿀의 풍부한 영양 성분이 피부에 스며들 수 있도록 샤워를 하면서 양치질을 하거나 머리를 감는 동안 3-5분 정도 그대로 올려둔후, 샤워 마지막 단계에서 부드럽게 씻어내면 한결 맑은 피부를 마주할 수 있어요.",maskpack,Facial pack
제트티유 리즈핏 콜라겐 크림 마스크 (20회분) [탄력/광채],47000,"제조일로부터 3년, 개봉 후 즉시","1)스텝A를 팩 볼 안 가이드선까지, 스텝B 1포 넣어준 후 스파츌라를 이용해 혼합해주세요. 2)잘 혼합된 크림 마스크를 스파츌라를 이용하여 얼굴에 골고루 도포 해주세요. 3)약 20-30분 후 쫀쫀하게 굳어진 크림 마스크를 천천히 떼어낸 후, 남은 에센스를 가볍게 두드려 흡수시켜 줍니다.",maskpack,Facial pack
토리든 모델링 팩 5개입 리필 기획 2종(다이브인/밸런스풀),16800,별도표기 / 36개월 (개봉 후 즉시 사용),"모델링 팩 가루에 정량의 물을 넣은 후 고르게 섞은 다음 피부에 고르게 펴 발라 주세요. 15~20분 후 고무처럼 굳어진 팩을 제거하고 피부결을 정돈하여 마무리해 주세요. - 1. 세안 후 토너로 피부결을 정리해 줍니다. (앰플, 에센스 등을 바른 후 사용하시면 더욱 좋습니다.) 2. 파우치를 개봉하여 파우더를 용기에 담아주세요. (개봉 시 파우더가 날릴 수 있으므로 주의해주세요.) 3. 물을 계량해 줍니다. 4. 모델링팩에 계량한 물을 조금씩 넣어가며 고르게 섞어 주세요. (* 팩이 굳지 않도록 빠르게 섞어 주세요.) 5. 얼굴에 고르게 펴 발라줍니다. (*가장자리를 두껍게 바르면 떼어낼 때 더욱 좋습니다.) 6. 팩이 고무처럼 굳어질 때까지 15~20분 휴식을 취한 후 굳어진 팩을 제거하고 피부결을 정돈해 줍니다. (* 크림을 얇게 발라 마무리해도 좋습니다.)",maskpack,Facial pack
[증정기획] 마녀공장 퓨어 돌콩 스크럽팩 100g 기획 (+7gx2ea),17900,"제조일로부터 3년, 개봉 후 1년",세안 후 물기를 제거한 얼굴에 적당량을 덜어 눈가와 입가를 제외하여 넉넉히 도포하고 5분 후 미온수로 부드럽게 롤링하여 충분히 씻어냅니다.,maskpack,Facial pack
[4회분] 더마토리 모델링 팩 기획세트(4회분) 2종 택1(시카/히알샷),14600,개봉 전: 24개월 / 개봉 후: 즉시 사용,'1제(겔)과 2제(파우더)를 계량 없이 순서대로 부어 동봉된 스파츌라로 골고루 섞은 후 피부에 고르게 펴 발라 주세요. 20~30분 후 굳어진 팩을 제거하고 피부결을 정돈하여 마무리해주세요. TIP. 로션 또는 크림을 얇게 발라 마무리해도 좋습니다.,maskpack,Facial pack
[수분/진정] 더마토리 모델링 팩 단품 2종 택1(시카/히알샷),3800,개봉 전: 24개월 / 개봉 후: 즉시 사용,'1제(겔)과 2제(파우더)를 계량 없이 순서대로 부어 동봉된 스파츌라로 골고루 섞은 후 피부에 고르게 펴 발라 주세요. 20~30분 후 굳어진 팩을 제거하고 피부결을 정돈하여 마무리해주세요. TIP. 로션 또는 크림을 얇게 발라 마무리해도 좋습니다.,maskpack,Facial pack
빌리프 슈퍼나이츠 리제너레이팅 마스크 30ml,12000,"개봉전 제조일로부터 36개월, 유통기한 개봉후 12개월",스킨케어 마지막 단계에서 에센스 혹은 크림 사용 후 적당량을 취해 눈가를 제외한 얼굴 전면 피부결을 따라 부드럽게 발라줍니다. 그대로 수면을 취하고 다음날 아침에 세안합니다.,maskpack,Facial pack
[스파출라일체형] 프롬더스킨 글루타치온 콜라겐 팩 50g,35000,제조일로부터 36개월(개봉 후 12개월),본 품 적당량을 취해 골고루 펴바른 다음 약 30분 후 투명하게 변한 뒤 막을 떼어내고 남은 내용물을 가볍게 두드려 흡수시켜 줍니다.,maskpack,Facial pack
[쿨링진정/모공케어] 달바 세럼 앤 크림 모델링 마스크 66g*4회분,21900,"제조일로부터 24개월, 개봉 후 즉시",1. 1제와 2제를 고무볼에 계량 없이 한 번에 부은 후 골고루 섞어 줍니다. 2. 양볼 안쪽에서 바깥쪽 > 이마 > 코 > 턱 순서로 도포해 줍니다. 3. 20분~30분 정도 휴식을 취한 후 마스크를 아래에서 위로 제거해 줍니다. 4. 남아있는 에센스를 가볍게 두드려 흡수 시켜준 뒤 세럼이나 크림으로 마무리 합니다.,maskpack,Facial pack
어글리러블리 트레블러스 키트(캐롯/유자/피그) 30ml*3종,28000,개봉 후 12개월 / 개봉 전 36개월,[캐롯 마스크] 1) 세안 후 스킨케어 마지막 단계에서 적당량을 덜어 눈가를 제외한 얼굴 전면 피부결을 따라 부드럽게 펴 발라줍니다. 2) 마스크를 도포한 뒤 충분한 수면을 취하고 다음날 아침에 세안합니다. [유자 마스크] 1) 세안 후 물기를 닦은 얼굴에 적당량을 덜어 눈가와 입가를 제외한 얼굴에 도톰하게 펴 발라줍니다. 2) 은은한 온열감이 느껴지며 제형 색상이 미색으로 변할 때까지 부드럽게 마사지하듯 롤링하며 도포한 뒤 10~15분 정도 휴식을 취합니다. 3) 스파츌라의 곡선 부분을 활용해 마스크를 제거한 뒤 미온수로 가볍게 세안해줍니다. [피그 마스크] 1) 세안 후 물기를 닦은 얼굴에 적당량을 덜어 눈가와 입가를 피해 얼굴에 부드럽게 펴 발라줍니다. *스크럽으로 인한 자극이 느껴지실 경우에는 세안 후 물기가 있는 상태에서 도포하시기 바랍니다. 2) 마스크를 도포한 뒤 10~15분 정도 휴식을 취합니다. 3) 손에 미온수를 묻혀 마사지하듯 가볍게 롤링해준 뒤 깨끗하게 세안합니다.,maskpack,Facial pack
일소 클린 업 머드 크림 100g (NEW),11900,제조일로부터 36개월,일소 클린 업 머드 크림 100g (온),maskpack,Facial pack
[화해1위/워시오프팩] 조선미녀 맑은쌀 꿀채운 마스크 150ml,14400,제조일부터36개월/개봉후12개월이내,"세안 후 물기를 닦아내고 적당량을 덜어 눈가, 입가를 피해 얼굴 전체에 펴 바른 뒤 15~20분 후 미지근한 물로 가볍게 씻어냅니다.",maskpack,Facial pack
[어워즈한정기획/5회분] 달바 세럼 앤 크림 모델링 마스크 66g*4회분 [영양/보습](+진정/쿨링 1회분+믹싱볼),39000,"제조일로부터 30개월, 개봉 후 즉시",1. 1제와 2제를 고무볼에 계량 없이 한 번에 부은 후 골고루 섞어 줍니다. 2. 양볼 안쪽에서 바깥쪽 > 이마 > 코 > 턱 순서로 도포해 줍니다. 3. 20분~30분 정도 휴식을 취한 후 마스크를 아래에서 위로 제거해 줍니다. 4. 남아있는 에센스를 가볍게 두드려 흡수 시켜준 뒤 세럼이나 크림으로 마무리 합니다.,maskpack,Facial pack
[고현정 PICK] 코이 플로우 소프트 크레마 마스크 70ml,58000,제조일자로부터 2년,1. 적당량을 덜어 피부 위에 적당한 두께로 고르게 도포한 후 3~5분간 산소 방울이 활성화되도록 기다려줍니다.2. 흐르는 물로 캡슐을 흡수시키듯 문지르며 깨끗하게 씻어줍니다.,maskpack,Facial pack
이지듀 클리어 5 애씨드 필 30ml,29900,36개월,"1. 세안 후, 물기를 살짝 닦아낸 다음 적당량을 덜어 피부 위에 펴 발라 줍니다. 2. 도포 2-3분 경과 후, 해면으로 부드럽게 닦아내고 물로 헹구어내 줍니다. 3.사용 초기, 필링 성분 특유의 따끔함이나 붉어짐이 있을 수 있는데,이는 피부 적응기간에 생기는 일시적인 명현 현상의 일종으로사용할 수록 피부가 적응하며 이러한 증상은 자연스럽게 사라지게 됩니다.",maskpack,Facial pack
올리고더미 카렌듈라 마스크 50ml,29750,제조일로부터 36개월,"정제수, 카올린, 데실올리에이트, 글리세릴스테아레이트에스이, 글리세린, 해수, 세틸알코올, 마그네슘알루미늄실리케이트, 카프릴릭/카프릭트라이 글리세라이드, 티타늄디옥사이드, 징크옥사이드, 미레스-3미리스테이트, 페녹시에탄올, 포트마리골드꽃추출물(0.5%), 프로필렌글라이콜, 밀배아오일, 부틸렌글라이콜, 클로페네신, 향료, 잔탄검, 락틱애씨드, 포타슘솔베이트, 시트릭애씨드, 청색1호, 당호박씨추출물, 기가르티나 스텔라타추출물, 토코페롤, 하이드로제네이티드팜글리세라이즈시트레이트, 해바라기씨오일",maskpack,Facial pack
올리고더미 리바이탈라이징 마스크 50ml,29750,제조일로부터 36개월,"피부가 비치지 않게 도톰하게 얼굴 전체에 골고루 펴 발라주고 10~15분 후, 미온수로 씻어냅니다.",maskpack,Facial pack
올리고더미 린덴 마스크 50ml,29750,제조일로부터 36개월,"피부가 비치지 않게 도톰하게 얼굴 전체에 골고루 펴 발라주고 10~15분 후, 미온수로 씻어냅니다.",maskpack,Facial pack
올리고더미 딥클렌징 마스크 50ml,29750,제조일로부터 36개월,올리고더미 딥클렌징 마스크 50ml,maskpack,Facial pack
올리고더미 캄파 마스크 50ml,28000,제조일로부터 36개월,"피부가 비치지 않게 도톰하게 얼굴 전체에 골고루 펴 발라주고 10~15분 후, 미온수로 씻어냅니다.",maskpack,Facial pack
올리고더미 스트로베리 마스크 50ml,29750,제조일로부터 36개월,"스트로베리 마스크를 피부가 비치지 않게 도톰하게 얼굴 전체에 골고루 펴 발라주고 10~15분 후, 미온수로 씻어냅니다",maskpack,Facial pack
올리고더미 아이시무스 30g,58500,제조일로부터 36개월,"카렌듈라 토닝로션 또는 정제수 20ml에 아이시무스를 5~6회정도 넓게 흩뿌립니다. 샤베트 제형으로 활성화되도록 10초 정도 기다려준 후, 뭉침없이 잘 섞어줍니다. 10~15분 정도 적용 후 손가락으로 가볍게 마사지하여 피부를 순환시킨 다음, 미온수로 씻어냅니다.",maskpack,Facial pack
올리고더미 스트로베리 마스크 125ml,59400,제조일로부터 36개월,"스트로베리 마스크를 피부가 비치지 않게 도톰하게 얼굴 전체에 골고루 펴 발라주고 10~15분 후, 미온수로 씻어냅니다",maskpack,Facial pack
올리고더미 딥클렌징 마스크 110ml,57600,제조일로부터 36개월,"피부에 얇게 얼굴 전체에 골고루 펴 발라주고 10~15분 후, 미온수로 씻어냅니다.",maskpack,Facial pack
올리고더미 카렌듈라 마스크 110ml,57600,제조일로부터 36개월,"피부가 비치지 않게 도톰하게 얼굴 전체에 골고루 펴 발라주고 10~15분 후, 미온수로 씻어냅니다.",maskpack,Facial pack
그라운드플랜 나이트팩 45ml,43200,제조일로부터 36개월,밤 사이 자연 유래 성분이 피부에 수분과 영양을 공급하여 건조한 피부를 촉촉하게 가꾸어 줍니다.,maskpack,Facial pack
[5중모공개선] 원씽 어성초 모델링팩 7개입,13900,제조일로부터 36개월 / 개봉 후 즉시,상품상세참조,maskpack,Facial pack
[탄력/진정] 원씽 콜라겐 모델링팩 7개입,21000,제조일로부터 36개월 / 개봉 후 즉시,상품상세참조,maskpack,Facial pack
[비타민부스트] 더말로지카 멀티비타민 파워 리커버리 워시오프 마스크 75ml,89000,별도 표기 / 개봉 후 12개월,세안 후 눈가를 제외한 마른 얼굴과 목에 넉넉하게 펴 발라 줍니다. 10-15분 후 미온수로 깨끗하게 씻어냅니다. 1주일에 1회 또는 피부 진정이 필요할 때 사용해 주세요.,maskpack,Facial pack
[탄력톤업] 토르홉 오로라 별빛 광채 슬리핑마스크 60g,23850,제조일로부터 36개월.,본품 적당량을 취해 피부에 골고루 펴 바른다.,maskpack,Facial pack
[비타민랩핑팩/대용량] CKD 비타씨테카 잡티흔적 크림팩 80ml 기획세트 (+브러쉬 증정),30000,제조일로부터 36개월,"① 세안 후 눈가, 눈썹, 입가를 제외한 얼굴 전체에 팩브러쉬를 이용하여 적당량을 펴 바릅니다. ② 약 40분 후 흡수되면서 투명해진 막을 가장자리부터 천천히 떼어내줍니다. ③ 얼굴에 남아있는 내용물을 가볍게 두드려 흡수시켜줍니다. TIP 얼굴이 건조할 때에는 세안 후 토너와 크림까지 바른 후 사용해주세요.",maskpack,Facial pack
넛세린 슈퍼 넛 허니 밤 팩 100g,24900,"개봉 전 제조년월로부터 36개월, 개봉 후 6개월",세안 후 얼굴과 손에 물기가 없는 상태에서 허니 밤 팩을 눈가와 입술 부분을 제외한 얼굴 전체에 발라줍니다. 하얀 크림으로 변하는 동안 가볍게 마사지하고 5분 뒤 미온수로 세안해주세요.,maskpack,Facial pack
[NEW] 숨37 마이크로액티브 슈퍼 말차 포어 마스크 100ml,31500,"개봉전 제조일로부터 36개월, 유통기한 개봉후 12개월","세안 후 물기가 없는 피부에 실리콘 브러쉬를 이용하여 적당량을 덜어 눈, 입가를 제외한 얼굴 전체에 넉넉하게 펴 바른 후 마스크의 색상이 옅어질 때까지 약 5-10분간 건조 시켜준 후 미온수로 부드럽게 마사지하듯이 깨끗하게 헹구어 냅니다. 고민 부위는 더 도톰하게 올려 효과를 높여 줍니다.",maskpack,Facial pack
리얼베리어 레티니올 리프팅 랩핑 마스크 80ml,24000,"개봉 전 제조일로부터 30개월간,  개봉 후에는 12개월 이내","1. 세안 후 스킨케어 마지막 단계에서 적당량을 덜어 눈가, 눈썹, 입가를 제외한 얼굴 전체에 도포해 줍니다. 2. 투명한 막이 형성될 때까지 약 40분 정도 충분히 건조시켜 줍니다. 3. 투명한 막을 가장자리부터 천천히 떼어내고 피부 위에 남아있는 에센스를 가볍게 두드려 흡수시켜 줍니다.",maskpack,Facial pack
[2분 모공순삭] 리얼베리어 컨트롤-T 애씨드 포어 클레이 팩 80ml,14000,"개봉 전 제조일로부터 36개월간, 개봉 후에는 12개월 이내",세안 후 눈가와 입가를 제외한 마른 얼굴 전체에 부드럽게 펴 발라 줍니다. 2~5분 후 T존 등 모공 고민 부위를 집중적으로 롤링하며 깨끗이 씻어 냅니다.,maskpack,Facial pack
[모공 삭제/20%추가증정]에스테덤 젠틀 딥포어 클렌저 75ml 단품/기획(+젠틀 딥포어 클렌저15ml),46000,개봉후 6개월 이내 사용 권장,"세안 후, 깨끗한 얼굴에 눈가와 입가를 피해 펴 바르고 약 30초간 롤링한 후 제품이 뻑뻑해지면 미온수로 씻어냅니다. 피부 상태에 따라 주 1~3회 사용합니다. 피지가 특히 많은 코 등에 부분적으로 더 세심하고 집중적인 케어를 할 수 있습니다.",maskpack,Facial pack
일소 노 트러블럼 스팟 소프트너 앰플팩 150g+솜 40매 증정 기획,17900,제조일로부터 36개월,세안 후 토너로 피부결 정돈 후 제품을 화장솜에 적신 후 트러블 고민 부위에 5~10분간 올려 집중 케어 후 필요에 따라 추가적으로 스킨케어하여 마무리 합니다.,maskpack,Facial pack
[NEW] 정샘물 에센셜 물 랩핑 마스크 80ml,28000,개봉 후 12개월 이내 사용 권장,1. 세안 후 또는 스킨케어 마지막 단계에서 눈과 입 주위를 제외한 얼굴 전체에 적당량을 바릅니다. 2. 크림이 투명해질 때까지 건조시키고 가장자리에서 제거합니다. 3. 얼굴에 남아있는 에센스를 두드려 흡수 시킵니다.,maskpack,Facial pack
[플럼핑 수면팩]에스테덤 인텐시브 히알루로닉 마스크 75ml,52000,제조일로부터 3년 사용 가능/※개봉 후 15일 이내 사용 권장,주 2~3회 세안 후 마른 얼굴에 두껍게 바르고 15분 후 물로 씻어냅니다. 수면 마스크로도 사용가능합니다.,maskpack,Facial pack
[원조랩핑] 메디필 레드락토 콜라겐 랩핑 마스크 70ml 대용량 기획 (+30ml),25000,제조일로부터 30개월 / 개봉 후 12개월,1. 세안 후 스킨케어 마지막 단계에서 약 5 ml 정도 덜어 (500원 동전 정도) 눈과 입 주위를 제외한 얼굴 전체에 도포해 줍니다. 2. 약 20~30분 후 투명한 막이 생길 때까지 충분히 건조해 준 뒤 가장자리부터 천천히 떼어냅니다. 3. 얼굴에 남아있는 에센스를 가볍게 두드려 흡수시켜 줍니다.,maskpack,Facial pack
[릴리Pick] 비원츠 씨위드 PDRN 글로우 필오프팩 젤리마스크,28000,24개월,세안 후 적당량을 덜어 눈과 입 주위를 제외한 얼굴 전체에 도포해 줍니다. 20-30분 후 내용물이 완전히 말라 투명해지면 가장자리부터 천천히 떼어냅니다. 남아 있는 에센스는 가볍게 두드려 흡수시켜 줍니다.,maskpack,Facial pack
[대용량] 아페리레 스파 릴리프 비 프로즌 빙하토 포어 마스크 200g,24000,제조일로부터 36개월,사용방법 세안 후 물기 없는 상태에서 눈가와 입가를 제외한 얼굴 전체에 얼굴색이 보이지 않을 만큼 부드럽게 펴발라 줍니다. 5~10분 후 미온수에서 부드럽게 롤링하며 씻어줍니다.,maskpack,Facial pack
페슬로 스피큘 리본 필링 마스크 120g (온),25000,제조일로부터 36개월,"세안 후 물기가 전혀 없는 상태에서 적당량을 덜어 눈가를 제외한 얼굴 전체에 골고루 펴바른 후, 10분 뒤 미온수로 세안해줍니다.",maskpack,Facial pack
[생기결광/온열스팀팩] 비긴스 바이 정샘물 핑크 구아바 글루타치온 흔적 워시오프 팩 90g,19500,개봉 후 12개월 이내 사용 권장,세안 후 얼굴과 손에 물기가 없는 상태에서 흔적 워시 오프 마스크를 눈가와 입술 부분을 제외한 얼굴 전체에 펴 발라줍니다. 하얀 크림으로 변하는 동안 가볍게 마사지하고 5~10분 뒤에 미온수로 세안해 줍니다.,maskpack,Facial pack
[5중모공개선/쿨링진정] 원씽 모델링팩 7개입 3종 택1,13900,제조일로부터 36개월 / 개봉 후 즉시,상품상세참조,maskpack,Facial pack
[올영단독/리뷰이벤트] 리터니티 율무 스킨클린 팩 120g 기획 (천연곡물팩),28900,제조일로부터 36개월 / 개봉 후 12개월 (23년 10월 1일 이후 제조상품),적당량을 토출하여 피부에 부드럽게 발라주고 10-15분 뒤 스파츌라로 걷어내 준 뒤 미온수로 세안해줍니다.,maskpack,Facial pack
풀리 쌀 반죽 모델링 마스크 4개입,25000,개봉 전 36개월 / 개봉 후 즉시 사용,"① 동봉된 스파출러로 파우치 상단의 표면을 쓸어 뭉친 부분이 없도록 고르게 풀어주세요. *아래 표면에 뭉쳐진 부분이 없도록, 액체화 해 주셔야 합니다. ②파우치 중앙 실링 영역 앞/뒷면을 과자 봉지를 뜯는 것처럼 잡아 뜯어주세요. ③표시된 방향으로 흰색 내용물이 모두 이동되도록 동봉된 스파출러로 내려줍니다. ④팩 상단과 하단의 내용물을 30초 동안 고르게 혼합한 뒤 절취선을 따라 개봉하세요. *위아래로 쉐이크 섞듯 흔들어 주면 더 잘 혼합됩니다. ⑤시간이 지날수록 되직해지는 제품입니다. 개봉 후 15초가량 기다린 후에 도포해 주세요. *혼합 후 2분 이내로는 사용해주세요. ⑥스파출라를 사용해 얼굴에 고르게 도포하고 15-20분 경과 후 제거하세요.",maskpack,Facial pack
아임프롬 허니 마스크 120g 기획 (+ 피그 스크럽 30g 증정 단독기획),22800,모든 피부 타입,"1. 세안 후 허니 마스크를 도포해 준 후, 약 10분에서 최대 1시간 정도 휴식을 취해 줍니다. 2. 동봉된 스파출러로 브러쉬의 곡석 부분을 활용해 마스크를 제거해 줍니다. 3. 남은 마스크는 미온수로 가볍게 세안해 줍니다. TIP) 피그 스크럽 마스크를 섞어 사용하면 보습 케어와 각질 케어를 한 번에 할 수 있습니다",maskpack,Facial pack
린제이 올인원 모델링마스크 28g (5종 택1),3000,■ 제조일로부터 3년 / 개봉 후 즉시 사용 (일회용),"■ 파우치의 윗부분을 잡고 팩 가루가 아래쪽으로 내려갈수 있도록 털어주며, 파우치의 바닥을 펼친 후 절개선을 따라 찢어줍니다.스파츄라를 꺼낸 후 표기된 물선까지 물을 붓고 저으며 물을 소량 첨가하여 알맞은 농도를 맞춰줍니다. 게어진 모델링팩을 면적이 넓은 볼→턱→이마→코 순으로 바르고, 굳은 후 떼어내기 쉽도록 가장자리를 두껍게 발라줍니다. 15~20분 후 굳은 팩을 떼어내고 토너로 정돈한 후 기초 화장품을 발라줍니다.",maskpack,Facial pack
[빅토리아]스웨덴에그팩 듀오,10000,■ 사용기간 : 제조일자로부터 3년 보관사용가능 / 개봉 후 사용기간 : 물에닿았을경우 6개월~12개월이내 사용권장 /오리지널 에그팩 :2015년 1월 이후,"■ [스웨덴에그팩 사용방법]①세안시 : 아침,저녁으로 일반 비누와 같은방법으로 세안용으로 사용 / ②팩 사용시 : 주2~3회, 거품을 내어 눈/입주위를 제외한 얼굴에 도포 후 3분뒤에 찬물로 세안.",maskpack,Facial pack
휘게 릴리프 캐모마일 마스크 95ml,17500,제조일로부터 24개월,세안 후 물기없는 얼굴에 적당량을 덜어 눈과 입 주변을 제외한 얼굴 전체에  골고루 펴 발라주고 20분 후 미온수로 깨끗하게 닦아줍니다,maskpack,Facial pack
라운드랩 1025 독도 머드팩 100ml,17000,"제조일로부터 36개월, 개봉 후 12개월 이내 사용","세안 후 물기 없는 마른 얼굴에 적당량을 덜어 부드럽게 펴 바른 뒤, 약 10~15분 후 미온수로 깨끗이 씻어냅니다. *피부가 비치지 않도록 꼼꼼하게 펴 발라주세요.",maskpack,Facial pack
[여행용 미스트증정/모공팩]에스테덤 젠틀 딥 포어 클렌저 75ml 기획(+미스트 30ml 증정),46000,"제조일로부터 3년, 개봉 후 6개월 이내 사용 권장","클렌징 후 물기가 없는 얼굴, 목, 데콜테에 소량씩 도포합니다. 부위별로 원을 그리듯 약 30초간 가볍고 빠르게 마사지합니다. 제품이 뻑뻑해지면 미온수로 씻어냅니다. *  민감도에 따라 주 1-3회 사용",maskpack,Facial pack
[단독기획] 디옴 머드 블랙헤드 클리어 스틱 1+1 더블기획,27000,24개월,"세안 후 물기가 있는 상태에서 블랙헤드, 각질이 심한 부위를 중심으로 롤링하며 가볍게 문질러 준 후 미온수로 닦아냅니다.",maskpack,Facial pack
[순한톤케어] 스킨푸드 라이스 마스크 워시오프 120g,9100,제조일로부터 36개월,세안 후 물기를 닦아낸 후 적당량을 덜어 눈가와 입가를 피해 얼굴에 마사지하듯 문질러 줍니다. 콧등 및 콧 망울 중심으로 여러 번 반복한 다음 10~15분 후 미지근한 물로 헹궈줍니다.,maskpack,Facial pack
[900만개 판매] 스킨푸드 블랙슈가 마스크 워시오프 120g,9100,제조일로부터 36개월 / 개봉후 12개월,1. 물기가 있는 상태에서 적당량을 덜어 눈가와 입가를 피해 얼굴에 마사지하듯 펴 발라 줍니다. 2. 피부에 자극이 적도록 물이나 화장수와 섞어 마사지 한 후 10~15분 후 미지근한 물로 헹궈줍니다.,maskpack,Facial pack
[각질/모공/피지] 듀이트리 AC컨트롤 딥 그린 카밍 클레이 젤 모공팩 100ml (기획/단품),14900,"제조일로부터 30개월, 개봉 후 12개월","1. 세안 후 눈가,입가를 제외한 마른 얼굴 전체에 부드럽게 펴 발라 줍니다. 2. 5~10분 후 미온수로 깨끗이 씻어냅니다.",maskpack,Facial pack
[열감진정] 이아이오 웰링 워시 오프 팩 110ml 기획 (+30g),23600,제조년월일로부터 36개월,"""1. 세안 후, 물기를 제거하고 눈가와 입가를 제외한 얼굴 전체에 고르게 펴 발라 줍니다. 2. 약 10~15분 정도 휴식을 취한 뒤, 미온수로 깨끗이 헹구어 줍니다.""",maskpack,Facial pack
이아이오 웰링 워시 오프 팩 페탈 110ml,23600,제조년월일로부터 36개월,"1. 세안 후, 물기를 제거하고 눈가와 입가를 제외한 얼굴 전체에 고르게 펴 발라 줍니다. 2. 약 10~15분 정도 휴식을 취한 뒤, 미온수로 깨끗이 헹구어 줍니다.",maskpack,Facial pack
시드물 아크바이 모델링 파우더 베이스 220g,9800,제조년월일: 2023년 11월 17일(731일),"파우더와 물을 1:0.7 정도의 비율로 반죽하여 피부에 고루 바르시고, 약 10 ~ 15분 정도 후 부드럽게 떼어내 주세요.",maskpack,Facial pack
시드물 아크바이 모델링 파우더 베이스 1kg,29440,제조년월일: 2023년 11월 17일(731일),"파우더와 물을 1:0.7 정도의 비율로 반죽하여 피부에 고루 바르시고, 약 10 ~ 15분 정도 후 부드럽게 떼어내 주세요.",maskpack,Facial pack
시드물 시원한 페퍼민트 모델링팩 1kg,22800,제조년월일: 2023년 12월 26일(1096일),파우더와 물의 비율을 1:0.7 정도로 반죽을 한 후 피부에 고루 바르시고 약 10 ~ 15분 정도 후 부드럽게 떼어내 주시면 됩니다. 모델링팩을 반죽한 후 반죽이 굳지 않도록 바로 사용해 주세요.,maskpack,Facial pack
메디필 비건 레드 락토 콜라겐 모델링 컵팩 28g (1회분),2700,개봉 전 30개월 / 개봉 후 즉시,"1. 물조절 스파츌라(일체형)로 7~8스푼의 물을 부어준 후, 팩을 흐르지 않는 농도로 맞추어 재빠르게 저어줍니다. 2. 개어진 모델링팩을 볼->턱->이마->코 순으로 바르고, 굳은 후 떼어내기 쉽도록 가장자리를 두껍게 발라줍니다. 3. 약 15~20분 후 굳은 팩을 떼어내고 토너로 정돈한 후 기초화장품을 발라줍니다. ※ 개봉 시 파우더 날림이 있으므로 주의해 주세요. ※ 팩이 굳을 수 있으니 되도록 빨리 도포해 줍니다.",maskpack,Facial pack
아임프롬 피그 스크럽 마스크100g,16900,제조일로부터 36개월 / 개봉 후 12개월,세안 후 깨끗한 상태에서 눈가를 피해 얼굴 전체에 펴 바르고 충분한 휴식을 취한 후 손에 물을 묻혀 가볍게 마사지한 뒤 미온수로 씻어 줍니다.,maskpack,Facial pack
[셔누PICK]아임프롬 피그 스크럽 마스크100g (+100g 더블기획),36000,제조일로부터 36개월 / 개봉 후 12개월,세안 후 깨끗한 상태에서 눈가를 피해 얼굴 전체에 펴 바르고 충분한 휴식을 취한 후 손에 물을 묻혀 가볍게 마사지한 뒤 미온수로 씻어 줍니다.,maskpack,Facial pack
제트티유 리즈핏 콜라겐 크림 마스크 55g [탄력/광채] 1회분,5500,"제조일로부터 3년, 개봉 후 즉시","1)스텝A를 팩 볼 안 가이드선까지, 스텝B 1포 넣어준 후 스파츌라를 이용해 혼합해주세요. 2)잘 혼합된 크림 마스크를 스파츌라를 이용하여 얼굴에 골고루 도포 해주세요. 3)약 20-30분 후 쫀쫀하게 굳어진 크림 마스크를 천천히 떼어낸 후, 남은 에센스를 가볍게 두드려 흡수시켜 줍니다.",maskpack,Facial pack
[수분폭탄] 퍼셀 픽셀바이옴 오투 인핸서 모델링 마스크 240g,28000,제조일로부터 3년,"퍼셀 20억/mL 픽셀바이옴™ 원액 사용 후, 팩을 물에 개어 피부에 도톰하게 올려줍니다. 15-20분 후에 팩을 떼어냅니다. (권장량: 내장된 스푼에 모델링팩을 가득 채운 1스푼(약 30g)과 물 50g을 섞어 주세요)",maskpack,Facial pack
[8월 올영픽 한정기획] ]비플레인 녹두 모공 클레이 팩 120ml 기획 (패드 10매+실리콘 브러쉬),15670,"제조일로부터 36개월, 개봉 후 12개월",1. 세안 후 눈가를 제외한 마른 얼굴 전체에 스파출러를 사용해 도톰하게 올려 펴 발라 줍니다. 2. 3~5분 후 충분히 물을 묻혀 T존 위주로 부드럽게 롤링하며 씻어냅니다.,maskpack,Facial pack
비건이펙트 청보리 알로에 랩핑마스크 80ml,22500,제조연월일로부터 36개월 / 개봉 후 12개월,1. 세안 후 혹은 스킨케어 마지막 단계에 눈 주변을 제외한 얼굴 전체에 적당량을 도포해 줍니다. 2. 크림이 투명해질 때까지 충분히 건조 시켜준 뒤 가장자리부터 떼어내줍니다. TIP 피부 진정이 필요한 부위에 도포하여 스페셜 케어를 해보세요,maskpack,Facial pack
[1+1] 아이소이 블레미쉬 케어 아이&미간 패치 90매 (+90매 더블기획),33400,"제조일자로부터 3년, 개봉 후 6개월 내 사용 권장","세안 후 피부결을 정돈하고 동봉된 집게로 패치를 꺼내 눈가, 미간 등 원하는 고민 부위에 부착합니다. 20-30분 후 패치를 떼어내고 피부에 남으느 에센스를 가볍게 두드려 흡수시켜 주세요. TIP 바쁜 아침 혹은 피부 타입에 따라 3분만 사용하셔도 됩니다.",maskpack,Patch
[주름패치/1+1]SNP 골드 콜라겐 퍼펙션 아이패치 더블 기획(60매+60매),28900,제조일로부터 3년(개봉후1년),"세안 후, 화장수로 피부를 정돈한 뒤 동봉된 스파츌라를 이용하여 아이 패치를 원하는 부위에 붙인 후 20~40분 후에 떼어내 줍니다",maskpack,Patch
[NEW] 바이오힐 보 프로바이오덤 콜라겐 리모델링 아이패치 60매,13800,제조일로부터 36개월,1. 세안 후 토너 혹은 패드로 피부 결을 정돈해 줍니다. 2. 내장된 스푼으로 내용물을 꺼낸 뒤 양쪽 눈가 고민 부위에 부착해줍니다. 3. 약 30분 후부터 유효성분이 흡수되며 투명해집니다. 4. 투명해진 패치를 떼어낸 뒤 남은 에센스를 가볍게 두드려 흡수시켜줍니다.,maskpack,Patch
[잡티패치/1+1]SNP 글루타치온 다크 제로 토닝 패치 더블 기획(60매+60매),28900,제조일로부터 3년(개봉후1년),"세안 후, 화장수로 피부를 정돈한 뒤 동봉된 스파츌라를 이용하여 토닝 패치를 원하는 부위에 붙인 후 20~40분 후에 떼어내 줍니다.",maskpack,Patch
SNPx유미어스 글루타치온 다크 제로 토닝 패치 더블 기획(60매+60매+토끼찡 스티커),34000,제조일로부터 3년(개봉후1년),"세안 후, 화장수로 피부를 정돈한 뒤 동봉된 스파츌라를 이용하여 토닝 패치를 원하는 부위에 붙인 후 20~40분 후에 떼어내 줍니다.",maskpack,Patch
[기미잡티집착템] 이지듀 EX DW-EGF 멜라토닝 패치 5g*4매,15300,제조일로부터 24개월,"1. 기미앰플 사용 후 또는 스킨케어 마지막 단계에 패치의 투명필름을 제거한 후 기미잡티가 밀집되어 있는 양 볼 및 광대 부위 중심으로 패치를 붙여주세요, 2. 30분 후 패치를 떼어내줍니다 3. 피부 컨디션에 따라 4시간~최대 8시간 더 부착하고 계셔도 무방합니다.",maskpack,Patch
[9관왕/1위] 메디힐 콜라겐 패치(눈가&미간&팔자주름) 60매 2종 택 1 [레티놀/비타],14400,제조일로부터 36개월,"세안 후 피부를 정돈한 뒤 내장된 스패츌라를 이용하여 패치를 꺼내 양쪽 눈 밑에 붙여 줍니다. 약 20~30분 후 패치를 떼어내고 남은 앰플을 가볍게 두드려 흡수시켜 줍니다. TIP. 눈 밑 외에도 팔자, 이마, 목 등 주름 케어가 필요한 다양한 부위에 사용 가능합니다.",maskpack,Patch
[리뉴얼] 구달 청귤 비타C 잡티케어 아이패치 알파 60매 더블기획,28500,개봉 전 30개월,세안 후 피부를 정돈하고 내장된 스푼을 이용하여 아이패치를 한 장씩 꺼내 양쪽 눈 밑에 붙여줍니다.,maskpack,Patch
SNPx유미어스 골드 콜라겐 퍼펙션 아이패치 더블 기획(60매+60매+곰돌찡 스티커),34000,제조일로부터 3년(개봉후1년),"안 후, 화장수로 피부를 정돈한 뒤 동봉된 스파츌라를 이용하여 아이 패치를 원하는 부위에 붙인 후 20~40분 후에 떼어내 줍니다.",maskpack,Patch
[주름패치]SNP 골드 콜라겐 퍼펙션 아이패치 60매,16100,제조일로부터 3년(개봉후1년),"세안 후, 화장수로 피부를 정돈한 뒤 동봉된 스파츌라를 이용하여 아이 패치를 원하는 부위에 붙인 후 20~40분 후에 떼어내 줍니다",maskpack,Patch
[착붙콜라겐] 아비브 콜라겐 아이패치 부활초 젤리 60매,16100,"제조일로부터 36개월, 개봉 후 6개월 이내 사용","1. 세안 후 피부를 정돈하고 내장된 스푼을 이용하여 아이 패치를 꺼내 눈 밑 등 원하는 고민 부위에 붙여줍니다. 2. 약 20분 후 아이 패치를 떼어내고 남은 에센스를 가볍게 두드려 흡수시켜 줍니다. - 양면 엠보 패치로 어느 면이든 편하게 부착 가능합니다. - 눈가, 팔자주름, 볼, 이마 등 다양한 고민 부위에 사용 가능합니다. - 부착 후 1~2분 후에 피부에 더욱 밀착됩니다. *지지체 없이 에센스 자체를 굳혀 만든 겔 마스크 특성상 손톱 등 날카로운 것에 닿거나 세게 잡아당기면 찢어지거나 손상될 수 있으니 주의하여 주십시오.",maskpack,Patch
[브링그린X오징어게임] 브링그린 골드콜라겐아이패치 60매,20000,"■ 개봉 전 (제조일/충진일) 36개월 -1일, 개봉 후 3개월 (권장)","""■ 세안 후 피부를 정돈하고 내장된 스푼을 이용하여 아이패치를 한 장씩 꺼내 양쪽 눈 밑에 붙여줍니다. 손가락의 온기로 패치를 살짝 눌러 피부에 밀착시켜 주세요.""",maskpack,Patch
[깐달걀필름] 바이오힐 보 프로바이오덤 멜팅 콜라겐 딥샷 이마 필름 5회분 기획(+콜라겐워터91미스트15ml)/10매입,18100,제조일로부터 36개월,"1. 스킨케어 마무리 단계에서 파우치를 개봉한 후, 이마 필름을 꺼내 핑크색 보호 커버를 제거해 줍니다. 2. 이마 고민 부위에 동봉된 콜라겐 워터 91 미스트를 분사한 후, 콜라겐이 코팅된 흰색 면을 이마 라인에 맞춰 밀착해 줍니다. 3. 나노화된 콜라겐 필름이 피부의 수분과 만나 즉각 녹아들면서 그대로 흡수되고 메쉬망만 남게 됩니다. 4. 메쉬망을 떼어낸 후, 콜라겐과 마이크로 샷이 흡수된 이마 부위를 가볍게 두드려 마무리해주거나 자연스럽게 흡수시켜 줍니다. ※ 콜라겐 딥샷 이마 필름의 경우 수분과 닿자마자 멜팅 되는 특성이 있어 이마 부위에 집중 케어할 수 있도록 중심부가 아닌 손잡이 부분을 잡고 부착해 주세요.",maskpack,Patch
[굴리굴리에디션] 정샘물 키즈 워터풀 수딩 패치(별)10매입,22000,개봉 후 12개월 이내 사용 권장,"세안 후, 피부결을 정돈 한 다음 마스크팩을 꺼내어 진정이 필요한 부위에 부착해줍니다. 5~10분뒤 마스크를 제거하고 남은 에센스를 두드려 흡수시켜줍니다.",maskpack,Patch
[눈가탄력] 더마토리 레티날 콜라겐 아이패치 60매,15400,개봉 전 24개월 / 개봉 후 6개월,"세안 후 피부를 정돈하고, 패치를 한 장씩 꺼내 양쪽 눈 밑에 붙여 줍니다. 약 30분 후 패치를 떼어내고, 남은 앰플을 두드려 흡수시켜 줍니다. TIP. 팔자,미간 등 주름 케어가 필요한 다양한 부위에 붙여 함께 케어할 수 있습니다.",maskpack,Patch
SNP 글루타치온 다크 제로 토닝 패치 60매,16100,제조일로부터 3년(개봉후1년),"안 후, 화장수로 피부를 정돈한 뒤 동봉된 스파츌라를 이용하여 토닝 패치를 원하는 부위에 붙인 후 20~40분 후에 떼어내 줍니다.",maskpack,Patch
케어플러스 징크 트러블 마이크로 닷 패치 와이드 4매 (+마이크로 닷 패치 8매),15300,단상자 별도표기,"1. 고민 부위를 깨끗이 씻어낸 후 물기를 제거합니다. ＊고민 부위에 유분기가 남아있으면 패치의 밀착력이 떨어지니 고민 부위가 건조한 상태에서 사용하시는 것을 권장 합니다. 2. 패치 중앙의 Micro-Dot에 손이 닿지 않도록 주의하여 테두리의 보호 필름을 제거합니다. ＊개봉 후 패치를 손바닥에 '톡' 털어 꺼내면 Micro-Dot의 손상을 최소화 할 수 있습니다. 3. 고민 부위에 패치를 붙인 후, 패치 가운데부터 꾹꾹 눌러서 피부에 밀착시켜 줍니다. ＊패치를 피부와 수직 방향으로 눌러야 Micro-Dot이 유효성분을 더 효과적으로 전달합니다. 4. 4시간 이상 부착 후 가장자리부터 부드럽게 들어 올려 떼어내 줍니다. ＊유효 성분이 피부에 잘 스며들도록 4시간 이상 부착해 주십시오. 부착 후 취침하셔도 좋습니다.""",maskpack,Patch
Faith in Face 아이엠낫타이어드 아이패치 4입,4000,"제조일로부터 (36개월/3년)이내의 상품을 순차적으로 발송, 유통기한 개봉후 12개월","1. 세안 후, 스킨을 바른 뒤, 패치의 필름을 제거한 후 눈 아래 부분에 눈가 모양에 맞게 붙여줍니다. 2. 약 30분 후 패치를 떼어내고 얼굴에 남은 내용물은 손가락으로 두드려 흡수시켜 줍니다.",maskpack,Patch
더마픽스 리얼 콜라겐 텐션업 링클패치,8000,제조일로부터 24개월 / 개봉 후 즉시사용,"Step1) 세안 후 콜라겐 토너로 피부 결을 정돈한 다음, 패치를 꺼내 필름을 제거합니다. Step2) 벌집 모양의 면을 피부 쪽으로 한 후, 눈가 또는 팔자 부위에 잘 붙여줍니다. ※ 눈가/팔자는 물론 탄력관리를 원하는 부위(이마, 볼 등)에 사용해도 좋습니다. Step3) 피부상태에 따라 약 20분~30분부터 유효성분이 흡수되면서 투명해집니다. ※개인 피부상태에 따라 40분 이상 소요될 수 있습니다. Step4) 마스크가 투명해지면 떼어낸 후 남은 내용물을 손으로 두드려 흡수 시켜줍니다.",maskpack,Patch
케이시크릿 엑스트라 일루미네이팅 아이 겔 패치 60매 (비타민C),17900,유통기한 30개월 개봉후12개월,"스파츌라를 이용해 큰 패치를 눈가 주변에, 작은 패치를 추가적으로 관리가 필요한 부분에 부착합니다. 20~30분 후에 제거하고 남은 에센스를 가볍게 두드려줍니다.",maskpack,Patch
케이시크릿 어드밴스드 리제너레이팅 아이 겔 패치 60매 (레티놀),17900,유통기한 30개월 개봉후12개월,"스파츌라를 이용해 큰 패치를 눈가 주변에, 작은 패치를 추가적으로 관리가 필요한 부분에 부착합니다. 20~30분 후에 제거하고 남은 에센스를 가볍게 두드려줍니다.",maskpack,Patch
케이시크릿 인스턴트 릴리프 아이 겔 패치 60매 (카페인),17900,유통기한 30개월 개봉후12개월,"스파츌라를 이용해 큰 패치를 눈가 주변에, 작은 패치를 추가적으로 관리가 필요한 부분에 부착합니다. 20~30분 후에 제거하고 남은 에센스를 가볍게 두드려줍니다.",maskpack,Patch
[눈가 탄력] 메디필 레드락토 콜라겐 아이패치 60매,18400,36개월,1. 세안 후 타올을 이용하여 물기를 닦아줍니다. 2. 기초화장품을 이용하여 피부결을 정리해줍니다. 3. 반드시 동봉된 위생스푼을 이용하여 아이패치를 붙여줍니다. 4. 20~30분 후 떼어내고 피부에 남아있는 에센스를 마사지 하듯 가볍게 두드려 흡수시켜줍니다.,maskpack,Patch
SNP 골드 콜라겐 듀얼 아이패치 60매,12500,제조일로부터 3년(개봉후1년),"세안 후, 화장수로 피부를 정돈한 뒤 동봉된 스파츌라를 이용하여 아이 패치를 원하는 부위에 붙인 후 20~40분 후에 떼어내 줍니다",maskpack,Patch
더멀매트릭스 퀵 바이탈라이징 패치 10매,25000,제조일로부터 30개월 /,1. 파우치를 개봉하여 필름을 제거합니다. 2. 원하는 부위에 밀착되도록 부드럽게 부착한 후 열감을 내리거나 피부 진정 효과를 느껴보세요.,maskpack,Patch
컴포트존 서브라임 스킨 아이 패치 6매,99000,제조일로부터 36개월,"세안 뒤 물기를 제거한 눈가에 아이패치를 부착해줍니다. 패치의 넓은 부분이 얼굴의 바깥쪽을 향하도록 사용합니다. 15분 정도 방치한 뒤 제거해줍니다. 더욱 집중적인 효과를 원한다면 처음 2주동안은 1주일에 2회 사용하고, 나머지 2주간은 1주일에 1회 사용하여 한 달 케어를 마무리해줍니다.",maskpack,Patch
바이오힐 보 프로바이오덤 99.9 멜팅 콜라겐 아이필름 5매 기획,15900,제조일로부터 36개월,"1. 스킨케어 마무리 단계에서 파우치를 개봉한 후, 아이 필름을 꺼내 핑크색 보호 커버를 제거해 줍니다. 2. 눈가 고민 부위에 동봉된 콜라겐 워터 91미스트를 분사한 후, 콜라겐이 코팅된 흰색 면을 눈가에 맞춰 밀착해 줍니다. 3. 나노화된 콜라겐 필름이 피부의 수분과 만나 눈가 부위에 즉각 녹아들면서 그대로 흡수되고 메쉬망만 남게 됩니다. 4. 메쉬망을 떼어낸 후, 콜라겐이 흡수된 눈가 부위를 가볍게 두드려 마무리해주거나 자연스럽게 흡수시켜 줍니다. ※ 콜라겐 99.9% 아이 필름의 경우 수분과 닿자마자 멜팅 되는 특성이 있어 눈가 부위에 집중 케어할 수 있도록 중심부가 아닌 손잡이 부분을 잡고 부착해 주세요.",maskpack,Patch
[애교살주름케어] 아이소이 블레미쉬 케어 아이&미간 패치 90매,19800,"제조일자로부터 3년, 개봉 후 6개월 내 사용 권장","세안 후 피부결을 정돈하고 동봉된 집게로 패치를 꺼내 눈가, 미간 등 원하는 고민 부위에 부착합니다. 20-30분 후 패치를 떼어내고 피부에 남은 에센스를 가볍게 두드려 흡수시켜 주세요. TIP. 바쁜 아침 혹은 피부 타입에 따라 3분만 사용하셔도 됩니다.",maskpack,Patch
[한혜진PICK] CKD 비타씨테카 트리플 흔적패치 60매,18200,제조일로부터 3년,1. 세안 후 피부를 정돈하고 내장된 스푼을 이용하여 흔적 패치를 꺼내 흔적 고민 부위에 붙여줍니다. 2. 약 30분부터 유효성분이 흡수되어 투명해집니다. 3. 투명해진 흔적 패치를 떼어내고 남은 에센스를 가볍게 두드려 흡수시켜 줍니다. *지지체 없이 에센스 자체를 굳혀 만든 패치 특성상 세게 잡아당기면 찢어질 수 있으니 주의하여 주십시오.,maskpack,Patch
[깐달걀필름] 바이오힐 보 프로바이오덤 멜팅 콜라겐 딥샷 팔자&앞볼 필름 5회분 기획(+콜라겐워터91미스트 15ml),18100,제조일로부터 36개월,"1. 스킨케어 마무리 단계에서 파우치를 개봉한 후, 팔자&앞볼 필름을 꺼내 핑크색 보호 커버를 제거해 줍니다. 2. 팔자와 앞볼 고민 부위에 동봉된 콜라겐 워터 91 미스트를 분사한 후, 콜라겐이 코팅된 흰색 면을 코와 입술라인에 라인에 맞춰 밀착해 줍니다. 3. 나노화된 콜라겐 필름이 피부의 수분과 만나 즉각 녹아들면서 그대로 흡수되고 메쉬망만 남게 됩니다. 4. 메쉬망을 떼어낸 후, 콜라겐과 마이크로 샷이 흡수된 팔자와 앞볼 부위를 가볍게 두드려 마무리해주거나 자연스럽게 흡수시켜 줍니다. ※ 콜라겐 딥샷 팔자&앞볼 필름의 경우 수분과 닿자마자 멜팅 되는 특성이 있어 팔자와 앞볼 부위에 집중 케어할 수 있도록 중심부가 아닌 손잡이 부분을 잡고 부착해 주세요.",maskpack,Patch
에이바자르 멜라컨트롤 화이트닝 아이패치 1매,5000,제조일로부터 3년,본 품을 붙이고 10~20분 후 지지체를 제거한 다음 남은 제품을 골고루 펴바른다.,maskpack,Patch
[눈가영양] 비원츠 아이세럼패치 1+1기획,28800,24개월(개봉 후 3개월),아이패치를 양쪽 눈 밑에 붙여줍니다. 20~30분 후 제거한 다음 남은 액상을 두드려 흡수시켜 줍니다.,maskpack,Patch
[NEW] 브링그린 슈퍼레몬 글루타치온 하이드로겔 아이패치 60매,13900,"제조일로부터 36개월, 개봉 후 12개월",세안 후 피부를 정돈하고 집게를 이용하여 아이패치를 한 장씩 꺼내 양쪽 눈 밑에 붙여줍니다. 손가락의 온기로 패치를 살짝 눌러 피부에 밀착시켜 주세요.,maskpack,Patch
[NEW/잡티케어] 닥터지 비타 클리어 하이드로겔 잡티 패치 4회분(2매*4),12000,36개월,"1. 스킨케어 마무리 단계에서 파우치를 개봉한 후, 패치를 꺼내 투명 보호 필름을 제거해 줍니다. 2. 잡티가 걱정되는 양쪽 눈가, 광대 부위를 위주로 피부에 밀착시켜 줍니다. 3. 약 30~40분뒤 패치가 투명해지면 떼어낸 뒤, 가볍게 두드려 마무리해줍니다.",maskpack,Patch
[눙눙이 Pick] 비원츠 피토콜라겐 아이세럼패치 60매 기획 (+눙눙이 스티커 2종),24000,24개월(개봉 후 3개월),아이패치를 양쪽 눈 밑에 붙여줍니다. 20~30분 후 제거한 다음 남은 액상을 두드려 흡수시켜 줍니다.,maskpack,Patch
[굴리굴리 에디션] 정샘물 키즈 수딩 아토 패치 7매,22400,개봉 후 즉시 사용,1. 파우치를 개봉하여 필름을 제거한 뒤 하이드로겔을 고민 부위에 부착합니다. 2. 20~30분 후 하이드로겔을 제거하고 피부에 남은 에센스를 가볍게 두드려 피부에 흡수시켜 줍니다.,maskpack,Patch
"후시다인 PDRN 1,400샷 고탄력 패치",17100,개봉전 24개월 / 개봉후 즉시 사용,"1) 세안 후 토너나 부스팅 에센스로 피부 결을 정돈하여 줍니다. 2) 피부에 스킨케어 단계를 모두 흡수시킨 상태에서 파우치를 개봉하여 패치를 꺼내 패치에 붙어 있는 보호필름을 제거해 줍니다. 3) 미간, 눈가, 입가 등 탄력이 고민되는 부위에 패치의 미세돌기 부분을 피부로 향하여 수직으로 붙인 후 밀착시켜 줍니다. 4) 유효성분이 충분히 흡수되도록 2시간~4시간 동안 부착하고 떼어낸 후 크림 단계로 마무리해 줍니다.",maskpack,Patch
[제주도 한정 판매]라운드어라운드 제주 모이스처 감귤 비타C 아이패치 60매,20000,개봉 전 36개월 개봉 후 3개월,세안 후 토너로 피부 결을 가볍게 정돈 후 내장된 스패츌러를 사용하여 아이패치를 원하는 부위에 붙인 후 약 20분 후 떼어내고 남은 에센스를 가볍게 두드려 흡수시켜 줍니다.,maskpack,Patch
[착붙콜라겐] 아비브 콜라겐 아이패치 부활초 젤리 60매 (+60매 더블 기획),41000,"제조일로부터 36개월, 개봉 후 6개월 이내 사용","1. 세안 후 피부를 정돈하고 내장된 스푼을 이용하여 아이 패치를 꺼내 눈 밑 등 원하는 고민 부위에 붙여줍니다. 2. 약 20분 후 아이 패치를 떼어내고 남은 에센스를 가볍게 두드려 흡수시켜 줍니다. - 양면 엠보 패치로 어느 면이든 편하게 부착 가능합니다. - 눈가, 팔자주름, 볼, 이마 등 다양한 고민 부위에 사용 가능합니다. - 부착 후 1~2분 후에 피부에 더욱 밀착됩니다. *지지체 없이 에센스 자체를 굳혀 만든 겔 마스크 특성상 손톱 등 날카로운 것에 닿거나 세게 잡아당기면 찢어지거나 손상될 수 있으니 주의하여 주십시오.",maskpack,Patch
[7월 올영픽/태닝 마이멜로디] 쏘내추럴 올 데이 타이트 메이크업 세팅 픽서 120ml 더블기획(+러기지택),31500,제조일로부터 3년,"얼굴에서 20~30cm 정도 떨어진 거리에서 얼굴 전체에 가볍게 분사해줍니다. 메이크업 전 사용시 : 피부 결을 정돈해주고 메이크업의 밀착력을 높여줍니다. 메이크업 후 사용시 : 완성된 메이크업의 완벽한 고정과 빛나는 수분 광채 피부로 연출됩니다. ※ 사용 후 내용물이 나오는 노즐 입구를 깨끗이 닦아 보관하시기 바라며, 고정하는 성분으로 인해 노즐이 막힐 수 있으니 사용 시 참고하시기 바랍니다. ※ 안개분사 스프레이 타입 : 인체용 질소가스를 사용하였습니다.[질소와 혼합충진이 아닌 파우치 개별충진 제품입니다.]",Skincare,MIST OIL
쏘내추럴 올 데이 메이크업 픽서 120ml (안개분사 캔타입),16800,제조일로부터 3년,"얼굴에서 20~30cm 정도 떨어진 거리에서 얼굴 전체에 가볍게 분사해줍니다. 메이크업 전 사용시 : 피부 결을 정돈해주고 메이크업의 밀착력을 높여줍니다. 메이크업 후 사용시 : 완성된 메이크업의 완벽한 고정과 빛나는 수분 광채 피부로 연출됩니다. ※ 사용 후 내용물이 나오는 노즐 입구를 깨끗이 닦아 보관하시기 바라며, 고정하는 성분으로 인해 노즐이 막힐 수 있으니 사용 시 참고하시기 바랍니다. ※ 안개분사 스프레이 타입 : 인체용 질소가스를 사용하였습니다.[질소와 혼합충진이 아닌 파우치 개별충진 제품입니다.]",Skincare,MIST OIL
아벤느 오 떼르말 미스트 300ml 2입 기획,25900,"개봉전 5년, 개봉 후 1년 이내 사용 권장",피부에 온천수를 가볍게 분사한 다음 20~32초간 그대로 두었다가 부드럽게 흡수시켜 주세요. * 얼굴 뿐 아니라 자극을 느끼는 신체의 모든 부위에 사용할 수 있습니다. * 메이크업 전/후 혹은 야외활동 등으로 피부가 햇볕에 많이 노출된 후에 뿌려주면 좋습니다.,Skincare,MIST OIL
[NO.1 미스트세럼/슬로우에이징] 달바 퍼스트 스프레이 세럼 100ml,20900,제조일로부터 36개월(개봉후12개월),"세안 직후 제품을 상하로 3~5회 흔들어 내용물이 충분히 섞이게 한 뒤, 고개를 살짝 든 상태에서 10~20cm 떨어져 눈을 감고 얼굴 전체에 4~5회 골고루 분사한 후 가볍게 두드려 피부에 흡수시켜 줍니다.",Skincare,MIST OIL
[재구매1위/퀵보습진정] 바이오힐 보 판테셀 리페어시카 크림미스트 120mL+120mL 더블기획/단품,13500,제조일로부터 36개월,"수분층과 크림층이 충분히 섞이도록 흔들어 준 후, 눈을 감고 얼굴 전체에 고르게 분사하여 흡수시켜 줍니다. Tip) 건조해지기 쉬운 세안 직 후, 메이크업 후 건조할 때에도 수시로 뿌려 피부 보습력을 유지해줍니다.",Skincare,MIST OIL
[7월 올영픽] 라로슈포제 세로징크 세범 컨트롤 토닝 미스트 150ml,15300,제품 뒷면에 표기 / 1년 6개월이상 남아있는 제품부터 순차적 배송,20~30cm 간격을 두고 피부에 뿌려 흡수시킨 뒤 티슈로 가볍게 눌러줍니다. 토너 및 메이크업 픽서 대용으로 사용 가능합니다. (흔들어 사용하지 않습니다.),Skincare,MIST OIL
[긴급진정] 달바 바이탈 스프레이 세럼 100ml 2개 기획,35200,제조일로부터 36개월,"세안 직후 제품을 상하로 3~5회 흔들어 내용물이 충분히 섞이게 한 뒤, 고개를 살짝 든 상태에서 10~20cm 떨어져 눈을 감고 얼굴 전체에 4~5회 골고루 분사한 후 가볍게 두드려 피부에 흡수시켜 줍니다.",Skincare,MIST OIL
[안개분사미스트]에스트라 아토베리어365 크림미스트 120ml,23000,36개월(개봉 후 1년),연약하고 건조해진 피부에 수시로 뿌려줍니다,Skincare,MIST OIL
[NEW] 쏘내추럴 올 데이 블러 메이크업 세팅 픽서 75ml,16000,제조 후 사용기한 36개월,"메이크업 전/후 얼굴에서 20~30 cm 정도 떨어진 거리에서 분사한 뒤, 그대로 흡수시켜 줍니다. 메이크업 전 사용 시 : 메이크업 전, 모공을 먼저 메워주어 매끈하고 뽀송한 피부 표현을 도와줍니다. 메이크업 후 사용 시 : 메이크업을 전체적으로 코팅하여 마무리해 줍니다. ※ 사용 후, 노즐 입구 부분을 깨끗이 닦아서 보관하여 주세요.",Skincare,MIST OIL
[화잘먹 픽싱 미스트/속광탄력] 에스네이처 아쿠아 스쿠알란 미스트 100ml,27000,제조일로부터 30개월,"10-20cm 떨어져 눈을 감고 피부에 분사해줍니다. 수분을 공급하고 싶을 때 수시로 뿌려주면 속보습, 속광 피부를 연출할 수 있습니다.",Skincare,MIST OIL
쏘내추럴 올 데이 메이크업 픽서 75ml 기획(+15ml 젤 픽서),18000,개봉전 36개월 / 개봉 후 12 개월,안개분사 미스트 타입은 사용전 반드시 가볍게 흔들어 준 다음 사용하시기 바랍니다. 얼굴에서 20~30cm 정도 떨어진 거리에서 얼굴전체에 가볍게 분사해줍니다.,Skincare,MIST OIL
[화잘먹미스트] 오드로이 모공수축 시카 83.7 콜라겐 미스트 앰플 로프디 100ml,19970,제조일로부터 2년,세안 후 얼굴 또는 진정이 필요한 부위에 2~3회 분사하여 가볍게 두드려 흡수시켜 줍니다.,Skincare,MIST OIL
[단독기획] 에센허브 티트리 100 오일 10ml 기획(+크림10ml+면봉 50P 증정),19800,"제조일자로 부터 3년, 개봉 후 1년이내 사용권장",- 면봉에 1-2 방울 정도 묻혀줍니다.(과도한 사용 금지)건조된 부위에 사용하며 고민이 되는 스팟 부위에 콕콕 찍어 발라줍니다.,Skincare,MIST OIL
[NEW/수부지미스트] 한율 어린쑥 트러블 진정 미스트 120ml 리필 기획 (+어린쑥 미스트 120ml 리필),19900,"사용기한 36개월, 개봉후 12개월 이내 사용","속건조가 느껴질 때, 즉각적인 피부 진정이 필요할 때 얼굴에 골고루 분사하여 줍니다.",Skincare,MIST OIL
아벤느 오 떼르말 150ml,13900,"개봉전 5년, 개봉 후 1년 이내 사용 권장",피부에 온천수를 가볍게 분사한 다음 20~32초간 그대로 두었다가 부드럽게 흡수시켜 주세요. * 얼굴 뿐 아니라 자극을 느끼는 신체의 모든 부위에 사용할 수 있습니다. * 메이크업 전/후 혹은 야외활동 등으로 피부가 햇볕에 많이 노출된 후에 뿌려주면 좋습니다.,Skincare,MIST OIL
[아이돌광채][NEW] 더하르나이 시카이드 크림 미스트 120ml (안개분사 화잘먹 미스트),20800,제조일로부터 36개월 /개봉 후 6개월 이내 사용 권장,"피부가 건조할 때마다 눈을 감고 얼굴에서 20~30cm 정도 떨어져 뿌려 준 후, 그대로 건조시키거나 톡톡 두드려 흡수시켜줍니다",Skincare,MIST OIL
아벤느 오 떼르말 미스트 150ml 2입 기획,20900,"개봉전 5년, 개봉 후 1년 이내 사용 권장",피부에 온천수를 가볍게 분사한 다음 20~32초간 그대로 두었다가 부드럽게 흡수시켜 주세요. * 얼굴 뿐 아니라 자극을 느끼는 신체의 모든 부위에 사용할 수 있습니다. * 메이크업 전/후 혹은 야외활동 등으로 피부가 햇볕에 많이 노출된 후에 뿌려주면 좋습니다.,Skincare,MIST OIL
[NEW] 바이오힐 보 프로바이오덤 3D 리프팅 크림 미스트 100ml,18200,제조일로부터 36개월,"수분층과 크림층이 충분히 섞이도록 흔들어 준 후, 눈을 감고 얼굴, 목, 데콜데 라인 전체에 고르게 분사하여 흡수시켜 줍니다.",Skincare,MIST OIL
쏘내추럴 리얼 매트 메이크업 세팅 픽서 75ml,13300,"개봉전 30개월, 개봉후 12개월","얼굴에서 20~30cm 정도 떨어진 거리에서 얼굴전체에 가볍게 분사해줍니다. 메이크업 전 사용시 : 피부 결을 정돈해주고 베이스 메이크업의 밀착력을 높여줍니다. 메이크업 후 사용시 :완성된 메이크업의 완벽한 고정과 매트한 피부로 연출됩니다. ※ 사용 후 내용물이 나오는 노즐 입구를 깨끗이 닦아 보관하시기 바라며, 고정시키는 성분으로 인해 노즐이 막힐 수 있으니 사용시 참고하시기 바랍니다, ※ 안개분사 스프레이 타입 : 인체용 질소가스를 사용하였습니다.[질소와 혼합충진이 아닌 파우치 개별충진 제품입니다.]",Skincare,MIST OIL
[3중장벽강화 미스트] 유리아쥬 오떼르말 더블 기획 (300ml+300ml),22900,제조일로부터 1년 6개월 이내의 상품을 순차적으로 발송/개봉후 12개월,"흔들어 사용시 기포가 생겨 일시적으로 입자가 고르지 않게 분사될 수 있으니, 흔들지 말고 사용해주세요. 2~30cm 정도 떨어진 거리에서 뿌려주세요. 색조 메이크업 위에 사용해도 화장이 묻어나지 않습니다. 건조할 때 수시로 뿌려주세요.",Skincare,MIST OIL
케어놀로지 리블루 나이트 페이셜 오일 50ml,75650,제조일로부터 30개월 (개봉 후 12개월),크림 전 단계에서 적당량을 취해 피부에 골고루 펴 발라준 뒤 두드려 흡수시켜줍니다. TIP. 크림과 함께 섞어 쓰면 더 깊은 보습감을 느낄 수 있습니다.,Skincare,MIST OIL
[메이크업아티스트 PICK]에스테덤 셀룰러 워터 미스트 200ml (항산화 미스트),33500,"제조일로부터 3년, 개봉 후 6개월 이내 사용 권장","세안 후 얼굴과 목에 미스트를 뿌린 뒤 가볍게 눌러 흡수시켜 줍니다. 건조함이 느껴질 땐, 미스트 흡수를 1~3번 반복해주면 더욱 좋습니다. 스킨케어 단계마다 뿌려 스킨케어의 효과를 높여줍니다. 하루 중 언제라도 수시로 미스트를 뿌리면 피부에 생기가 더해집니다.",Skincare,MIST OIL
[수분진정/광채보습]메디큐브 연어 PDRN 핑크 세럼 미스트 100ml,19900,개봉전 36개월 개봉 후 12개월,"수분층과 오일층이 충분히 섞이도록 흔들어 준 후, 눈을 감고 얼굴 전체에 고르게 분사하여 흡수시켜 줍니다.",Skincare,MIST OIL
[진정팩1매증정] [슬로우에이징/청담샵Pick] 아이다 글루타치온 브라이트닝 앰플 미스트 60ml,29500,36개월(12개월),"사용 전 가볍게 흔들어 내용물을 섞이게 한 뒤, 눈을 감고 얼굴 전체에 수 회 분사 후 가볍게 두드려 피부에 흡수시켜 줍니다.",Skincare,MIST OIL
[뿌리는PDRN] 차앤박 더마앤서 스킨 부스팅 피디알엔 세럼 미스트 100g,13900,제조일로부터 36개월/ 개봉 후 12개월,"내용물을 충분히 흔든 후, 건조함이 느껴질 때 수시로 얼굴에서 20~30cm정도 떨어져서 눈을 감고 얼굴 전체에 골고루 분사합니다.",Skincare,MIST OIL
[NO.1 미스트세럼] 달바 퍼스트 스프레이 세럼 100ml 2개 기획,59800,제조일로부터 36개월(개봉후12개월),"세안 직후 제품을 상하로 3~5회 흔들어 내용물이 충분히 섞이게 한 뒤, 고개를 살짝 든 상태에서 10~20cm 떨어져 눈을 감고 얼굴 전체에 4~5회 골고루 분사한 후 가볍게 두드려 피부에 흡수시켜 줍니다.",Skincare,MIST OIL
런드리유 클린 페이스 고체 미스트 카밍 100g,25000,제조일로부터 36개월,세안 직후 또는 휴대하며 수시로 얼굴에 충분히 분사하여 줍니다. 세안 후 사용 시에는 1분이내 사용을 권장하며 목 부위까지 아낌없이 분사하여 줍니다. ※ 흔들지 않아도 안개분사가 가능합니다.,Skincare,MIST OIL
[주름탄력] 코스알엑스 더 레티놀 0.5 오일 20ml,20700,상품 발송일 기준으로 사용기한이 18개월 이상 남아있는 제품부터 순차적으로 판매 (유통기한 36개월 / 개봉 후 3개월 이내 사용 권장),"1. 구매 즉시 사용 권장드리며, 냉장 보관해주세요. 2.  저녁 세안 후 세럼 단계에서 발라주세요. 3. 적응 가이드에 맞춰 횟수와 도포량을 확인해주세요. ※적응가이드 1-2주차 : 주 2~3일 저녁 사용 권장(고민 부위에 1~2방운 집중 도포) 3주차~ : 격일 저녁 사용 권장 얼굴 전체에 적당량 도포 4. 오일을 손바닥에 떨어뜨려 손가락 끝으로 얼굴 안쪽에서 바깥쪽으로 롤링하며 흡수시킵니다.",Skincare,MIST OIL
차앤박(CNP) 프로폴리스 에너지 앰플 미스트 100ml,17000,36개월/개봉 후 사용기간 12개월,건조함이 느껴질 때 수시로 얼굴에서 20~30cm정도 떨어져서 눈을 감고 얼굴 전체에 골고루 분사합니다.,Skincare,MIST OIL
식물나라 유채꿀 촉촉 멀티오일 더블기획 30mL*2,15800,"■ 제조일로부터 36개월, 개봉 후 12개월",3-5방울을 손바닥에 덜어 안쪽에서 바깥쪽으로 부드럽게 펴 바르고 손바닥으로 감싸 흡수 시켜 줍니다.,Skincare,MIST OIL
이즈앤트리 히아루론산 워터 미스트,9900,제조일로부터 3년,"피부가 건조할 때마다 눈을 감고 얼굴 전체에 골고루 분사한 후, 톡톡 두드려 흡수시켜줍니다.",Skincare,MIST OIL
[NEW] 쏘내추럴 워터 글로우 메이크업 세팅 픽서 75ml,14400,개봉 전 36개월/개봉 후 12개월,얼굴에서 20~30cm 정도 떨어진 거리에서 얼굴 전체에 가볍게 분사해줍니다. 메이크업 전 사용 시 : 피부 결을 정돈해주고 수분을 공급해주어 메이크업의 밀착력을 높여줍니다. 메이크업 후 사용 시 : 광채를 살리고 고정력을 높여주어 무너짐 없이 깔끔한 메이크업 연출에 도움을 줍니다.,Skincare,MIST OIL
[슈퍼말차마스크 10mlx2개 증정] 숨37 시크릿 모공 세라마이드 버블 오일 에센스 미스트 60ml,22900,"개봉전 제조일로부터 36개월, 유통기한 개봉후 12개월",사용 전 내용물이 충분히 잘 섞이도록 제품을 상하로 3-5회 흔들어줍니다. 얼굴 피부에서 10-20cm 떨어져 눈을 감고 4-5회 골고루 분사한 후 가볍게 두드려 흡수시킵니다.,Skincare,MIST OIL
쏘내추럴 비건 메이크업 캄 픽서 100ml,22000,제조일로부터 36개월,얼굴에서 20~30cm 정도 떨어진 거리에서 얼굴 전체에 가볍게 분사해줍니다. 메이크업 전 사용시 : 피부 결을 정돈해주고 메이크업의 밀착력을 높여줍니다. 메이크업 후 사용시 : 완성된 메이크업의 완벽한 고정과 빛나는 수분 광채 피부로 연출됩니다. ※ 사용 후 노즐 입구 부분을 깨끗이 닦아서 보관해 주시기 바랍니다,Skincare,MIST OIL
아벤느 오 떼르말 미스트 50ml,10000,"개봉전 5년, 개봉 후 1년 이내 사용 권장",피부에 온천수를 가볍게 분사한 다음 20~30초간 그대로 두었다가 부드럽게 흡수시켜 주세요. * 얼굴 뿐 아니라 자극을 느끼는 신체의 모든 부위에 사용할 수 있습니다. * 메이크업 전/후 혹은 야외활동 등으로 피부가 햇볕에 많이 노출된 후에 뿌려주면 좋습니다,Skincare,MIST OIL
[시원하게 진정되는] 원오브뎀 카밍 샷 듀 드롭 미스트 150ml,20800,"1,095",세안 후 화장솜 또는 손에 적당량을 덜어 피부 결을 따라 부드럽게 바르거나 건조함이 느껴질 때마다 눈을 감고 15~20cm 정도 거리를 두고 얼굴 전체에 골고루 분사하여 흡수시켜 줍니다.,Skincare,MIST OIL
[3중장벽강화 미스트] 유리아쥬 오떼르말 50ml(N),6400,"제조일로부터 2년 이내의 상품을 순차적으로 발송, 유통기한 개봉후(또는 제조일로부터) 6개월",2~30cm 정도 떨어진 거리에서 뿌려주세요.,Skincare,MIST OIL
에비앙 브뤼미자뙤르 페이셜미스트 50ml,5600,"제조일로부터 최근 14개월 이내의 상품을 순차적으로발송, 개봉전 3년 개봉후 2년",피부로 부터 20~30cm 떨어진 거리에서 스프레이 한 다음 30초후 티슈나 코튼으로 가볍게 두드려 줍니다.사용시흔들지마세요,Skincare,MIST OIL
라로슈포제 오떼르말 온천수 미스트 150ml,19550,제조일로부터 1년 8개월 이내의 상품을 순차적으로 발송 / 사용기한 : 제조일로부터 3년 이내,20~30cm 간격을 두고 피부에 뿌려 흡수시킨 뒤 티슈로 가볍게 눌러줍니다. 토너 대용으로 사용 가능합니다. (흔들어 사용하지 않습니다.),Skincare,MIST OIL
[3중장벽강화 미스트] 유리아쥬 오떼르말 더블 기획 (150ml+150ml),24000,제조일로부터 1년 6개월 이내의 상품을 순차적으로 발송/개봉후 12개월,"흔들어 사용시 기포가 생겨 일시적으로 입자가 고르지 않게 분사될 수 있으니, 흔들지 말고 사용해주세요. 2~30cm 정도 떨어진 거리에서 뿌려주세요. 색조 메이크업 위에 사용해도 화장이 묻어나지 않습니다. 건조할 때 수시로 뿌려주세요.",Skincare,MIST OIL
에비앙 브뤼미자뙤르 페이셜 스프레이 300ml,14400,"제조일로부터 최근 14개월 이내의 상품을 순차적으로발송, 개봉전 3년 개봉후 2년",피부로 부터 20~30cm 떨어진 거리에서 스프레이 한 다음 30초후 티슈나 코튼으로 가볍게 두드려 줍니다.사용시흔들지마세요,Skincare,MIST OIL
트릴로지 써티파이드 오가닉 100% 로즈힙 오일,26100,■ 제조 후 3년 이내 제품을 순차적으로 발송,"■ 양쪽 볼과 이마, 입가에 오일을 살짝 바른 후 피부 결을 따라 마사지 하듯 발라줍니다.",Skincare,MIST OIL
아벤느 오떼르말 미스트 300ml,26000,"개봉전 5년, 개봉 후 1년 이내 사용 권장",피부에 온천수를 가볍게 분사한 다음 20~32초간 그대로 두었다가 부드럽게 흡수시켜 주세요. * 얼굴 뿐 아니라 자극을 느끼는 신체의 모든 부위에 사용할 수 있습니다. * 메이크업 전/후 혹은 야외활동 등으로 피부가 햇볕에 많이 노출된 후에 뿌려주면 좋습니다.,Skincare,MIST OIL
쌍빠 어딕트 포어리스 매직 에센스 100ml,19000,(제조일로부터 30개월/개봉후 12개월),사용 전 충분히 흔들어 2개의 층을 균일하게 섞어준 후 얼굴에 적당량을 분사해 흡수시켜 줍니다.,Skincare,MIST OIL
[화잘먹/수분보호막]로벡틴 인텐스 글로우 오일 30ml,29200,개봉 후 9개월,"- 퍼스트 오일: 세안하면서 손실된 유분막을 채워주기 위하여 세안 후 첫단계로 ‘페이스오일’을 사용합니다. - 간편 보습: 간편하면서도 깊은 보습감을 주기 위하여, 크림컨센트레이트와 페이스오일을 1:1로 섞어 크림단계에 사용합니다. - 에센스 대용: 깊은 영양과 보습이 필요할 때, 손바닥 위에 오일 2~3방울을 떨어뜨려, 양손의 온기를 이용해 얼굴 전체를 감싸듯 흡수시켜 줍니다. 또는 스포이드를 사용하여 얼굴 표면 위에 바로 떨어뜨려 흡수시켜 줍니다.",Skincare,MIST OIL
크리니크 모이스춰 써지 페이스 스프레이 125ml,38000,제조일로부터 36개월,- 얼굴에서 25~30 cm 정도 떨어진 곳에서 눈을 감고 뿌려줍니다. - 필요할 때마다 수시로 뿌려주시면 좋습니다.,Skincare,MIST OIL
[강력진정/산뜻보습] 닥터자르트 시카페어 페이셜 카밍 미스트 150ml,22000,36개월(상품 발송 시 기준으로 사용기간 12개월 이상 제품을 발송),"건조함이 느껴질 때 수시로 20~30cm정도 떨어져서 눈을 감고 얼굴 전체에 골고루 분사합니다. *흔들어 사용하지 마세요. 스킨 케어 단계 및 메이크업 전 후, 사용 시 민감해진 얼굴을 오래도록 촉촉하게 진정 시켜줍니다",Skincare,MIST OIL
달팡 카모마일 아로마틱 케어 15ml,82000,제조일로부터 36개월,세럼 사용 후 3-5방울을 덜어 얼굴과 데콜테에 발라 흡수 시켜 주세요,Skincare,MIST OIL
디오디너리 100% 플랜트-디라이브드 스쿠알란 30ml,15800,개봉 후 6개월(제조연월 별도표기),아침저녁으로 필요할 때마다 몇 방울씩 바릅니다. 자극이 발생할 경우 사용을 중단하고 의사와 상의하시기 바랍니다. 손상되지 않은 피부에 지시된 대로만 사용하세요. 사용 전 패치 테스트를 권장합니다. 패치 테스팅 가이드 카드 또는 당사 웹사이트의 패치 테스트 상세 가이드를 참조하세요. 어린이의 손이 닿지 않는 곳에 보관합니다.,Skincare,MIST OIL
디오디너리 100% 오가닉 콜드-프레스드 로즈 힙 씨드 오일 30ml,16600,개봉 후 6개월(제조연월 별도표기),하루에 한 번 사용하세요. 저녁에 사용하는 것을 권장합니다. 자극이 발생할 경우 사용을 중단하고 의사와 상의하시기 바랍니다. 손상되지 않은 피부에 지시된 대로만 사용하세요. 사용 전 패치 테스트를 권장합니다. 패치 테스팅 가이드 카드 또는 당사 웹사이트의 패치 테스트 상세 가이드를 참조하세요. 어린이의 손이 닿지 않는 곳에 보관합니다.,Skincare,MIST OIL
[산뜻보습] 달바 바이탈 스프레이 세럼 100ml,29000,제조일로부터 36개월,"세안 직후 제품을 상하로 3~5회 흔들어 내용물이 충분히 섞이게 한 뒤, 고개를 살짝 든 상태에서 10~20cm 떨어져 눈을 감고 얼굴 전체에 4~5회 골고루 분사한 후 가볍게 두드려 피부에 흡수시켜 줍니다.",Skincare,MIST OIL
오우썸 리하이드레이팅 더블 미스트 세럼 120ml (2102),18500,개봉후6개월,"세안 직후 제품을 상하로 3~5회 흔들어 내용물이 충분히 섞이게 한 뒤, 고개를 살짝 든 상태에서 30cm 떨어져 눈을 감고 얼굴 전체에 4~5회 골고루 분사한 후 가볍게 두드려 피부에 흡수시켜 줍니다..",Skincare,MIST OIL
[항산화 부스터] 에스테덤 셀룰러 워터 미스트 100ml (항산화 미스트),23900,개봉후 6개월 이내 사용 권장,"세안 후 얼굴과 목에 미스트를 뿌린 뒤 가볍게 눌러 흡수시켜 줍니다. 건조함이 느껴질 땐, 미스트 흡수를 1~3번 반복해주면 더욱 좋습니다. 스킨케어 단계마다 뿌려 스킨케어의 효과를 높여줍니다. 하루 중 언제라도 수시로 미스트를 뿌리면 피부에 생기가 더해집니다.",Skincare,MIST OIL
마녀공장 비피다 앰플 영양 미스트 120ml (안개분사형),22000,"제조일로부터 2년, 개봉 후 12개월",눈을 감고 15~20cm정도 거리를 두고 얼굴 전체에 고르게 분사한 후 가볍게 톡톡 두드려 피부에 흡수시켜 줍니다.,Skincare,MIST OIL
[선물추천] 달바 오리지널 & 프리미엄 미스트 세럼 기프트 세트,35900,제조일로부터 36개월,"세안 직후 제품을 상하로 3~5회 흔들어 내용물이 충분히 섞이게 한 뒤, 고개를 살짝 든 상태에서 10~20cm 떨어져 눈을 감고 얼굴 전체에 4~5회 골고루 분사한 후 가볍게 두드려 피부에 흡수시켜 줍니다.",Skincare,MIST OIL
아벤느 오 떼르말 미스트 300ml*2 + 50ml 기획,34000,"개봉전 3년, 개봉 후 1년이내 사용권장",피부에 온천수를 가볍게 분사한 다음 부드럽게 흡수시켜 주세요. * 얼굴 뿐 아니라 자극을 느끼는 신체의 모든 부위에 사용할 수 있습니다. * 메이크업 전/후 혹은 야외활동 등으로 피부가 햇볕에 많이 노출된 후에 뿌려주면 좋습니다.,Skincare,MIST OIL
차앤박(CNP) 프로폴리스 에너지 앰플 미스트 250ml,27000,36개월/개봉 후 12개월,"1) 메이크업 전 후, 또는 생기 없는 얼굴에 수시로 뿌려줍니다. 2) 눈을 감고 얼굴에서 20~30cm 정도 떨어져서 사용합니다.",Skincare,MIST OIL
[광채미스트]에스테덤 씨티 프로텍트 미스트 100ml,58650,제조일로부터 3년 / 개봉후 6개월이내 사용 권장,"스킨케어 마지막 단계에 피부 보호를 위해 사용합니다. 얼굴 전체에 원을 그리듯 분사하여 가볍게 흡수시킵니다. 골프나 야외 활동이 많은 경우, 수시로 사용하여 피부를 보호합니다. 자외선에 노출될 경우에는 자외선 차단제를 함께 사용하여 피부를 더 완벽하게 보호합니다.",Skincare,MIST OIL
시드물 비 테라피 미스트 120ml,15800,"사용기한 24개월, 개봉 후 6개월 이내 사용","세안 후 눈을 감고, 얼굴에서 15~20cm 떨어진 거리에서 뿌려준 다음 가볍게 톡톡 두르려 흡수시켜 주십시오.",Skincare,MIST OIL
숨37 워터풀 하이드레이팅 젤 미스트 60ml+60ml 2종 옵션,35900,"개봉전 제조일로부터 36개월, 유통기한 개봉후 12개월",사용 전 흔들어 사용해 주세요. 세안 후 또는 피부가 건조할 때 얼굴에서 20cm 정도의 거리에서 눈을 감고 3~4회 가볍게 분사합니다. ※ 수정 화장 시 퍼프나 얼굴에 분사하여 사용합니다. ※ 미세하게 분사되어 메이크업 후에 사용해도 뭉침 없이 사용할 수 있습니다.,Skincare,MIST OIL
록시땅 시어 바이 페이스 오일 세럼 30ml,44100,"개봉 전 3년, 개봉 후 6개월 내 사용 권장합니다.","아침 저녁 사용합니다. 사용 전 오일과 로션 층이 잘 섞일 수 있도록 흔들어주세요. 중성/건성 피부는 1/3 스포이드, 지성 피부는 1/4 스포이드를 손바닥에 덜어, 손을 비벼 따뜻하게 한 후 손가락 끝으로 얼굴과 목에 가볍게 눌러 펴 발라주세요.",Skincare,MIST OIL
[NEW]바이오힐 보 판테셀 리페어시카 앰플미스트 100mL,26000,제조일로부터 36개월,"수분층과 오일층이 충분히 섞이도록 흔들어 준 후, 눈을 감고 얼굴 전체에 고르게 분사하여 흡수시켜 줍니다. Tip) 건조해지기 쉬운 세안 직 후, 메이크업 후 건조할 때에도 수시로 뿌려 피부 보습력을 유지해줍니다.",Skincare,MIST OIL
아벤느 오떼르말 미스트 50ml 2입 기획,18000,"개봉전 5년, 개봉 후 1년 이내 사용 권장",피부에 온천수를 가볍게 분사한 다음 20~32초간 그대로 두었다가 부드럽게 흡수시켜 주세요.,Skincare,MIST OIL
달팡 로즈 아로마틱 케어 15ml,85000,대부분 사용기한 1년 이상 남은 제품을 배송해드립니다.,건조한 피부에 도포,Skincare,MIST OIL
숨37 워터풀 하이드레이팅 젤 미스트 60ml 기획(리필 60ml*2),39900,"개봉전 제조일로부터 36개월, 유통기한 개봉후 12개월",세안 후 또는 피부가 건조할 때 20cm 정도의 거리에서 눈을 감고 얼굴에 3-4회 가볍게 뿌려줍니다.,Skincare,MIST OIL
[쿨링/붓기완화] 메디톡스 뉴라덤 카밍 오로라 미스트 100ml,27000,제조일로부터 30개월,"사용 전 가볍게 제품을 흔들어 준 다음, 얼굴에서 15cm 간격을 두고 2-3회 골고루 뿌려줍니다.",Skincare,MIST OIL
엠도씨 세붐 스트라이크 안티 트러블 미스트 55g,18400,"제조일로부터 2년이내에 생산된 제품을 순차적으로 발송, 개봉 후 1년","얼굴에서 20~30cm 거리를 둔 상태에서 눈을 감고 피부 고민이 있는 부위에 수시로 뿌려주세요. * 바디 피부(가슴이나 등)에도 사용이 가능하며, 메이크업 위에도 사용하실 수 있습니다.",Skincare,MIST OIL
[아이돌속광미스트] 유이크 바이옴 베리어 크림 미스트 100ml,19500,개봉 전 30개월 (개봉 후 12개월) 이내,"두 층이 잘 섞이도록 가볍게 흔들어 준 뒤, 눈을 감고 얼굴에서 20~30 cm 거리를 두고 골고루 뿌려 준 후 흡수시켜 줍니다.",Skincare,MIST OIL
[선물추천/ 자몽&플로럴향 리추얼 멀티오일] 눅스 윌 프로디쥬스 멀티 플로럴 오일 50ml 기획,35000,제조일자로부터 3년,"BODY : 샤워 후 물기가 남은 바디 전체에 뿌려 가볍게 마사지 해주며 발라줍니다. FACE : 세안 직후, 손에 1-2회 분사하여 얼굴 전체에 가볍게 흡수시켜 줍니다. HAIR : 바디와 페이스에 사용 후 손에 남은 오일을 모발 끝에 가볍게 발라주세요.",Skincare,MIST OIL
올리세 퓨어워터 미스트 300ml,7900,1825일,세안 또는 샤워 후 건조한 피부에 분사 후 가볍게 두드려 흡수시켜 줍니다.,Skincare,MIST OIL
파이코어 디퍼런씨 블루바이옴 리페어 세럼 미스트 100ml,33000,36개월 / 개봉 후 12개월,"""미스트 캡을 오른쪽으로 돌려 오픈한 뒤 적정거리에서 얼굴 위로 골고루 분사한 후 자연스럽게 흡수되도록 기다려 주세요. * 세안 후 토너 단계에서 사용하거나,  즉각적인 진정과 보습이 필요할 때 수시로 사용해주세요.""",Skincare,MIST OIL
[피로하고 건조한 눈 케어] 프라나롬 캐모마일 하이드롤라 150ml,33300,제조일로부터 29개월 (개봉 후 6개월 이내 사용 권장),"눈가 케어: 하루 수회, 피로하고 건조한 눈에 직접 분사해 주시거나 화장솜에 충분한 양을 분사해 눈가에 올려주세요. 피부 케어: 예민해진 피부에 토너로 사용해주시거나 화장솜에 분사해 스킨팩처럼 10-15분간 올려주세요.",Skincare,MIST OIL
[100% 로즈 꽃수] 프라나롬 로즈 하이드롤라 150ml,33300,제조일로부터 30개월(개봉 후 6개월 이내 사용 권장),"보습, 탄력케어 토너, 미스트: 얼굴에 필요할 때마다 분사해서 흡수시켜 주세요. 두피 케어: 두피의 탄력을 위해 두피에 직접 분사해 주세요.",Skincare,MIST OIL
케어놀로지 리블루 밸런싱 크림 인 미스트 120ml,28900,제조일로부터 30개월 (개봉 후 12개월),프랑스에서 찾은 수백 개의 나노홀(nano-hole)이 펌핑할 떄마다 360° 회전화며 초미세 안개 분사,Skincare,MIST OIL
아이디플라코스메틱 리얼애프터케어 미스트 120ml,13500,제조일자로 부터 36개월,얼굴에서 20~30cm 떨어진 거리에서 눈을 감고 뿌려줍니다. 피부가 건조할 때마다 수시로 뿌려줍니다.,Skincare,MIST OIL
[1등수분미스트] 그라운드플랜 미스트 100ml,34000,제조일로부터 36개월,얼굴에서 30cm 정도 떨어뜨려 눈을 감고 얼굴 전체에 골고루 분사한 뒤 가볍게 두드려 흡수시켜줍니다.,Skincare,MIST OIL
[뿌리는 진정 토너] 더말로지카 울트라카밍 미스트 177ml,46900,별도 표기 / 개봉 후 12개월,"세안 후, 적당 거리에서 얼굴에 분사하여 수분을 채워주세요",Skincare,MIST OIL
아비브 부활초 미스트 세럼 글로우 스프레이 100ml,17500,개봉 전 36개월/개봉 후 12개월,오일층과 세럼층이 섞이도록 충분히 흔들어 준 뒤 눈을 감고 얼굴 전체에 분사해 가볍게 두드려 피부에 흡수시켜 주세요.,Skincare,MIST OIL
[홈스파 리추얼 멀티오일] 눅스 윌 프로디쥬스 멀티 드라이 오일 50ml,35000,개봉 전 제조일로부터 3년 / 개봉 후 12개월,"BODY :  샤워 후 물기가 남은 바디 전체에 뿌려 가볍게 마사지 해주며 발라줍니다. FACE : 세안 직후, 손에 1-2회 분사하여 얼굴 전체에 가볍게 흡수시켜 줍니다. HAIR : 바디와 페이스에 사용 후 손에 남은 오일을 모발 끝에 가볍게 발라주세요.",Skincare,MIST OIL
[NEW] 숨37 시크릿 에센스 미스트 60ml 리필 기획 (+60ml),39900,"개봉전 제조일로부터 36개월, 유통기한 개봉후 12개월",건조함이 느껴질 때 수시로 사용합니다. 얼굴에서 20cm 떨어진 곳에서 가볍게 분사합니다.,Skincare,MIST OIL
[잡티미백/톤업]비건이펙트 비타씨 글루타치온 미스트 100ml,18500,제조일로부터 36개월 / 개봉 후 12개월,1. 제품의 2개층이 충분히 섞이도록 흔들어주세요. 2. 눈을 감고 얼줄 전체에 골고루 가볍게 분사해주세요. (Tip 외출 전 사용시 반드시 자외선 차단제를 함께 사용해 주세요.),Skincare,MIST OIL
레이지소사이어티 올인원 크림 스프레이 120ml,24900,"제조일로부터 (36개월)이내의 상품을 순차적으로 발송, 유통기한 개봉 후 12개월","제품을 충분히 흔들어 수분층과 크림층이 잘 혼합되도록 한 후, 얼굴과 목 부위에 3-4번 이상 분사하고 손으로 두드리듯 가볍게 흡수시켜 주세요.",Skincare,MIST OIL
[쿨링진정/뿌리는 앰플] 톰 글로우 레이어링 콜라겐 앰플 미스트 세럼,49020,제조일로부터 36개월,"딥 글로우 앰플과 페이셜 폴리쉬 워터를 혼합하여 흔든 후, 피부에 부드럽게 분사하여 주세요. 사용 전 제품을 가볍게 흔들어 내용물이 충분히 섞이게 한 뒤, 20cm 거리에서 얼굴 전체에 5~7회 골고루 분사합니다.",Skincare,MIST OIL
[리뷰이벤트/NEW/광채 하이라이터]눅스 윌 프로디쥬스 쉬머 롤온 8ml (플로럴/골드),18900,개봉 전 3년 / 개봉 후 12개월,"FACE : 광대뼈, 눈썹뼈, 콧대, 윗입술, 턱 등 BODY : 쇄골, 어깨 볼륨감과 광채를 더해주고 싶은 부위에 손끝으로 톡톡 두드리며 자연스럽게 블렌딩해주세요",Skincare,MIST OIL
블랙몬스터 화이트 스킨미스트,19000,제조일로부터 30개월 / 개봉 후 12개월,1.깨끗히 세안 후 눈을 감은 상태에서 10-15cm 거리를 두고 스프레이 펌프를 사용합니다. 2.얼굴에 적당량을 뿌려준 후 두드려 흡수시켜 줍니다.,Skincare,MIST OIL
쌍빠 어딕트 글로우 매직에센스 100ml,9900,제조일자 : 별도표기 (제조일로부터 30개월/개봉후 12개월),가볍게 흔들어 맨얼굴이나 메이크업 위에 분사하여 줍니다.,Skincare,MIST OIL
트릴로지 로즈힙오일 라이트 블렌드 30ml,36000,제조일로부터 3년,"양쪽 볼과 이마, 입가에 오일을 살짝 바른 후 피부 결을 따라 마사지 하듯 발라줍니다.",Skincare,MIST OIL
[리뉴얼] 자트인사이트 울트라 셋팅 진짜 픽서 50ml,14900,"제조일로부터 36개월, 개봉 후 6개월 이내","메이크업 전 후, 용기를 잘 흔든 뒤 얼굴에서 20~30cm 거리를 두고 적당량을 뿌려줍니다. 이 때, 'O' 모양과 'T' 모양으로 분사하시면 보다 드라마틱한 효과를 받을 수 있습니다.",Skincare,MIST OIL
식물나라 유채꿀 촉촉 멀티오일30mL,10900,"■ 제조일로부터 36개월, 개봉 후 12개월",3-5방울을 손바닥에 덜어 안쪽에서 바깥쪽으로 부드럽게 펴 바르고 손바닥으로 감싸 흡수 시켜 줍니다.,Skincare,MIST OIL
[한정기획] 에센허브 티트리 100 오일 10ml 1+1 기획 (10ml+10ml+면봉 50ea),18800,"제조일자로 부터 3년, 개봉 후 1년이내 사용권장",- 면봉에 1-2 방울 정도 묻혀줍니다.(과도한 사용 금지)건조된 부위에 사용하며 고민이 되는 스팟 부위에 콕콕 찍어 발라줍니다.,Skincare,MIST OIL
[증량기획] 토리든 다이브인 저분자 히알루론산 토너 300ml 기획(+100ml 추가 증정),15700,제조일로부터 3년 / 개봉 후 12개월,세안 후 화장솜 혹은 손에 적당량을 덜어 피부결을 따라 부드럽게 흡수시켜 줍니다.,Skincare,Skin Toner
[피지쓱싹] 브링그린 티트리시카수딩토너 500mL 기획,18900,"■ 제조일로부터 36개월, 개봉 후 12개월",■ 내용물을 적당량 덜어 피부결을 따라 부드럽게 펴 발라준 후 흡수시켜 줍니다.,Skincare,Skin Toner
[대용량 기획] 아누아 어성초 77 수딩 토너 350ml 기획 (+350ml 리필팩),27500,제조일자로부터 36개월 / 개봉 후 12개월,적당량을 덜어 피부에 골고루 펴 발라줍니다,Skincare,Skin Toner
[1등토너] 라운드랩 1025 독도 토너 200ml 기획 (+50ml),13500,"제조일로부터 36개월, 개봉 후 12개월 이내 사용","세안 후 적당량을 덜어 화장솜에 충분히 적신 뒤, 피부결을 따라 부드럽게 닦아내어 피부를 정돈시켜줍니다.",Skincare,Skin Toner
바이오더마 하이드라비오 토너 250ml,18850,"제조일로부터 3년 이내의 상품을 순차적으로 발송,  개봉 후 6개월",세안 후 화장솜에 적당량을 덜어 피부에 부드럽게 패딩해 줍니다.,Skincare,Skin Toner
[7월 올영픽] 에스트라 에이시카365 수분토너 pH4.5 200ml,21000,36개월 (개봉 후 1년),아침 저녁 적당량을 손에 덜어 피부결에 따라 부드럽게 펴발라 흡수시켜 줍니다.,Skincare,Skin Toner
[쿨링진정]넘버즈인 1번 진정 맑게담은 청초토너 300ml 리필기획(+300ml 증정),27000,[본품] 제조일로부터 36개월 / 개봉 후 12개월 이내 사용,"세안 후 적당량을 화장솜에 적셔 얼굴 피부 결을 따라 안쪽에서 바깥쪽으로 닦아내거나, 손에 덜어 피부에 흡수시켜줍니다.",Skincare,Skin Toner
[1+1/모공케어] 유세린 더머토클린 클래리파잉 토너 더블기획 (200ml+200ml),26600,"주문일로부터 1년 6개월 이내의 제조 상품 배송, 제조일로부터 36개월 이내 사용(상품에는 '제품 사용 기한' 표기)","세안 후, 화장솜에 적당량을 덜어 피부 결을 따라 부드럽게 닦아 내듯이 발라준 후, 손으로 두드려 흡수시켜 줍니다.",Skincare,Skin Toner
디오디너리 글리코릭 애시드 7% 엑스폴리에이팅 토너 240ml,16300,개봉 후 12개월(제조연월 별도표기),"하루에 한 번 이하로 저녁에 사용해주세요. 세안을 마친 후, 화장솜에 토너를 적신 후 얼굴과 목을 쓸어냅니다. · 민감한 피부, 벗겨지거나 손상된 피부에는 사용을 피해주세요. · 눈가를 비롯한 눈 주위에 직접적으로 닿지 않도록 합니다. · 사용 후 물로 씻어내지 마시고, 필요한 다른 스킨케어 제품을 이어서 사용해주세요. · 제품 사용 빈도 및 시간을 제한해주세요. · 자극이 발생할 경우 사용을 중단하고 의사와 상의하시기 바랍니다. 손상되지 않은 피부에 지시된 대로만 사용하세요. 사용 전 패치 테스트를 권장합니다. 어린이의 손이 닿지 않는 곳에 보관합니다. · 일광화상 주의: 이 제품은 햇빛에 대한 피부의 민감성과 일광화상을 일으킬 수 있는 성분인 알파 하이드록시산(AHA)을 함유하고 있습니다. 제품 사용 시 및 사용 후 일주일 간 자외선 차단제를 사용하고, 햇빛을 차단할 수 있는 옷을 입는 등 햇빛 노출을 최소화해주세요",Skincare,Skin Toner
토니모리 원더 세라마이드 모찌 토너 500ml 기획 (+100ml +크림 30ml),12750,제조일로부터 36개월,[원더세라마이드 모찌 토너] 다양하게 활용하는 멀티 토너 닦토) 화장솜에 토너를 적셔 거친 피부 결을 부드럽게 닦아줍니다. 7스킨법) 토너를 손바닥에 덜어 에센스 바르듯 두드려 흡수시켜줍니다. 시간차를 두고 여러 번 반복해 수분을 채워줍니다. 스킨팩) 화장솜에 토너를 듬뿍 적셔 민감하거나 달아오른 피부에 마스크 팩 대용으로 부착해줍니다. 미스트) 미스트 공병에 덜어 건조함을 느낄 때마다 수시로 뿌려줍니다. [원더 세라마이드 모찌 수분 크림] 스킨케어 마지막 단계에서 내용물을 적당량 덜어 피부 결에 따라 골고루 펴 바른 후 가볍게 두드리듯이 흡수시켜 줍니다.,Skincare,Skin Toner
[대용량] 마녀공장 비피다 바이옴 앰플 토너 400ml+100ml 기획,17500,"제조일로부터 3년, 개봉 후 1년",세안 후 화장솜에 앰플 토너를 충분히 적신 뒤 피부 결을 따라 부드럽게 닦아낸 후 가볍게 두드려 흡수시켜 줍니다,Skincare,Skin Toner
[깜자콜라보/기름종이 토너] 라네즈 젤 크림 스킨 170ml 기획 (+깜자 러기지택),23760,"제조일로부터 36개월, 개봉 후 12개월 이내 사용","1. 기본 사용법: 아침, 저녁 스킨 사용 단계에서 적당량을 손에 덜어 피부 속부터 채워주듯이 두드리며 흡수시켜줍니다. 2. 유수분 조절 스킨팩으로 활용: 크림 스킨을 화장솜에 적셔 과잉유분 케어 스킨팩으로 활용해보세요.",Skincare,Skin Toner
[첫수분토너] 웰라쥬 리얼 히알루로닉 100 토너 300ml 기획 (+화장솜 60매),22400,제조일로부터 36개월,세안 후 내용물을 적당량 덜어 피부 결을 따라 부드럽게 펴 발라준 후 가볍게 두드려 흡수시켜 줍니다. 닦토 시에는 세안 후 토너를 화장솜에 듬뿍 적셔 가볍게 피부결을 정돈시켜 줍니다.,Skincare,Skin Toner
[수분진정/화해1위] 에스네이처 아쿠아 오아시스 토너 300ml 기획 (+젤크림 30ml),24000,"제조일로부터 1,095일","* 닦아내는 토너로 사용 시 : 화장솜에 적당량을 적셔 얼굴 안쪽에서 바깥쪽으로 부드럽게 닦아 피부결 정돈을 해줍니다. * 보습 토너로 사용 시: 손바닥에 적당량을 덜어내어 얼굴에 부드럽게 흡수시켜주면, 산뜻한 수분감을 느낄 수 있습니다.",Skincare,Skin Toner
[하루특가/비타민마스크15ml증정] 빌리프 아쿠아밤 프로즌토너 드롭드롭드롭 기획(300ml+50ml+겔패드140매),23400,"개봉전 제조일로부터 36개월, 유통기한 개봉후 12개월","사용 전 충분히 흔들어 내용물을 잘 섞어 주세요. 세안 후 첫단계에서, 손에 적당량을 덜어 가볍게 두드려 흡수시켜줍니다. 화장솜에 덜어 피부결을 따라 닦아내듯 부드럽게 쓸어주거나, 토너를 적신 세미 겔 패드를 5분간 피부에 얹어 팩처럼 사용하면 더욱 좋습니다.",Skincare,Skin Toner
[속보습] 더랩바이블랑두 올리고 히알루론산 딥 토너 500ml 대용량 기획 (+100ml),28890,개봉 후 1년/ 제조일로부터 3년,적당량을 손에 덜어 피부결을 따라 발라주고 손 끝으로 가볍게 두드려 흡수시켜 줍니다. TIP : 화장솜에 듬뿍 묻혀 건조한 피부에 올려두고 속보습 집중 케어로 활용할 수 있습니다.,Skincare,Skin Toner
[시카보다 4배*강한] 한율 어린쑥 수분진정 토너 150ml,21600,"사용기한 36개월, 개봉후 12개월 이내 사용","내용물을 얼굴과 목 피부에 펴 바르거나, 화장솜에 덜어 얼굴 안쪽에서 바깥쪽으로 부드럽게 닦아낸 후, 남은 내용물을 톡톡 두드려 흡수시켜 주세요.",Skincare,Skin Toner
[증정기획] 헤브블루 살몬 PDRN 센텔라 토너 200ml 기획 (+연어 크림 20ml,26800,"개봉 전 36개월, 개봉 후 12개월",세안 후에 적당량을 덜어 피부에 두드려 흡수시켜 줍니다.,Skincare,Skin Toner
[민감진정] 라운드랩 소나무 진정 시카 토너 250ml,19900,"제조일로부터 30개월, 개봉 후 12개월","세안 후 적당량을 덜어 화장솜에 충분히 적신 뒤, 피부결을 따라 부드럽게 닦아내어 피부를 정돈시켜줍니다.",Skincare,Skin Toner
[수분진정] 아비브 어성초 카밍 토너 스킨부스터 더블 기획 (200ml+200ml),39000,"제조일로부터 24개월, 개봉후 12개월",적당량을 덜어 피부 결을 따라 부드럽게 바른 뒤 가볍게 두드려 흡수시켜 줍니다.,Skincare,Skin Toner
[수분생기] 라운드랩 자작나무 수분 토너 1+1 기획 (300ml+300ml),23800,"제조일로부터 36개월, 개봉 후 12개월 이내 사용","아침, 저녁 세안 후 스킨 케어 단계에서 적당량을 덜어 피부 위에 펴 바르고 가볍게 두드리듯 흡수시켜줍니다.",Skincare,Skin Toner
[단독기획] 아누아 어성초 77 수딩 토너 250ml 기획 (+로션 100ml),19900,"[토너] : 제조일자로 부터 36개월, 개봉 후 12개월 / [로션] : 제조일자로 부터 36개월, 개봉 후 12개월",[토너] : 세안 후에 적당량을 덜어 피부에 두드려 흡수 시켜 줍니다. [로션] : 스킨케어 마무리 단계에서 내용물을 적당량을 덜어 피부에 골고루 펴 바른 후 부드럽게 흡수 시켜줍니다.,Skincare,Skin Toner
[한별두별PICK]폴라초이스 스킨퍼펙팅 바하 리퀴드 118ml 기획 (+바하 리퀴드 30ml),26600,36개월,화장솜 또는 손에 적당량을 덜어 얼굴에 골고루 펴 바릅니다. 물로 씻어낼 필요가 없습니다. 아침에는 SPF 30 이상의 선크림으로 마무리하세요.,Skincare,Skin Toner
[증량] 닥터지 레드 블레미쉬 클리어 수딩 토너 500ml,39000,30개월(개봉 후 12개월 이내 사용을 권장드립니다),"스킨케어 첫 단계에서 화장솜에 내용물을 충분히 취해 피부결을 따라 부드럽게 닦아낸 후, 남은 내용물을 톡톡 두드려 흡수시켜 줍니다",Skincare,Skin Toner
라로슈포제 시카플라스트 B5 스프레이 100ml,22500,18개월 이상 남아있는 제품부터 순차적으로 발송 / 개봉 후 6개월,진정&수분 관리가 필요한 부위에 수시로 뿌려줍니다.,Skincare,Skin Toner
메이크프렘 인테카 진정 토너 200ml 기획(+리필 100ml+크림 31ml),26000,개봉전 36개월/개봉후 12개월,세안 후 눈가를 제외한 얼굴 전체에 피부결을 따라 부드럽게 닦아줍니다.,Skincare,Skin Toner
[진정보습] 닥터지 레드 블레미쉬 클리어 모이스처 토너 증정 기획 (토너 300ml+크림30ml),25600,36개월 (개봉후 12개월),"세안 후, 스킨케어 첫 단계에서 손바닥에 적당량을 취해 피부 결을 따라 부드럽게 펴 바른 후 두드려 흡수시켜줍니다.",Skincare,Skin Toner
[속보습] 더랩바이블랑두 저분자 히알루론산 딥 토너 200ml + 50ml 기획,15990,개봉 후 1년/ 제조일로부터 3년,적당량을 손에 덜어 피부결을 따라 발라주고 손 끝으로 가볍게 두드려 흡수시켜 줍니다. TIP : 화장솜에 듬뿍 묻혀 건조한 피부에 올려두고 속보습 집중 케어로 활용할 수 있습니다.,Skincare,Skin Toner
[리뉴얼/모공케어] 성분에디터 그린토마토 NMN 포어 하이드로 수딩 토너 350ml,17900,"제조일로부터 36개월, 유통기한 개봉후 12개월",세안 후 화장솜에 토너를 충분히 적신 뒤 피부결을 따라 부드럽게 닦아낸 후 가볍게 두드려 흡수시켜 줍니다.,Skincare,Skin Toner
[7월 올영픽] 라로슈포제 에빠끌라 K(+) 토너 200ml 기획 (+화장솜 증정),28800,개봉전: 제조일로부터 3년 이내 / 개봉 후: 12개월,피부 유분을 흡수해주는 미네랄 오일 파우더가 균질화 되도록 사용 전에 제품을 흔들어 주세요. 아침 저녁 세안 후 스킨 토너 단계에서 적당량을 화장 솜에 덜어 얼굴 전체에 부드럽게 닦듯이 펴 발라줍니다.,Skincare,Skin Toner
디오디너리 글리코릭 애시드 7% 엑스폴리에이팅 토너 100ml,10900,개봉 후 12개월(제조연월 별도표기),"하루에 한 번 이하로 저녁에 사용해주세요. 세안을 마친 후, 화장솜에 토너를 적신 후 얼굴과 목을 쓸어냅니다. · 민감한 피부, 벗겨지거나 손상된 피부에는 사용을 피해주세요. · 눈가를 비롯한 눈 주위에 직접적으로 닿지 않도록 합니다. · 사용 후 물로 씻어내지 마시고, 필요한 다른 스킨케어 제품을 이어서 사용해주세요. · 제품 사용 빈도 및 시간을 제한해주세요. · 자극이 발생할 경우 사용을 중단하고 의사와 상의하시기 바랍니다. 손상되지 않은 피부에 지시된 대로만 사용하세요. 사용 전 패치 테스트를 권장합니다. 어린이의 손이 닿지 않는 곳에 보관합니다. · 일광화상 주의: 이 제품은 햇빛에 대한 피부의 민감성과 일광화상을 일으킬 수 있는 성분인 알파 하이드록시산(AHA)을 함유하고 있습니다. 제품 사용 시 및 사용 후 일주일 간 자외선 차단제를 사용하고, 햇빛을 차단할 수 있는 옷을 입는 등 햇빛 노출을 최소화해주세요.",Skincare,Skin Toner
[피지쓱싹] 브링그린 티트리시카수딩토너 250mL,15000,"■ 제조일로부터 36개월, 개봉 후 12개월","세안 후 화장솜에 내용물을 충분히 덜어 피부결에 따라 닦아내거나, 적당량을 얼굴에 펴 바른 후 톡톡 두드리며 흡수시켜 줍니다.",Skincare,Skin Toner
[한정기획/산뜻수분진정] 닥터자르트 시카페어 인텐시브 수딩 리페어 트리트먼트 로션 기획(150ml+30ml*2ea),39000,36개월(상품 발송 시 기준으로 사용기간 12개월 이상 제품을 발송),"1) 아침, 저녁으로  깨끗한  피부에  손이나  화장품을  사용하여 고르게  펴  발라  줍니다. 2) 완전히  흡수될  때  까지  피부에  부드럽게  두드려줍니다.",Skincare,Skin Toner
마녀공장 판테토인 에센스 토너 200ml,14600,"제조일로부터 3년, 개봉 후 12개월",세안 후 첫 단계에서 손에 적당량을 덜어 피부 결을 따라 가볍게 펴 바르고 부드럽게 흡수시켜줍니다. 2-3번 덧발라 주시면 더욱더 촉촉한 보습감을 느끼실 수 있습니다.,Skincare,Skin Toner
파티온 노스카나인 트러블 클리어 토너 200ml,18400,"제조일로부터 36개월, 개봉 후 12개월 (2023년 1월 27일 이후 제조된 상품만을 취급)","세안 후 본 내용물을 화장솜에 충분히 적시어 피부 결을 따라 닦아내거나, 손바닥에 덜어 가볍게 두드리며 피부에 흡수 시켜줍니다.",Skincare,Skin Toner
[모공PDRN/피부결리셋]리쥬란 더마 힐러 포어 타이트닝 토너 패드 220ml(60매),27900,제조일로부터 24개월,"세안 후, 패드로 피부 결을 따라 부드럽게 닦아 낸 후 에센스를 흡수시켜줍니다. 특히 모공 고민이 큰 부위에는 팩으로 사용하여 집중적으로 케어해줍니다.",Skincare,Skin Toner
[진정뿌토] 시카고 시카 엑스퍼트 미스트 토너 150ml,24000,제조일로부터 3년 / 개봉 후 6개월,세안 후 얼굴 전체에 가볍게 분사하여 흡수시켜주세요. 필요에 따라 손으로 감싸거나 가볍게 두드려 흡수시켜 주세요.,Skincare,Skin Toner
라로슈포제 시카플라스트 로션 B5 판테놀 시카에센스 토너 200ml,36000,18개월 이상 남아있는 제품부터 순차적으로 발송 / 개봉 후 6개월,"아침 저녁, 세안 후 스킨 토너 단계에서 적당량을 손에 덜어 얼굴 전체에 부드럽게 발라 흡수시켜 줍니다.",Skincare,Skin Toner
[모공개선/탄력광채] 넘버즈인 3번 결광가득 에센스 토너 300ml 대용량 기획,23000,제조일로부터 36개월 / 개봉 후 12개월 이내 사용,"세안 후, 스킨케어 첫 단계에서 화장솜에 적셔 피부결을 정돈해준 뒤 손바닥에 덜어 피부결을 따라 얼굴 전체를 감싸듯이 레이어링해줍니다.",Skincare,Skin Toner
비욘드 엔젤아쿠아 보습장벽 토너 500ml,19900,"개봉전 제조일로부터 36개월, 유통기한 개봉후 12개월",세안 후 적당량을 손에 덜어 피부에 두드리 듯 발라 흡수시켜 줍니다.,Skincare,Skin Toner
[1등토너] 라운드랩 1025 독도 토너 500ml 기획 (+100ml),30000,"제조일로부터 36개월, 개봉 후 12개월 이내 사용","세안 후 적당량을 덜어 화장솜에 충분히 적신 뒤, 피부결을 따라 부드럽게 닦아내어 피부를 정돈시켜줍니다.",Skincare,Skin Toner
[업그레이드/슬로우에이징] 달바 비타 토닝 세럼 토너 180ml,29900,"제조일로부터 30개월, 개봉 후 12개월",세안 후 적당량을 화장솜에 덜어 피부 결을 따라 부드럽게 닦아내거나 손에 덜어 얼굴 전체에 펴 바른 후 가볍게 두드려 흡수시켜 줍니다.,Skincare,Skin Toner
[클렌징폼증정] 프리메라 오가니언스 베리어 리페어 카밍 에센스 토너 160ml 기획/단품,28000,개봉 후 12개월 이내 사용,"""세안 후 적당량을 손바닥에 덜거나 화장솜을 이용해 얼굴에 부드럽게 발라주고 가볍게 두드리며 흡수시켜 줍니다. 세안 후 아무것도 바르지 않은 첫 단계에서 사용하시면됩니다.""",Skincare,Skin Toner
마녀공장 갈락토미 클리어스킨 투명광채 토너 210ml,16900,"제조일로부터 2년, 개봉 후 6개월",세안 후 화장솜에 충분히 적셔준 다음 피지 분비가 많은 T존부터 얼굴 안쪽에서 바깥쪽으로 부드럽게 닦아내 주세요,Skincare,Skin Toner
[흔적미백] 넘버즈인 5번 글루타치온씨 비타수액 에센셜 토너 200ml 리필 기획(+200ml 리필),25900,제조일로부터 36개월/개봉 후 12개월,"세안 후 적당량을 화장솜에 적셔 얼굴 피부결을 따라 안쪽에서 바깥쪽으로 닦아내거나, 손에 덜어 피부에 흡수시켜줍니다.",Skincare,Skin Toner
[증량기획] 김정문알로에 큐어 알로에 워터 젤리 토너 기획 세트 500ml+50ml [젤리토너],23900,"개봉 전 36개월, 개봉 후 12개월",세안 후 스킨케어 첫 단계에서 손이나 화장솜에 적당량 덜어 피부결에 따라 부드럽게 흡수시켜줍니다.,Skincare,Skin Toner
[수분진정] 이니스프리 그린티 히알루론산 스킨 170ml,14250,사용기한 36개월 / 개봉 후 12개월,[사용법] 적당량을 덜어 얼굴과 목에 부드럽게 펴발라 줍니다.,Skincare,Skin Toner
[온라인몰 단독기획]유리아쥬 제모스 토너 500ml 2입 기획,45600,제조일로부터 1년 6개월 이내의 제품 발송 / 개봉후 12개월,"손에 적당량을 덜어내어 피부에 부드럽게 흡수시키거나, 화장솜에 토너를 적셔 피부 전체를 부드럽게 닦아내어 피부 결을 정돈하고 수분을 충전합니다.",Skincare,Skin Toner
"[대용량, 피지/진정케어] 피캄 베리어 사이클 락토P 토너 500ml",43000,"제조일로부터 36개월, 개봉 후 12개월 이내 사용 권장",본 품 적당량을 취해 피부에 골고루 펴 바른다.,Skincare,Skin Toner
클럽맨피노드 오리지날 에프터쉐이브로션 177ml,20000,"제조일로부터 (36개월/3년)이내의 상품을 순차적으로 발송, 유통기한 개봉후 2년 / 사용기한 제품에 별도 표기",모든 피부에 적합한 제품으로서 세안이나 면도 후 적당량을 손바닥에 덜어 부드럽게 펴 바르고 두드리 듯 흡수시켜줍니다.,Skincare,Skin Toner
[대용량/수분광] 마몽드 플로라 글로우 로즈 워터 토너 500ml,20000,개봉 전 36개월 / 개봉 후 12개월,세안 후 손이나 화장솜에 적당량을 덜어 피부결에 따라 부드럽게 흡수하며 발라줍니다.,Skincare,Skin Toner
[빠른진정토너] 유리아쥬 배리어덤 시카 토너 250ml,19900,제조일로부터 1년 6개월 이내의 제품 발송 / 개봉후 6개월,"파우더가 잘 섞이도록 흔들어준 뒤, 화장솜에 적당량을 덜어 피부결을 따라 닦아내듯이 사용합니다. 민감해진 피부를 빠르게 진정시키기 위해서는 화장솜을 듬뿍 적셔서 진정이 필요한 부위에 올려놓아 진정팩으로 사용이 가능합니다.",Skincare,Skin Toner
테라로직 마데셀 더마 리페어 B5 토너 280ml,19900,제조일로부터 36개월 (개봉 후 12 개월),"""1. 적당량 손에 덜어 얼굴에 골고루 펴 발라 톡톡 두드리고 손바닥으로 한 번 더 흡수시켜 깊은 보습 관리를 해줍니다. 2. 집중케어가 필요한 날에는 토너를 화장솜에 듬뿍 적셔 자극받은 피부에 올려주어 간편하게 진정팩으로 사용합니다. 3. 적당량의 토너를 얼굴과 목에 한 번 더 흡수시켜주면 촉촉한 보습감이 오래 유지됩니다.""",Skincare,Skin Toner
[피지각질토너] 유리아쥬 이제악 토너 250ML기획 (+ 화장솜 20매 증정),19900,개봉 전 사용기간 제조일로부터 36개월 / 개봉 후 12개월,세안 후 화장솜에 적당량을 덜어 얼굴 전체적으로 부드럽게 닦아내줍니다. 눈가는 피해서 사용해주세요.,Skincare,Skin Toner
[NCT 재민PICK] 이즈앤트리 초저분자 히아루론산 토너 300ml,13900,제조일 기준 30개월 / 개봉 후 12개월,세안 후 적당량을 화장솜이나 손에 덜어 얼굴 전체에 가볍게 두드려 흡수시켜줍니다.,Skincare,Skin Toner
헤이네이처 어성초 스킨 모이스처라이저 토너 200ml 기획 (+어성초 마스크 2매),19040,제조일로부터 30개월/개봉 후 12개월,세안 후 1~2회 펌프하여 흡수시켜 줍니다.,Skincare,Skin Toner
바이오더마 센시비오 토너 250ml,18850,제조일로부터 3년 이내의 상품을 순차적으로 발송/ 개봉 후 6개월 사용 권장,세안 후 화장솜에 적당량을 덜어 부드럽게 패딩해줍니다.,Skincare,Skin Toner
토리든 다이브인 저분자 히알루론산 스킨 부스터 200ml,18000,제조일로부터 36개월 / 개봉 후 12개월,본 제품의 적당량을 덜어 피부에 골고루 펴 바른 후 톡톡 두드려 흡수 시켜 줍니다.,Skincare,Skin Toner
리얼베리어 익스트림 에센스 토너 라이트 300ml 기획 (+라이트 크림 25ml),16990,"개봉 전 제조일로부터 36개월간, 개봉 후에는 12개월 이내","세안 후, 손바닥 혹은 화장솜에 내용물을 취해 피부 안쪽에서 바깥쪽으로 부드럽게 닦아내듯 펴 바릅니다.",Skincare,Skin Toner
식물나라 어린녹차 촉촉 진정토너 500mL,10800,"제조일로부터 36개월, 개봉 후 12개월","세안 후, 화장솜에 내용물을 덜어 피부결을 따라 부드럽게 닦아내거나 적당량을 덜어 얼굴에 펴 바른 후 가볍게 두드리며 흡수 시켜 줍니다.",Skincare,Skin Toner
아비브 글루타치온좀 잡티 토너 스킨부스터 200ml,16100,"개봉 전 36개월, 개봉 후 12개월",적당량을 덜어 피부 결을 따라 부드럽게 바른 뒤 가볍게 두드려 흡수시켜 줍니다.,Skincare,Skin Toner
크리니크 클래리파잉 로션 투와이스 어 데이 엑스폴리에이터 2/3 200ml,42000,대부분 사용기한 1년 이상 남은 제품을 배송해드립니다. /크리니크 상담실(02-6971-3213)로 연락 주시면 해당 제품의 사용기한을 안내 드리겠습니다.,"- 아침, 저녁으로 하루 두 번 페이셜 솝으로 세안 한 후 화장솜에 500원 동전 크기로 묻혀서 얼굴 전체와 목을 닦아줍니다. (눈가와 입가는 제외) - 화장솜이나 퍼프에 묻힌 채로 특정 부위에 올려 두지 마십시요.",Skincare,Skin Toner
[수분생기] 라운드랩 자작나무 수분 토너 300ml,15600,"제조일로부터 36개월, 개봉 후 12개월 이내 사용","아침,저녁 세안 후 스킨 케어 단계에서 적당량을 덜어 피부 위에 펴 바르고 가볍게 두드리듯 흡수시켜줍니다.",Skincare,Skin Toner
[7겹보습세럼/한정기획]닥터자르트 세라마이딘 스킨 베리어 세럼 토너 150ml,30000,36개월(상품 발송 시 기준으로 사용기간 12개월 이상 제품을 발송),"아침, 저녁 세안 후 적당량을 덜어 얼굴 전체에 고르게 펴 바른 후 손바닥의 체온으로 흡수시켜 줍니다.",Skincare,Skin Toner
[증정기획/대용량] 토리든 다이브인 저분자 히알루론산 토너 500ml 기획 (+화장솜 60매 증정),29000,제조일로부터 3년,세안 후 화장솜 혹은 손에 적당량을 덜어 피부결을 따라 부드럽게 흡수시켜 줍니다.,Skincare,Skin Toner
[1등 속보습] 라네즈 크림스킨 170ml 단품기획 (+50ml)(24AD),26400,"제조일로부터 36개월, 개봉 후 12개월 이내 사용","1. 기본 사용법: 아침, 저녁 스킨 사용 단계에서 적당량을 손에 덜어 피부 속부터 채워주듯이 두드리며 흡수시켜줍니다. 2. 보습 스킨팩으로 활용: 크림 스킨을 화장솜에 적셔 보습 스킨팩으로 활용해보세요.",Skincare,Skin Toner
[저자극 유분케어] 유세린 더모퓨리파이어 오일컨트롤 토너 200ml,26000,"주문일로부터 1년 6개월 이내의 제조 상품 배송, 제조일로부터 30개월 이내 사용(상품에는 '제품 사용 기한' 표기)","세안 후, 화장솜에 적당량을 덜어 피부 결을 따라 부드럽게 닦아 내듯이 발라준 후, 손으로 두드려 흡수시켜 줍니다.",Skincare,Skin Toner
[100시간수분지속/대용량] 나인위시스 비건 하이드라 앰플 토너 500ml,26000,제조일로부터 3년,"세안 후, 적당량을 화장솜에 취해 눈가를 제외한 얼굴 전체에 부드럽게 발라 흡수시켜줍니다.",Skincare,Skin Toner
라끄베르 옴므 리차지 시카 애프터쉐이브 185ml,12000,"개봉전 제조일로부터 36개월, 유통기한 개봉후 12개월","세안이나 면도 후, 적당량을 취해 얼굴과 목 등에 가볍게 두드리듯 발라줍니다.",Skincare,Skin Toner
[권아름 PICK] 헤이네이처 어성초 스킨 토너 모이스처라이저 150ml (촉촉),25000,제조일로부터 2년 6개월,세안 후 1~2회 펌프하여 흡수시켜 줍니다.,Skincare,Skin Toner
[NEW] 헤이네이처 어성초 스킨 토너 150ml 기획 (+어성초 마스크 2매),25000,제조일로부터 30개월,"[본품] 세안 후 1-2회 펌프하여 흡수시켜 줍니다. [마스크팩] 세안 후 스킨으로 피부결을 정리한 후, 피부에 밀착시킨 다음 10~20분 후 마스크를 떼어냅니다. 피부에 남아있는 내용물은 가볍게 두드려 흡수 시켜줍니다",Skincare,Skin Toner
피지오겔 DMT 에센스 인 토너 200ml,24000,제조일자로부터 36개월,세안 후 적당량을 덜어 손으로 얼굴에 가볍게 두드려 흡수시켜주세요,Skincare,Skin Toner
피지오겔 DMT 포맨 에센셜 토너 200ml,24000,제조일자로부터 36개월 / 개봉 후 12개월,"세안, 면도 후 스킨케어 단계에서 적당량을 취하여 얼굴 피부 위에 마사지하듯 두드려 흡수시켜 줍니다.",Skincare,Skin Toner
[단독 리필기획] 구달 어성초 히알루론 수딩 토너 350ml 리필 기획 (+350ml 리필),32000,개봉 전 : 36개월 / 개봉 후 : 12개월,세안 후 화장솜에 충분히 적셔 피부결을 따라 부드럽게 닦아내며 피부를 정돈시켜 줍니다.,Skincare,Skin Toner
더바디샵 티트리 오일 20ML,23750,발송일 기준 최대 28개월 이내 제조된 제품으로 발송; 제조일로부터 36개월 이내 사용,"기초 스킨케어를 끝낸 후, 티트리 오일 한 두 방울을 깨끗한 손가락 끝에 덜어줍니다. 고민부위에 아침저녁으로 부드럽게 두드려 줍니다.",Skincare,Skin Toner
[단독기획]인터미션 레스트업 세럼스킨 290ml,23100,36개월 (개봉 후 6개월 이내 사용),세안 후 적당량을 덜어 피부 결을 따라 골고루 펴바르고 톡톡 두두려 흡수시켜 줍니다.,Skincare,Skin Toner
닥터디퍼런트 스케일링 토너 (지성용) 300ml (AD),23040,제조일로부터 30개월 / 개봉 후 12개월,"세안 후, 적당량을 덜어 부드럽게 펴바르고 두드려 흡수시켜 줍니다.",Skincare,Skin Toner
[피지/진정케어] 피캄 베리어 사이클 락토P 토너200ml 기획(+화장솜 증정),23000,"제조일로부터 36개월, 개봉 후 12개월 이내 사용 권장",본 품 적당량을 취해 피부에 골고루 펴 바른다.,Skincare,Skin Toner
아이디얼포맨 파워쿨링 애프터쉐이브 워터로션 150mL,23000,개봉전 36개월/ 개봉 후 12개월,"세안, 면도 후 적당량을 덜어 피부 결을 따라 고르게 바르고 가볍게 두르려 흡수시켜 줍니다. TIP) 면도 후 피부 자극 집중 케어를 위해 파워쿨링 애프터 쉐이브 겔과 함께 사용하는 것을 추천합니다.",Skincare,Skin Toner
[1+1/피지케어] 비플레인 녹두 모공 클리어링 라하 토너 265ml 기획 (+265ml 리필팩),22800,제조일로부터 36개월,"세안 후, 화장솜에 내용물을 충분히 덜어 피부결을 따라 닦아주거나, 적당량을 덜어 얼굴과 목에 부드럽게 펴 발라 흡수시켜 줍니다.",Skincare,Skin Toner
[화잘먹토너] 차앤박 더마앤서 핑크토닝 PDRN 토너 200ml,21600,제조일로부터 36개월/ 개봉 후 12개월,스킨케어 첫 단계 또는 에센스 사용 단계에서 적당량을 취해 얼굴 피부에 고루 펴 바릅니다. 마무리 단계에서 살짝 두드려 흡수 시켜 주세요. * 사용 시 동봉된 뾰족캡을 용기에 체결하여 사용해주세요.,Skincare,Skin Toner
[보습/광채] 풀리 쌀 세라 에센스 토너 250ml,27000,개봉 전 36개월 / 개봉 후 12개월,"1) 데일리 보습 케어 : 적당량을 손에 덜어 피부에 골고루 펴 발라 흡수시켜 줍니다. 2) 데일리 결 케어 : 화장솜에 적당량을 적셔 피부결을 따라 흡수시켜 줍니다. 3) 3분 스킨 팩 케어 : 집중 보습이 필요할 때, 화장솜에 충분히 적신 뒤 건조한 부위에 3분동안 부착 후 떼어낸 다음 가볍게 두드려 흡수시켜줍니다",Skincare,Skin Toner
클럽맨리저브 위스키우즈 에프터쉐이브 177ml,20000,"제조일로부터 (36개월/3년)이내의 상품을 순차적으로 발송, 유통기한 개봉후 2년 / 사용기한 제품에 별도 표기",모든 피부에 적합한 제품으로서 세안이나 면도 후 적당량을 손바닥에 덜어 부드럽게 펴 바르고 두드리 듯 흡수시켜줍니다.,Skincare,Skin Toner
클럽맨피노드 머스크 에프터쉐이브코롱 177ml,20000,"제조일로부터 (36개월/3년)이내의 상품을 순차적으로 발송, 유통기한 개봉후 2년 / 사용기한 제품에 별도 표기",모든 피부에 적합한 제품으로서 세안이나 면도 후 적당량을 손바닥에 덜어 부드럽게 펴 바르고 두드리 듯 흡수시켜줍니다.,Skincare,Skin Toner
클럽맨피노드 클래식바닐라 에프터쉐이브로션 177ml,20000,"제조일로부터 (36개월/3년)이내의 상품을 순차적으로 발송, 유통기한 개봉후 2년 / 사용기한 제품에 별도 표기",모든 피부에 적합한 제품으로서 세안이나 면도 후 적당량을 손바닥에 덜어 부드럽게 펴 바르고 두드리 듯 흡수시켜줍니다.,Skincare,Skin Toner
아이소이 포맨 아쿠아 수딩 토너 150ml,20000,"제조일자로부터 3년, 개봉 후 6개월 내 사용권장",세안 후 적당량을 덜어 얼굴 전체에 펴 바른 후 가볍게 두드려 흡수시켜 줍니다.,Skincare,Skin Toner
[100억돌파/500ml대용량] 비욘드 엔젤아쿠아 수분 진정 토너 500ml (비건),19900,"개봉전 제조일로부터 36개월, 유통기한 개봉후 9개월",세안 후 화장솜에 충분히 적셔 얼굴 안쪽에서 바깥쪽으로 피부결에 따라 부드럽게 닦아내어 줍니다.,Skincare,Skin Toner
비레디 시카페인 트러블리셋 토너 250ml (+토너 50ml),19900,"개봉전 36개월, 개봉후 12개월 이내 사용",세안 후 손이나 화장솜에 적당량을 덜어 피부결을 따라 부드럽게 흡수하며 발라줍니다.,Skincare,Skin Toner
아누아 복숭아 나이아신아마이드 에센스 토너 250mL,19500,제조일로부터 36개월 / 개봉 후 12개월,"1. 흡토: 세안 후 적당량을 덜어 피부에 골고루 펴 발라 흡수시켜 줍니다. *토너만으로 가볍게 스킨케어를 마무리하고 싶으신 경우, 여러 번 덧발라 레이어링 해주셔도 좋습니다. 2. 수분팩: 충분히 적셔진 화장솜을 피부에 올려두어 촉촉한 팩으로 활용하셔도 좋습니다.",Skincare,Skin Toner
바버501 애프터 쉐이브 165ml 2종 택1,18900,개봉전: 제조일로부터 36개월 / 개봉후: 개봉일로부터 12개월,""" 세안 혹은 면도 후 적당량을 손바닥에 덜어 얼굴과 목에 부드럽게 두드리듯 흡수시켜 줍니다. """,Skincare,Skin Toner
[매끈물광&피지쓱싹] 어나더페이스 펩타테놀 수분 밸런스 토너 120ml,18750,제조일로부터 36개월,세안 후 적당량을 덜어 피부에 펴 바르고 가볍게 두드리듯 흡수시켜줍니다.,Skincare,Skin Toner
스킨1004 마다가스카르 센텔라 토닝토너 210ml,21000,제조 후 30개월 (개봉 후 12개월),"세안 후, 화장솜 혹은 손에 적당량을 덜어 피부 결을 따라 부드럽게 흡수시켜 줍니다.",Skincare,Skin Toner
[슬로에이징/영양탄력] 닥터지 블랙 스네일 토너 150ml,18000,36개월(개봉 후 12개월),세안 후 내용물을 적당량 취해 피부 결을 따라 부드럽게 펴 발라 흡수시켜 줍니다.,Skincare,Skin Toner
[모공/진정케어] 조선미녀 맑은쌀채운 토너 150ml,18000,제조일부터36개월/개봉후12개월이내,사용 전 충분히 흔들어 준 뒤 적당량을 덜어 얼굴 전체에 펴 바른 뒤 부드럽게 흡수시켜 줍니다. 또는 토너를 화장솜에 적셔 피부 결을 따라 부드럽게 닦아냅니다.,Skincare,Skin Toner
[민감진정] 라운드랩 포 맨 소나무 진정 시카 토너 200ml,25000,"제조일로부터 36개월, 개봉 후 12개월",세안 후 적당량을 덜어 얼굴 전체에 펴 바른 후 가볍게 두드려 흡수시켜줍니다.,Skincare,Skin Toner
[NEW]토리든 밸런스풀 포맨 시카 클리어링 스킨 300ml,16720,제조일로부터 36개월 / 개봉 후 12개월,본 제품의 적당량을 덜어 피부에 골고루 펴 바른 후 톡톡 두드려 흡수시켜 줍니다.,Skincare,Skin Toner
셀라딕스 트러블 쿨 카밍 131 토너 300ml,16470,제조일로부터 36개월,세안 후 기초 첫 단계에 얼굴 전체에 3~5회 정도 가볍게 분사한 후 골고루 흡수시켜 주세요. 건조함을 느낄 때마다 수시로 뿌려주셔도 좋습니다.,Skincare,Skin Toner
[수분광] 마몽드 플로라 글로우 로즈 워터 토너 300ml,16000,개봉 전 36개월 / 개봉 후 12개월,세안 후 손이나 화장솜에 적당량을 덜어 피부결에 따라 부드럽게 흡수하며 발라줍니다.,Skincare,Skin Toner
토리든 다이브인 포맨 저분자 히알루론산 스킨 300ml,15900,상품 발송일 기준으로 사용기한이 12개월 이상 남은 상품만을 판매합니다.,본 제품의 적당량을 덜어 피부에 골고루 펴 바른 후 톡톡 두드려 흡수시켜 줍니다.,Skincare,Skin Toner
코스알엑스 풀핏 프로폴리스 시너지 토너 280ml,15800,상품 발송일 기준으로 사용기한이 18개월 이상 남아있는 제품부터 순차적으로 판매 (유통 기한 36개월 / 개봉 후 12개월 이내 사용 권장),1) 스킨케어 첫 단계에서 본품 적당량을 취해 골고루 흡수 시킵니다 2) 화장솜에 적셔 자극 받고 건조해진 피부에 올려놓아 스킨팩으로 사용합니다,Skincare,Skin Toner
식물나라 뽀얀쌀 맑은톤 토너 500mL,15800,"제조일로부터 36개월, 개봉 후 12개월","세안 후, 화장솜에 내용물을 덜어 피부결을 따라 부드럽게 닦아내거나 적당량을 덜어 얼굴에 펴 바른 후 가볍게 두드리며 흡수 시켜 줍니다.",Skincare,Skin Toner
플리프 시카-알로에 앰플 토너 200ml (여드름성피부추천),15400,제조일로부터 3년,세안 후 적당량을 취해 피부에 골고루 펴 바른다.,Skincare,Skin Toner
더바디샵 티트리 오일 10ML,15200,발송일 기준 최대 28개월 이내 제조된 제품으로 발송; 제조일로부터 36개월 이내 사용,"기초 스킨케어를 끝낸 후, 티트리 오일 한 두방울을 깨끗한 손가락 끝에 덜어줍니다. 고민부위에 아침저녁으로 부드럽게 두드려 줍니다.",Skincare,Skin Toner
[각질케어/청정피부] 셀퓨전씨 트리악 pH 컨디션 토너 200ml,13900,개봉 전 36개월 / 개봉 후 12개월,"아침 저녁 세안 후, 스킨케어 전 단계에서 화장솜에 내용물을 충분히 적신 후, 얼굴 안쪽에서 바깥쪽으로 부드럽게 닦아냅니다.",Skincare,Skin Toner
이즈앤트리 어니언 뉴페어 에센스 토너 200ml,13900,개봉 전 36개월 / 개봉 후 12개월,세안 후 화장솜이나 손에 적당량을 덜어 얼굴 전체에 가볍게 두드려 흡수시켜 줍니다.,Skincare,Skin Toner
[톤/결개선] 원씽 나이아신아마이드 10% 토너 150ml,13410,"제조일로부터 24개월, 개봉 후 6개월","스킨 단독사용 : 스킨케어 첫 단계로 화장솜에 추출물을 적셔 피부결을 정돈하거나 미스트 용기에 넣어 수시로 뿌려주세요. 크림 배합사용 : 사용하던 화장품에 5~10% 비율로 배합하여 사용해주세요. 사용감, 발림성, 제형 등을 체크하면서 첨가량을 조절하시면 됩니다. 나이아신아마이드 팩 : 화장솜이나 패드에 추출물을 적셔 집중케어가 필요한 부분에 10분간 팩처럼 붙여주세요.(고함량 성분이므로 팩 사용 전 패치 테스트를 권장합니다.)",Skincare,Skin Toner
이즈앤트리 히아루론산 토너 200ml,12000,용기별도표기/개봉 후 6개월 이내 사용 권장,세안 후 적당량을 화장솜이나 손에 덜어 얼굴 전체에 가볍게 두드려 흡수시켜줍니다.,Skincare,Skin Toner
[에센스토너] 하다라보 고쿠쥰 로션170ml,11900,"제조일로부터 (36개월/3년)이내, 개봉 후 12개월","세안 후 첫 단계에 사용하며, 손바닥에 적당량을 덜어 부드럽게 두드리며 피부에 펴 발라 줍니다. 손의 온기로 피부를 가볍게 두드려 주시면 더욱 흡수가 잘 될 수 있습니다.",Skincare,Skin Toner
[1등토너/리필] 라운드랩 1025 독도 토너 200ml 리필팩,10900,"제조일로부터 36개월, 개봉 후 12개월 이내 사용","세안 후 적당량을 덜어 화장솜에 충분히 적신 뒤, 피부결을 따라 부드럽게 닦아내어 피부를 정돈시켜줍니다.",Skincare,Skin Toner
싸이닉 더 심플 카밍 토너 145ml,8400,"제조일로부터 개봉 전 30개월, 개봉 후 12개월",세안 후 화장솜 또는 손에 적당량을 덜어 피부결을 따라 부드럽게 발라줍니다.,Skincare,Skin Toner
엠도씨 세붐 스트라이크 토너 150ml,15300,"■ 제조일로부터 2년이내의 상품을 순차적으로 발송, 유통기한 개봉후 1년",■ 적당량을 취해 피부에 골고루 펴 바릅니다.,Skincare,Skin Toner
라끄베르 옴므 리차지 애프터쉐이브 185ml,12000,■ 개봉 후 12개월 이내,"■ 세안이나 면도 후, 100원 동전 크기만큼을 취해 얼굴과 목 등에 가볍게 두드리듯이 발라줍니다.",Skincare,Skin Toner
[수분장벽토너] 유리아쥬 제모스 토너 250ml,28000,제조일로부터 1년 6개월 이내의 상품을 순차적으로 발송/개봉후 12개월,세안 후 화장솜에 적당량을 덜어 가볍게 닦아내듯 피부결을 정돈해줍니다.,Skincare,Skin Toner
크리니크 클래리파잉 로션 투와이스 어 데이 엑스폴리에이터 2 200ml,42000,제조일로부터 36개월,"- 아침, 저녁으로 하루 두 번 페이셜 솝으로 세안 한 후 화장솜에 500원동전 크기로 묻혀서 얼굴 전체와 목을 닦아줍니다. (눈가와 입가는 제외) - 화장솜이나 퍼프에 묻힌 채로 특정 부위에 올려 두지 마십시요.",Skincare,Skin Toner
크리니크 클래리파잉 로션 투와이스 어 데이 엑스폴리에이터 3 200ml,42000,제조일로부터 36개월,"- 아침, 저녁으로 하루 두 번 페이셜 솝으로 세안 한 후 화장솜에 500원동전 크기로 묻혀서 얼굴 전체와 목을 닦아줍니다. (눈가와 입가는 제외) - 화장솜이나 퍼프에 묻힌 채로 특정 부위에 올려 두지 마십시요.",Skincare,Skin Toner
크리니크 포 맨 워터리 모이스춰 로션 200ml,49000,제조일로부터 36개월,"- 하루 2번, 세안 후 각질제거 토너 다음 단계에 사용해주세요. - 500원짜리 동전 크기 만큼 손에 덜어 얼굴과 목에 가볍게 두들겨 발라주세요. - 에센스 로션 다음 단계에 모이스춰라이징 로션 혹은 오일 컨트롤 매티파잉 모이스춰라이저를 사용한 후 피부 고민에 따른 맞춤 트리트먼트 제품을 사용하세요.",Skincare,Skin Toner
셀린저 리얼 토너 씨벅톤 200ml,10000,"제조일로부터 36개월, 개봉 후 12개월",세안 후 적당량의 토너를 덜어 얼굴에 골고루 펴 발라 흡수시켜 줍니다. -화장솜에 적당량의 토너를 적신 뒤 피부 결을 따라 가볍게 두드리듯 사용해 줍니다 -화장솜에 충분한 양의 토너를 적신뒤 건조하거나 진정이 필요한 곳에 5~10분 정도 부착하여 팩으로 사용해 줍니다.,Skincare,Skin Toner
셀린저 리얼 토너 카렌듈라 200ml,10000,"제조일로부터 36개월, 개봉 후 12개월",세안 후 적당량의 토너를 덜어 얼굴에 골고루 펴 발라 흡수시켜 줍니다. -화장솜에 적당량의 토너를 적신 뒤 피부 결을 따라 가볍게 두드리듯 사용해 줍니다 -화장솜에 충분한 양의 토너를 적신뒤 건조하거나 진정이 필요한 곳에 5~10분 정도 부착하여 팩으로 사용해 줍니다.,Skincare,Skin Toner
셀린저 리얼 토너 티트리 200ml,10000,"제조일로부터 36개월, 개봉 후 12개월",세안 후 적당량의 토너를 덜어 얼굴에 골고루 펴 발라 흡수시켜 줍니다. -화장솜에 적당량의 토너를 적신 뒤 피부 결을 따라 가볍게 두드리듯 사용해 줍니다 -화장솜에 충분한 양의 토너를 적신뒤 건조하거나 진정이 필요한 곳에 5~10분 정도 부착하여 팩으로 사용해 줍니다.,Skincare,Skin Toner
셀린저 리얼 토너 센텔라아시아티카 200ml,10000,"제조일로부터 36개월, 개봉 후 12개월",세안 후 적당량의 토너를 덜어 얼굴에 골고루 펴 발라 흡수시켜 줍니다. -화장솜에 적당량의 토너를 적신 뒤 피부 결을 따라 가볍게 두드리듯 사용해 줍니다 -화장솜에 충분한 양의 토너를 적신뒤 건조하거나 진정이 필요한 곳에 5~10분 정도 부착하여 팩으로 사용해 줍니다.,Skincare,Skin Toner
셀린저 리얼 토너 200ml,10000,"제조일로부터 36개월, 개봉 후 12개월",세안 후 적당량의 토너를 덜어 얼굴에 골고루 펴 발라 흡수시켜 줍니다. -화장솜에 적당량의 토너를 적신 뒤 피부 결을 따라 가볍게 두드리듯 사용해 줍니다 -화장솜에 충분한 양의 토너를 적신뒤 건조하거나 진정이 필요한 곳에 5~10분 정도 부착하여 팩으로 사용해 줍니다.,Skincare,Skin Toner
[응급진정토닉] 아이소이 아크니 닥터 1st 컨트롤 토닉 90ml,23560,제조일로부터 3년 개봉 후 6개월 권장,부드러운 세안 후 피부결에 따라 얼굴 전체에 부드럽게 발라주세요.,Skincare,Skin Toner
[응급진정/유수분케어]로벡틴 시카케어 밸런싱 토너 260ml,16250,개봉 전 제조일자 기준 3년/개봉 후 1년,"아침, 저녁 세안 후 스킨케어 첫단계에 적당량을 덜어 민감해진 얼굴 전체에 화장솜 또는 손으로 발라줍니다.",Skincare,Skin Toner
[수분장벽토너] 유리아쥬 제모스 토너 500ml,38000,제조일로부터 1년 6개월 이내의 제품 발송 / 개봉후 12개월,세안 후 화장솜에 적당량을 덜어 가볍게 닦아내듯 피부결을 정돈해줍니다.,Skincare,Skin Toner
엠브리올리스 오 드 보떼 로자멜리스 200ml,32000,"제조일로부터 4년, 개봉 후 12개월","아침과 저녁 세안 후 얼굴에 직접 뿌리거나 화장솜에 적당량을 덜어 사용합니다. 피부결을 정돈한 뒤, 피부에 흡수되도록 충분히 두드려주세요.",Skincare,Skin Toner
아임프롬 라이스 토너 150ml,28000,개봉 전 24개월 개봉 후 12개월 이내 사용 권장,"사용 전 내용물이 잘 섞이도록 흔들어준 후, 적당량을 덜어 화장솜으로 닦아내거나 손으로 두드려 흡수시켜 줍니다.",Skincare,Skin Toner
싸이닉 더 심플 카밍 토너 145ml,8400,"제조일로부터 개봉 전 30개월, 개봉 후 12개월",세안 후 화장솜 또는 손에 적당량을 덜어 피부결을 따라 부드럽게 발라줍니다.,Skincare,Skin Toner
클럽맨리저브 젠트진 에프터쉐이브 50ml,9000,"제조일로부터 (36개월/3년)이내의 상품을 순차적으로 발송, 유통기한 개봉후 2년 / 사용기한 제품에 별도 표기",모든 피부에 적합한 제품으로서 세안이나 면도 후 적당량을 손바닥에 덜어 부드럽게 펴 바르고 두드리 듯 흡수시켜줍니다.,Skincare,Skin Toner
클럽맨리저브 젠트진 에프터쉐이브 177ml,20000,"제조일로부터 (36개월/3년)이내의 상품을 순차적으로 발송, 유통기한 개봉후 2년 / 사용기한 제품에 별도 표기",모든 피부에 적합한 제품으로서 세안이나 면도 후 적당량을 손바닥에 덜어 부드럽게 펴 바르고 두드리 듯 흡수시켜줍니다.,Skincare,Skin Toner
클럽맨리저브 브랜디스파이스 에프터쉐이브 50ml,9000,"제조일로부터 (36개월/3년)이내의 상품을 순차적으로 발송, 유통기한 개봉후 2년 / 사용기한 제품에 별도 표기",모든 피부에 적합한 제품으로서 세안이나 면도 후 적당량을 손바닥에 덜어 부드럽게 펴 바르고 두드리 듯 흡수시켜줍니다.,Skincare,Skin Toner
클럽맨리저브 브랜디스파이스 에프터쉐이브 177ml,20000,"제조일로부터 (36개월/3년)이내의 상품을 순차적으로 발송, 유통기한 개봉후 2년 / 사용기한 제품에 별도 표기",모든 피부에 적합한 제품으로서 세안이나 면도 후 적당량을 손바닥에 덜어 부드럽게 펴 바르고 두드리 듯 흡수시켜줍니다.,Skincare,Skin Toner
클럽맨리저브 위스키우즈 에프터쉐이브 50ml,9000,"제조일로부터 (36개월/3년)이내의 상품을 순차적으로 발송, 유통기한 개봉후 2년 / 사용기한 제품에 별도 표기",모든 피부에 적합한 제품으로서 세안이나 면도 후 적당량을 손바닥에 덜어 부드럽게 펴 바르고 두드리 듯 흡수시켜줍니다.,Skincare,Skin Toner
클럽맨피노드 오리지날 에프터쉐이브로션 50ml,9000,"제조일로부터 (36개월/3년)이내의 상품을 순차적으로 발송, 유통기한 개봉후 2년 / 사용기한 제품에 별도 표기",모든 피부에 적합한 제품으로서 세안이나 면도 후 적당량을 손바닥에 덜어 부드럽게 펴 바르고 두드리 듯 흡수시켜줍니다.,Skincare,Skin Toner
클럽맨피노드 머스크 에프터쉐이브코롱 50ml,9000,"제조일로부터 (36개월/3년)이내의 상품을 순차적으로 발송, 유통기한 개봉후 2년 / 사용기한 제품에 별도 표기",모든 피부에 적합한 제품으로서 세안이나 면도 후 적당량을 손바닥에 덜어 부드럽게 펴 바르고 두드리 듯 흡수시켜줍니다.,Skincare,Skin Toner
닥터자르트 컨트롤에이 티트리먼트 토너 120ml (티트리 약산성 토너),24000,36개월(상품 발송 시 기준으로 사용기간 12개월 이상 제품을 발송),1) 세안 후 기초 첫 단계에서 적당량을 덜어 얼굴에 골고루 펴 발라줍니다. 2) 내용물이 잘 흡수될 수 있도록 가볍게 두드려 흡수시켜줍니다. ※ 각질 관리를 원하실 경우 화장 솜에 적당량을 덜어 닦아내도 좋습니다.,Skincare,Skin Toner
닥터자르트 컨트롤에이 티트리먼트 토너 200ml (티트리 약산성 토너),33000,36개월(상품 발송 시 기준으로 사용기간 12개월 이상 제품을 발송),1) 세안 후 기초 첫 단계에서 적당량을 덜어 얼굴에 골고루 펴 발라줍니다. 2) 내용물이 잘 흡수될 수 있도록 가볍게 두드려 흡수시켜줍니다. ※ 각질 관리를 원하실 경우 화장 솜에 적당량을 덜어 닦아내도 좋습니다.,Skincare,Skin Toner
[대용량] 이즈앤트리 히아루론산 토너 400ml,19300,용기별도표기/개봉 후 6개월 이내 사용 권장,세안 후 적당량을 화장솜이나 손에 덜어 얼굴 전체에 가볍게 두드려 흡수시켜줍니다.,Skincare,Skin Toner
리우젤 에프터 쉐이브 스킨 2종,16900,제조일로부터 3년 / 개봉 후 1년,면도한 부위에 마사지 하듯 가볍게 흡수시킵니다.,Skincare,Skin Toner
마녀공장 비피다 바이옴 앰플 토너 400ml,25000,"제조일로부터 2년, 개봉 후 12개월",세안 후 화장솜에 앰플 토너를 충분히 적신 뒤 피부 결을 따라 부드럽게 닦아낸 후 가볍게 두드려 흡수시켜 줍니다,Skincare,Skin Toner
아크네스 포맨 퍼펙트 스킨 200ml,10800,개봉후 1년,"면도, 세안 또는 샤워 후, 손바닥에 적정량을 덜어 얼굴 전체에 두드리며 흡수시켜 줍니다.",Skincare,Skin Toner
비오템 옴므 티쀼르 토너 200ml,65450,제조일로부터 36개월,"아침과 저녁 세안 후, 사용 전 충분히 흔들어 두 개의 층을 섞어준 뒤 적당량을 얼굴 전체에 두드리듯 바릅니다.",Skincare,Skin Toner
비오템 옴므 아쿠아파워 토너 200ml,52700,제조일로부터 36개월,면도 후 적당량을 손바닥에 덜어 면도 부위(볼과 목 주위)에 가볍게 두드리며 바릅니다. 모든 피부 타입이 사용하실 수 있으며 민감한 피부에도 좋습니다.,Skincare,Skin Toner
라네즈옴므 액티브워터 스킨 180ml,18200,"사용기한 36개월, 개봉후 12개월 이내 사용","'아침, 저녁 세안 후 손바닥에 적당량을 덜어 얼굴과 목에 두드리듯이 발라 줍니다.",Skincare,Skin Toner
디오디너리 랙틱 애시드 10% + HA 30ml,14000,개봉 후 12개월(제조연월 별도표기),하루에 한 번 사용하세요. 저녁에 사용하는 것을 권장합니다. 피부가 내성을 기를 때까지 다른 트리트먼트로 희석하여 사용할 수 있습니다. 눈에 들어가지 않도록 주의하세요. 본 제품의 피부 접촉은 한정된 빈도 또는 기간으로 제한되어야 합니다. 자극이 발생할 경우 사용을 중단하고 의사와 상의하시기 바랍니다. 손상되지 않은 피부에 지시된 대로만 사용하세요. 사용 전 패치 테스트를 권장합니다. 패치 테스팅 가이드 카드 또는 당사 웹사이트의 패치 테스트 상세 가이드를 참조하세요. 어린이의 손이 닿지 않는 곳에 보관합니다. (광화상 경고: 본 제품은 햇볕에 대한 피부의 민감도를 높이는 알파 하이드록시산(AHA)을 함유하고 있음으로 광화상이 발생할 수 있습니다. 제품 사용 기간과 이후 1주일 동안은 자외선 차단제를 사용하고 피부를 보호하는 복장을 착용하며 햇볕 노출에 주의하세요.),Skincare,Skin Toner
디오디너리 랙틱 애시드 5% + HA 30ml,12300,개봉 후 12개월(제조연월 별도표기),하루에 한 번 사용하세요. 저녁에 사용하는 것을 권장합니다. 피부가 내성을 기를 때까지 다른 트리트먼트로 희석하여 사용할 수 있습니다. 눈에 들어가지 않도록 주의하세요. 본 제품의 피부 접촉은 한정된 빈도 또는 기간으로 제한되어야 합니다. 자극이 발생할 경우사용을 중단하고 의사와 상의하시기 바랍니다. 손상되지 않은 피부에 지시된 대로만 사용하세요. 사용 전 패치 테스트를 권장합니다. 패치 테스팅 가이드 카드 또는 당사 웹사이트의 패치 테스트 상세 가이드를 참조하세요. 어린이의 손이 닿지 않는 곳에 보관합니다. (광화상 경고: 본 제품은 햇볕에 대한 피부의 민감도를 높이는 알파 하이드록시산(AHA)을 함유하고 있음으로 광화상이 발생할 수 있습니다. 제품 사용 기간과 이후 1주일 동안은 자외선 차단제를 사용하고 피부를 보호하는 복장을 착용하며 햇볕 노출에 주의하세요.,Skincare,Skin Toner
잇츠스킨 레몬씨 스퀴즈 앰플 토너 500ml,13500,제조일로부터 36개월 / 개봉 후 12개월,"1. 물기가 남아있는 피부에 적당량을 덜어 취해줍니다. 2. 피부 속부터 채워주듯이 톡톡 두드리며 흡수시켜주거나, 화장솜에 적셔 피부결을 따라 안에서 바깥으로 부드럽게 닦아내며 흡수시켜 줍니다.",Skincare,Skin Toner
라네즈옴므 블루에너지 스킨토너 180ml,21000,"제조일로부터 36개월, 개봉 후 12개월 이내 사용",아침 저녁 세안 후 손바닥에 적당량을 덜어 줍니다. 피부결에 따라 얼굴 안쪽에서 바깥쪽으로 가볍게 두드리며 흡수시켜줍니다.,Skincare,Skin Toner
메이크프렘 세이프 미 릴리프 에센스 토너 400ml,19600,제조일로부터36개월 (개봉후 12개월 이내),"세안 후 적당량을 화장솜에 충분히 적신 뒤, 피부결을 따라 부드럽게 닦아내어 피부를 정돈시켜줍니다.",Skincare,Skin Toner
비오템옴므 아쿠아틱 로션 애프터 쉐이브  200ml,51850,제조일로부터 36개월,면도 후 적당량을 손바닥에 덜어 면도 부위(볼과 목 주위)에 가볍게 두드리며 바릅니다. 모든 피부 타입이 사용하실 수 있으며 민감한 피부에도 좋습니다.,Skincare,Skin Toner
폴라초이스 스킨 발란싱 포어-리듀싱 토너 190ml,29070,36개월 / 12개월,①화장 솜 혹은 깨끗한 손에 적당량을 덜어 코를 중심으로 안쪽에서 바깥쪽으로 닦아내듯 바릅니다. ②항산화 성분이 피부에 잘 흡수되도록 부드럽게 두드립니다.,Skincare,Skin Toner
[수분보습] 애즈이즈투비 히아루로닉 에센셜 토너 200ml,22000,제조일로부터 3년 (개봉일로부터 1년),세안 후 적당량을 화장솜 또는 손에 덜어 피부 안쪽에서 바깥쪽으로 피부결에 따라 골고루 펴 발라준 후 가볍게 두드려 주면서 흡수시켜줍니다.,Skincare,Skin Toner
아크웰 리얼 아쿠아 밸런싱 토너 160ml,20000,개봉전 36개월 / 개봉후 12개월,"스킨케어 첫 단계에서 내용물을 적당량 덜어 화장솜에 충분히 적신 뒤, 피부결을 따라 부드럽게 닦아내줍니다. 더 촉촉함을 원한다면 적당량을 손에 덜어 얼굴에 톡톡 두드려 흡수시켜 줍니다.",Skincare,Skin Toner
[고보습에센스토너] 하다라보 고쿠쥰 프리미엄 로션 170ml,14000,"제조일로부터 (36개월/3년)이내, 개봉 후 12개월","손바닥에 적당량을 덜어, 부드럽게 두드리며 피부에 펴 발라 줍니다. 손의 온기로 피부를 가볍게 두드려 주시면 더욱 흡수가 잘 될 수 있습니다.",Skincare,Skin Toner
리우젤 에프터 쉐이브 우드&스파이스 스킨 2종,15000,제조일로부터 3년 / 개봉후 1년,면도한 부위에 마사지 하듯 가볍게 흡수시킵니다.,Skincare,Skin Toner
땡큐파머 강화교동쌀 맑음 에센셜토너 200ml,21000,제조일로부터 3년,"스킨케어의 첫 단계에서 화장솜에 적당량 적셔 피부결을 따라 닦아내거나, 손바닥에 적당량을 덜어 피부결을 따라 두드리며 흡수시켜 줍니다.",Skincare,Skin Toner
AHC 온리 포맨 토너 150ml,14000,개봉 전 30개월 / 개봉 후 1년 이내,"세안 또는 면도 후, 적당량을 손에 덜어 얼굴 전체에 바르고 가볍게 두드리며 흡수 시켜줍니다.",Skincare,Skin Toner
아크네스 세범 밸런싱 스킨 200ml,9000,"개봉전 30개월, 개봉 후 12개월","칼라민 파우더와 워터 성분이 잘 섞이도록 제품을 흔들어 준 후, 적당량을 화장솜에 묻혀 가볍게 피부를 닦아내 줍니다. 사용 후 피부를 가볍게 두드리며 흡수시켜줍니다.",Skincare,Skin Toner
[속수분충전/매끈피부결] 셀퓨전씨 약산성 패리어 토너 300ml,25000,"제조일로부터 1년6개월 이내의 상품을 순차적으로 발송, 유통기한 개봉후 12개월","1. 스킨케어 첫 단계에서 화장솜에 내용물을 충분히 취해 피부결을 따라 부드럽게 닦아낸 후, 남은 내용물을 톡톡 두르려 흡수시켜 줍니다. 2. 스페셜 케어가 필요할 시, 여러 번 레이어링 하거나 스킨팩으로 사용해도 됩니다.",Skincare,Skin Toner
코스알엑스 에이씨컬렉션 카밍 리퀴드 마일드 125ml,16500,상품 발송일 기준으로 사용기한이 18개월 이상 남아있는 제품부터 순차적으로 판매 (유통 기한 36개월 / 개봉 후 12개월 이내 사용 권장),"화장솜에 리퀴드를 충분히 적셔 고민 피부에 가볍게 두드리며 흡수시키거나 두드려줍니다. TIP. 센자극으로 성난 피부에 리퀴드 마일드를 충분히적신 솜을 올려 팩처럼 활용하시면 피부 진정, 각질 케어에 도움이 됩니다.",Skincare,Skin Toner
라로슈포제 에빠끌라 K(+) 토너 200ml (지성 피부),28800,개봉전: 제조일로부터 3년 이내 / 개봉 후: 12개월,피부 유분을 흡수해주는 미네랄 오일 파우더가 균질화 되도록 사용 전에 제품을 흔들어 주세요. 아침 저녁 세안 후 스킨 토너 단계에서 적당량을 화장 솜에 덜어 얼굴 전체에 부드럽게 닦듯이 펴 발라줍니다.,Skincare,Skin Toner
클럽맨피노드 오리지날 에프터쉐이브로션 370ml,29000,"제조일로부터 (36개월/3년)이내의 상품을 순차적으로 발송, 유통기한 개봉후 2년 / 사용기한 제품에 별도 표기",모든 피부에 적합한 제품으로서 세안이나 면도 후 적당량을 손바닥에 덜어 부드럽게 펴 바르고 두드리 듯 흡수시켜줍니다.,Skincare,Skin Toner
[뿌리는 쫀쫀거품 토너] 더말로지카 3 in 1 멀티-액티브 토너 50ml (쿨링/진정/수분),14000,별도 표기 / 개봉 후 12개월,세안 또는 각질제거 / 마스크 후 얼굴과 목에 분사한뒤 가볍게 두들겨 흡수시켜줍니다.,Skincare,Skin Toner
[비건토너] 스킨푸드 미나리 토너 300ml,16800,사용기한: 제조일로부터 36개월,세안 후 화장솜 혹은 손바닥에 적당량을 덜어 피부결을 따라 발라줍니다.,Skincare,Skin Toner
[한별두별PICK]폴라초이스 스킨 퍼펙팅 바하 리퀴드 더블 기획 (118ml+118ml),39200,36개월 / 12개월,화장솜에 적당량을 덜어 얼굴에 골고루 펴 바릅니다. 물로 씻어낼 필요가 없습니다. 아침에는 SPF 30이상의 선크림을 함께 사용하세요 .,Skincare,Skin Toner
[수분장벽토너] 유리아쥬 제모스 토너 (본품500ml+250ml 추가 증정),43000,개봉 전 사용기간 제조일로부터 36개월 / 개봉 후 12개월,"손에 적당량을 덜어내어 피부에 부드럽게 흡수시키거나, 화장솜에 토너를 적셔 피부 전체를 부드럽게 닦아내어 피부 결을 정돈, 수분을 충전합니다. 1. 토너를 적신 토너패드로 피부 전체를 부드럽게 닦아내어 피부 결을 정돈, 수분을 충전합니다 2. 속건조가 심한 부위에 토너패드를 붙여 스킨팩으로 활용해주세요. 2~3분 후 떼어내면 촉촉+매끈+메이크업 잘 먹는 피부 완성!",Skincare,Skin Toner
바비 브라운 하이드레이팅 페이스 토닉,80000,제조일로부터 36개월,아침 저녁으로 세안한 얼굴에 화장솜을 사용하여 바릅니다.,Skincare,Skin Toner
빌리프 스트레스 슈터 시카 수딩 토너 200ml,28500,"개봉전 제조일로부터 36개월, 유통기한 개봉후 12개월","세안 후, 적당량을 덜어 화장솜에 충분히 적신 뒤, 피부결을 따라 부드럽게 닦아내듯이 정돈시켜 줍니다.",Skincare,Skin Toner
빌리프 모이스춰라이징 밤 토너 200ml,26250,"개봉전 제조일로부터 36개월, 유통기한 개봉후 12개월","매일 아침, 저녁 세안 이후 화장솜에 적셔 얼굴 전체를 부드럽게 닦아주거나 손바닥에 동전 하나 크기 만큼 덜어낸 뒤 얼굴에 톡톡 두드려 발라주세요.",Skincare,Skin Toner
그레이멜린 알래스카 내추럴 토너500ml,13900,제조일로 부터 36개월 / 개봉 후 12개월,"세안 후, 적당량을 덜어 피부에 골고루 펴 바르거나 화장솜에 묻혀 톡톡 두드려 흡수시켜 줍니다.",Skincare,Skin Toner
[모공케어] 유세린 더머토클린 클래리파잉 토너 200ml,28000,"주문일로부터 1년 6개월 이내의 제조 상품 배송, 제조일로부터 36개월 이내 사용(상품에는 '제품 사용 기한' 표기)","세안 후, 화장솜에 적당량을 덜어 피부 결을 따라 부드럽게 닦아 내듯이 발라준 후, 손으로 두드려 흡수시켜 줍니다.",Skincare,Skin Toner
라네즈 워터뱅크 블루히알루로닉 기초 2종(중건성),51750,개봉 전 36개월 / 개봉 후 12개월 이내 사용,얼굴에 적당량을 도톰하게 펴 발라줍니다,Skincare,Skin Toner
라네즈 워터뱅크 블루히알루로닉 토너(중건성) 160ml,26400,"사용기한 36개월, 개봉후 12개월 이내 사용",얼굴에 적당량을 도톰하게 펴 발라줍니다,Skincare,Skin Toner
[장벽강화] 마리엔메이 비타민B5+비피다 토너 120ml,19500,제조 일로부터 36 개월 / 개봉 후 12 개월,세안 후 본품을 적당량을 취해 피부에 골고루 펴바르세요.,Skincare,Skin Toner
라빠레뜨 뷰티 카밍 그린 턴오버 토너 200ml,22000,"제조일로부터 1095일, 개봉일로부터 180일","세안 후, 화장솜에 충분히 적셔 얼굴 안쪽 에서 바깥쪽으로 피부결을 따라 부드럽게 닦아 주고 가볍게 두드리며 흡수시켜 줍니다.",Skincare,Skin Toner
[1ST 보습광채] 달바 퍼스트 아로마틱 토너 155ml,20300,제조일로부터 30개월,"세안 후 제품을 상하로 3~5회 흔들어 내용물이 충분히 섞이게 한 뒤, 적당량 덜어 얼굴 전체에 부드럽게 펴 발라 흡수시켜 줍니다.",Skincare,Skin Toner
[수분진정] 라운드랩 포 맨 자작나무 수분 토너 200ml,17900,"제조일로부터 30개월, 개봉 후 12개월","세안, 면도 후 스킨 케어 단계에서 적당량을 덜어 피부 위에 펴 바르고 가볍게 두드리듯 흡수시켜줍니다.",Skincare,Skin Toner
[이동욱 PICK] 더마펌 모이스트 베리어 부스팅 토너 M4 200ml(민감보습),30000,36개월(개봉 후 12개월),"고,중,저분자의 크기가 다른 히알루론산들이 건조한 피부를 촉촉하게 채워줍니다. 각질케어로 많이 쓰이는 AHA, BHA성분보다 민감한 피부에 추천하는 글루코노락톤(PHA)이 수분공급을 막는 각질을 산뜻하게 정돈해 맑고 촉촉한 수분충전을 도와줍니다.",Skincare,Skin Toner
센텔리안24 마데카 옴므 수딩 토너 150ml,27000,"제조일로부터 30개월, 개봉 후 12개월",본 품 적당량을 취해 피부에 골고루 펴 바른다.,Skincare,Skin Toner
AHC 허브솔루션 위치하젤 토너 500ml,15000,개봉 전 3년 이내 / 개봉 후 1년 이내,세안 후 적당량을 화장솜에 덜어 피부결을 따라 얼굴 안쪽부터 바깥쪽으로 고루 펴 바릅니다.,Skincare,Skin Toner
AHC 허브솔루션 알로에베라 토너 500ml,15000,개봉 전 3년 이내 / 개봉 후 1년 이내,세안 후 적당량을 화장솜에 덜어 피부결을 따라 얼굴 안쪽부터 바깥쪽으로 고루 펴 바릅니다.,Skincare,Skin Toner
AHC 허브솔루션 로즈 토너  500ml,13110,개봉 전: 3년 이내 / 개봉 후 1년 이내,세안 후 적당량을 화장솜에 덜어 피부결을 따라 얼굴 안쪽부터 바깥쪽으로 고루 펴 바릅니다.,Skincare,Skin Toner
AHC 허브솔루션 레몬 토너 500ml,13110,개봉 전: 3년 이내 / 개봉 후: 1년 이내,세안 후 적당량을 화장솜에 덜어 피부결을 따라 얼굴 안쪽부터 바깥쪽으로 고루 펴 바릅니다,Skincare,Skin Toner
[피지/진정케어] 피캄 베리어 사이클 락토P 토너 200ml,20500,"제조일로부터 36개월, 개봉 후 12개월 이내 사용 권장",본 품 적당량을 취해 피부에 골고루 펴 바른다.,Skincare,Skin Toner
클럽맨리저브 데킬라티즈 에프터쉐이브 177ml,20000,"제조일로부터 (36개월/3년)이내의 상품을 순차적으로 발송, 유통기한 개봉후 2년 / 사용기한 제품에 별도 표기",모든 피부에 적합한 제품으로서 세안이나 면도 후 적당량을 손바닥에 덜어 부드럽게 펴 바르고 두드리 듯 흡수시켜줍니다.,Skincare,Skin Toner
클럽맨피노드 드래곤 노어 오데토일렛 414ml,25000,"제조일로부터 (36개월/3년)이내의 상품을 순차적으로 발송, 유통기한 개봉후 2년 / 사용기한 제품에 별도 표기",모든 피부에 적합한 제품으로서 세안이나 면도 후 적당량을 손바닥에 덜어 부드럽게 펴 바르고 두드리 듯 흡수시켜줍니다.,Skincare,Skin Toner
클럽맨피노드 스페셜리저브 에프터쉐이브코롱 177ml,20000,"제조일로부터 (36개월/3년)이내의 상품을 순차적으로 발송, 유통기한 개봉후 2년 / 사용기한 제품에 별도 표기",모든 피부에 적합한 제품으로서 세안이나 면도 후 적당량을 손바닥에 덜어 부드럽게 펴 바르고 두드리 듯 흡수시켜줍니다.,Skincare,Skin Toner
미구하라 울트라 화이트닝 퍼펙션 스킨 오리진 400ml,26350,제조일자로부터 30개월/개봉 후 12개월,본 품 적당량을 취해 피부에 골고루 펴 바른다. 1) 닦토 : 화장솜에 적셔 피부 결을 따라 정돈 2) 진정/보습 팩 : 화장솜에 적셔 건조한 부위에 초간단 보습 팩 3) 1스텝 미백 팩 : 드라이 시트에 적셔 산뜻하고 가벼운 미백 팩 4) 에센스 미스트 : 공병에 덜어 수시로 환하고 촉촉하게,Skincare,Skin Toner
[1+1기획] 차앤박(CNP) 아쿠아 수딩 토너 200ml 1+1 기획,28500,36개월/개봉 후 12개월,"세안 후, 적당량을 덜어 손으로 가볍게 두드려 흡수시키거나, 화장솜에 적셔 피부 결을 따라 안쪽에서 바깥쪽으로 피부를 정돈해 줍니다.",Skincare,Skin Toner
달팡 인트랄 데일리 미셀러 토너 200ml,47000,제조일로부터 36개월,"화장솜에 적정량을 적셔 눈, 입술, 얼굴,  가볍게 쓸어주어 메이크업과 불순물을 제거합니다",Skincare,Skin Toner
닥터지 에이클리어 밸런싱 토너 200ml 기획 (+화장솜),18900,36개월(개봉 후 12개월),세안 후 화장솜에 적당량을 덜어내어 피부결에 따라 부드럽게 닦아냅니다.,Skincare,Skin Toner
에센허브 티트리 90 카밍 토너 320ml,21000,"제조일자로 부터 3년, 개봉 후 1년이내 사용권장",1. 제품 바닥에 있는 식물성 파우더가 잘 섞이도록 흔들어 줍니다. 2. 가라앉은 파우더가 없을때 까지 잘 흔들어줍니다.3. 화장솜에 적셔 유분과 피지가 많은 부분을 중점적으로 피부결을 정돈합니다.,Skincare,Skin Toner
닥터하스킨 미라클아토 하이드로 토너 150ml,17900,"제조일로부터 36개월, 2024.04.01 까지","클렌저 사용 후 화장솜에 적당량을 덜어 눈가와 입가를 제외하고 닦아낸 후, 한번더 피부에 흡수시키면서 발라줍니다.",Skincare,Skin Toner
메이크프렘 인테카 진정 토너 200ml,22000,개봉전 36개월/개봉후 12개월,세안 후 눈가를 제외한 얼굴 전체에 피부결을 따라 부드럽게 닦아줍니다.,Skincare,Skin Toner
트러블레스 마일드 클리어 토너 에센스 200ml,15500,제조일로부터 36개월 (개봉 후 12개월),"세안 후 적당량을 덜어 화장솜에 충분히 적신 뒤, 피부결을 따라 부드럽게 닦아내어 피부결을 정돈시켜 줍니다.",Skincare,Skin Toner
[당근토너] 스킨푸드 캐롯 카로틴 수딩 토너 300ml,24000,36개월,세안 후 적당량을 덜어 얼굴 전체에 부드럽게 펴 바르고 흡수시켜 줍니다. *건조함이 느껴지는 날에는 2~3번 레이어링하여 바르면 더욱 촉촉한 보습감을 느끼실 수 있습니다.,Skincare,Skin Toner
프랭클리 시카 80 히알루론산 토너 260mL,10800,제조일로부터 30개월 / 개봉 후 12개월,"아침, 저녁 꾸준히 사용 가능합니다. 세안 후 물기를 닦아내고 사용합니다. 적당량을 화장솜이나 손에 덜어낸 후 얼굴 전체에 부드럽고 촉촉하게 발라줍니다.",Skincare,Skin Toner
[수딩진정] 넘버즈인 1번 진정 맑게담은 청초토너 300ml 기획 (+1번 패드 10매 증정),26000,[본품] 제조일로부터 36개월 / 개봉 후 12개월 이내 사용,"세안 후 적당량을 화장솜에 적셔 얼굴 피부 결을 따라 안쪽에서 바깥쪽으로 닦아내거나, 손에 덜어 피부에 흡수시켜줍니다.",Skincare,Skin Toner
헤라 옴므 파워부스팅 토너 150ML,65000,"제조일로부터 36개월, 개봉후 12개월.",세안 또는 면도 후 적당량을 손바닥에 덜어 피부결에 따라 얼굴과 목에 고르게 펴 바르고 가볍게 두드리듯 흡수시킨다.,Skincare,Skin Toner
코스톡 타임리스 에센스스킨 200ml,33000,별도 표기 / 개봉 후 12개월,세안 후 적당량을 손에 덜어 손으로 부드럽게 흡수시켜 주십시오 피부가 민감한 날에는 화장솜에 적셔 팩처럼 사용해 주시면 좋습니다,Skincare,Skin Toner
[급속진정토너] 크리니크 모이스춰 써지 하이드로 인퓨즈드 로션 200ml,56000,제조일로부터 36개월,"- 하루 두 번, 클렌징과 각질 정돈 후 사용하세요. -동전크기 만큼 손에 덜어 피부에 가볍게 두드려 줍니다.",Skincare,Skin Toner
[진정/속보습] 센텔리안24 마데카 데일리 리페어 토너 단독 기획 (150ml+50ml),20850,"제조일로부터 30개월, 개봉 후 12개월",본품 적당량을 취해 얼굴에 부드럽게 롤링하여 흡수시켜줍니다.,Skincare,Skin Toner
[수분진정] 비플레인 시카테롤 토너 200ml,16800,개봉 전 36개월 / 개봉 후 12개월,세안 후 적당량을 취해 피부 결을 따라 부드럽게 펴바른 후 가볍게 두드려 흡수시켜줍니다.,Skincare,Skin Toner
리얼베리어 모공비움 필링 토너 305ml,15400,"개봉 전 제조일로부터 36개월간, 개봉 후에는 12개월 이내","세안 후, 화장솜에 내용물을 취해 피부 안쪽에서 바깥쪽으로 부드럽게 닦아내어 피부결을 정돈시켜 줍니다.",Skincare,Skin Toner
[대용량] 에스테덤 하이드라 로션 맥스 400ml,34300,"제조일로부터 3년 이내의 상품을 순차적으로 발송, 개봉 후 6개월 사용 권장","화장솜에 충분히 덜어 피부결을 따라 부드럽게 닦아주듯 바른 후 흡수시켜 줍니다. 피부 상태에 따라 토너를 손에 적당량 덜어 한번 더 피부에 흡수 시켜주거나, 화장솜에 토너를 충분히 적셔 스킨팩으로 활용해줍니다.",Skincare,Skin Toner
[모공피지] 이니스프리 화산송이 파하 모공 매끈결 토너 170mL,15000,제조일로부터 36개월 / 개봉후 12개월  (상품 발송일 기준으로 사용기한이 1년 이상 남은 상품만을 판매합니다),"세안 후, 화장솜에 내용물을 충분히 덜어 피부결을 따라 닦아주거나, 적당량을 덜어 얼구과 목에 부드럽게 펴 발라 흡수시켜 줍니다.",Skincare,Skin Toner
빌리프 슈퍼 드랍스 비타민C 워터트리트먼트 150ML,32250,"개봉전 제조일로부터 36개월, 유통기한 개봉후 12개월","세안 후 화장솜에 적셔 얼굴 전체를 부드럽게 닦아주거나 손바닥에 동전 하나 크니만큼 덜어낸 뒤, 얼굴 피부에 톡톡 두드려 발라주세요. *사용 전 용기를 흔들지 마세요. *닦토보다는 흡토로 사용을 권장합니다.",Skincare,Skin Toner
[미백토닝케어] 아떼 바이탈 씨 좀 토닝 캡슐 토너(단품/기획),36000,개봉 후 1년,세안 후 스킨케어 첫 단계에 손에 적당량 덜어 얼굴전체에 부드럽게 펴 발라 줍니다.,Skincare,Skin Toner
헤라 옴므 에센스인스킨 125ML,46000,"제조일로부터 36개월, 개봉 후 12개월",1.세안 또는 면도 후 적당량을 손바닥에 덜어줍니다. 2.얼굴 안쪽에서 바깥쪽으로 피부결에 따라 골고루 펴 바릅니다. 3.손바닥으로 얼굴을 가볍게 두드리듯 흡수시킵니다,Skincare,Skin Toner
브링그린 대나무히알루수분토너 (500mL/250ml),18900,제조일로부터 36개월/개봉후 12개월,"세안 후 화장솜에 내용물을 충분히 덜어 피부결에 따라 닦아내거나, 적당량을 얼굴에 펴 바른 후 톡톡 두드리며 흡수시켜 줍니다.",Skincare,Skin Toner
조선미녀 붉은 팥 수분 워터 젤 100ml,14400,제조일부터36개월/개봉후12개월이내,적당량을 덜어 얼굴 전체에 펴 바른 뒤 부드럽게 흡수시켜 줍니다.,Skincare,Skin Toner
조선미녀 인삼에센스워터 150ml,14400,제조일부터36개월/개봉후12개월이내,세안 후 적당량을 덜어 얼굴 전체에 펴 바른 뒤 부드럽게 흡수시켜 줍니다. 또는 토너를 화장솜에 적셔 피부 결을 따라 부드럽게 닦아냅니다.,Skincare,Skin Toner
디마르3 디엑스 시타듀 리엑팅 토너 2.0 150ml,23200,유통기한 36개월 / 개봉후 12개월,세안 직후 혹은 일상에서의 피지 번들거림 증상이 있을 경우 화장솜에 적당량의 토너를 적셔 눈가와 입가를 제외한 얼굴 전체와 목을 부드럽게 닦아내거나 손바닥에 덜어 피부 위에 가볍게 도포해줍니다.,Skincare,Skin Toner
헤라 하이드로 리플렉팅 토너 170ml,55000,"사용기한 36개월, 개봉 후 12개월 이내 사용","아침, 저녁 세안 후 손바닥에 적당량을 취해 얼굴 전체에 고르게 펴 바릅니다. 보다 매끄러운 피부결로 가꾸고자 할 때에는 화장솜에 내용물을 취해 가볍게 두드리듯 발라주셔도 좋습니다",Skincare,Skin Toner
[촉촉산뜻] 스킨푸드 블랙슈가 퍼펙트 2X 포 맨 180ml 2종 택 1,20000,제조일로부터 36개월,세안 후 적당량을 덜어 피부 결을 따라 발라줍니다.,Skincare,Skin Toner
[탄력광채] 넘버즈인 3번 결광가득 에센스 토너 200ml 기획 (+50ml 증정),24000,제조일로부터 36개월 / 개봉 후 12개월 이내 사용,"세안 후, 스킨케어 첫 단계에서 화장솜에 적셔 피부결을 정돈해준 뒤 손바닥에 덜어 피부결을 따라 얼굴 전체를 감싸듯이 레이어링해줍니다.",Skincare,Skin Toner
디마르3 시그니처 비트 로제 토너 150ml,28900,제조일로부터 3년,"세안 후 화장솜에 적혀 피부결을 정돈합니다. 추가로 손바닥에 덜어 가볍게 두드리듯 흡수시켜주면 촉촉함과 윤기가 더욱 오래 지속됩니다. 피부가 유독 건조하거나 중요한 날, 토너를 충분히 적힌 화장솜을 5분 가량 얼굴에 부착해 스킨팩으로 활용하셔도 좋습니다.",Skincare,Skin Toner
후시다인 더마 트러블 밸런싱 토너 150ml,25000,36개월,적당량을 손에 덜어 얼굴 전체에 골고루 펴발라 흡수시켜 줍니다.,Skincare,Skin Toner
비레디 시카페인 트러블리셋 토너 250ml,19900,"개봉전 36개월, 개봉후 12개월 이내 사용",세안 후 손이나 화장솜에 적당량을 덜어 피부결을 따라 부드럽게 흡수하며 발라줍니다.,Skincare,Skin Toner
[속보습]닥터지 더모이스처 배리어 D 리퀴드 토너 200ml 기획 (+100ml),31000,36개월 (개봉 후 12개월),스킨케어 첫 단계에서 적당량을 손에 덜어 피부 속까지 채워주듯이 두드리며 흡수시켜줍니다. * 피부가 많이 건조할 때에는 2~3회 레이어링하여 흡수시켜주세요.,Skincare,Skin Toner
더랩바이블랑두 저분자 히알루론산 딥 토너 리필캔 238ml,14700,개봉 후 1년/ 제조일로부터 3년,적당량을 손에 덜어 피부결을 따라 발라주고 손 끝으로 가볍게 두드려 흡수시켜 줍니다. TIP : 화장솜에 듬뿍 묻혀 건조한 피부에 올려두고 속보습 집중 케어로 활용할 수 있습니다.,Skincare,Skin Toner
[리필] 라네즈 크림스킨 170ml 리필,23400,"제조일로부터 36개월, 개봉 후 12개월 이내 사용","0. 본품 용기에 리필파우치를 사용 방법을 숙지하여 보충하여 활용 1. 기본 사용법: 아침, 저녁 스킨 사용 단계에서 적당량을 손에 덜어 피부 속부터 채워주듯이 두드리며 흡수시켜줍니다. 2. 보습 스킨팩으로 활용: 크림 스킨을 화장솜에 적셔 보습 스킨팩으로 활용해보세요.",Skincare,Skin Toner
헤브블루 살몬 PDRN 케어링 센텔라 토너 200ml,41900,"개봉 전 24개월, 개봉 후 12개월",세안 후에 적당량을 덜어 피부에 두드려 흡수시켜 줍니다.,Skincare,Skin Toner
리얼베리어 익스트림 에센스 토너 300ml,17500,"개봉 전 제조일로부터 36개월간, 개봉 후에는 12개월 이내","세안 후, 손바닥에 적당량을 덜어 피부 결을 따라 얼굴 전체에 부드럽게 펴 바르고 가볍게 두드려 흡수 시켜 줍니다.",Skincare,Skin Toner
[모공토닉] 아이소이 포어 타이트닝 토닉 에센스 90ml,25600,"제조일자로부터 3년, 개봉 후 6개월 내 사용권장",화장솜에 토닉 에센스를 덜어 충분히 적신 후 피부결을 따라 가볍게 닦아내며 발라주세요. 화장솜으로 입술을 닦아주면 입술 각질 관리도 가능합니다.,Skincare,Skin Toner
플라스킨 하얀쌀 효소필 단백질 토너 250ml,17500,제조 후 사용 기한 36개월 (개봉 후 12개월),"세안 후, 스킨케어 첫 단계에서 화장솜에 적셔 피부결을 정돈해준 뒤 손바닥에 덜어 피부결을 따라 얼굴 전체를 감싸듯이 레이어링해줍니다.",Skincare,Skin Toner
[흔적미백] 넘버즈인 5번 글루타치온씨 비타수액 에센셜 토너 200ml,24000,제조일로부터 36개월/개봉 후 12개월,"세안 후 적당량을 화장솜에 적셔 얼굴 피부결을 따라 안쪽에서 바깥쪽으로 닦아내거나, 손에 덜어 피부에 흡수시켜줍니다.",Skincare,Skin Toner
케어존 리큐어 노르데나우 시카 토너 490ml,18000,"개봉전 제조일로부터 36개월, 유통기한 개봉후 12개월",적당량을 덜어 피부결을 따라 가볍게 톡톡 두드려 흡수시켜주세요. 피부 컨디션에 따라 2-3회가량 레이어링하여 덧발라 주세요.,Skincare,Skin Toner
[에이든팍 PICK] 다슈 보이 파란 수분초 스킨 150ml 기획 (+수분크림 50ml),23000,■ 유통기한: 제조일로부터 3년.,세안 후 본품을 적당량 취해 피부결을 정돈합니다.,Skincare,Skin Toner
조선미녀 청매실 AHABHA 토너 150ml,18000,제조일부터36개월/개봉후12개월이내,화장솜에 내용물을 취헤 얼굴 중앙에서 바깥쪽으로 부드럽게 닦아낸 후 흡수 시킵니다.,Skincare,Skin Toner
설화수 자음수EX 150ML,61200,"제조일로부터 36개월, 개봉 후 12개월",세안 후 토너 단계에서 적당량을 덜어 얼굴 전체에 부드럽게 발라줍니다.,Skincare,Skin Toner
더후 로얄레지나 에너지드롭 트리트먼트 75ml,42070,"개봉전 제조일로부터 36개월, 유통기한 개봉후 12개월","세안 후 스킨케어 첫 단계에서 얼굴 피부결을 따라 부드럽게 펴 발라주고, 손바닥으로 얼굴을 가볍게 감싸 온전히 흡수시켜 줍니다.",Skincare,Skin Toner
더후 공진향 탄력 밸런싱 토너 150ml,56700,"개봉전 제조일로부터 36개월, 유통기한 개봉후 12개월","아침과 저녁 깨끗이 세안한 얼굴의 중심에서 바깥쪽으로, 목 아래에서 윗방향으로 부드럽게 펴 발라 줍니다. 피부를 손바닥으로 지그시 눌러 흡수시킵니다.",Skincare,Skin Toner
[1+1] 유세린 더모퓨리파이어 토너 더블 기획 (200ml+200ml),26000,"주문일로부터 1년 6개월 이내의 제조 상품 배송, 제조일로부터 30개월 이내 사용(상품에는 '제품 사용 기한' 표기)","세안 후, 화장솜에 적당량을 덜어 피부 결을 따라 부드럽게 닦아 내듯이 발라준 후, 손으로 두드려 흡수시켜 줍니다.",Skincare,Skin Toner
피지오겔 시카밸런스 포맨 카밍 토너 200ml,25900,제조일로부터 36개월(개봉후 12개월),"세안, 면도 후 스킨케어 단계에서 적당량을 취하여 얼굴 피부 위에 마사지하듯 두드려 흡수시켜 줍니다.",Skincare,Skin Toner
디오디너리 사카로미세스 퍼멘트 30% 밀키 토너 100ml,20100,개봉 후 12개월(제조연월 별도표기),아침저녁으로 얼굴과 목에 화장솜 또는 손가락을 사용해 발라주세요. · 사용 후 씻어내지 마세요. · 눈가를 비롯한 눈 주위에 직접적으로 닿지 않도록 합니다. · 자극이 발생할 경우 사용을 중단하고 의사와 상의하시기 바랍니다. 손상되지 않은 피부에 지시된 대로만 사용하세요. 사용 전 패치 테스트를 권장합니다. 어린이의 손이 닿지 않는 곳에 보관합니다.,Skincare,Skin Toner
메디큐브 레드 토너 2.0 100ml,15000,"개봉전 24개월, 개봉후 12개월",세안 후 적당량을 덜어 피부 결에 따라 부드럽게 펴 바르고 가볍게 두드리며 흡수시켜 줍니다.,Skincare,Skin Toner
더바디샵 티트리 래피드 액션 젤 15ML,17100,발송일 기준 최대 28개월 이내 제조된 제품으로 발송; 제조일로부터 36개월 이내 사용,깨끗한 손 끝이나 고민부위에 소량을 짜내 부드럽게 두드려 준 후 건조할때까지 기다렸다가 아침에 깨끗이 닦아 줍니다.(저녁 사용 추천),Skincare,Skin Toner
[피부결토너] 메디톡스 뉴라덤 뉴로락토 토너 150ml,22100,제조일로부터 30개월,세안 후 스킨케어 첫 단계에서 화장솜 또는 손에 적당량을 덜어 피부 안쪽으로 부터 바깥쪽으로 부드럽게 흡수 시켜 줍니다.,Skincare,Skin Toner
[매끈결] 아비브 부활초 파하 토너 스킨부스터 200ml 기획 (+30ml),16100,"제조일로부터 36개월, 개봉후 12개월","세안 후, 손바닥에 덜어 피부결을 따라 부드럽게 흡수시켜 줍니다.",Skincare,Skin Toner
파파레서피 블레미쉬 필링 토너 120ml,11340,"제조일로부터 30개월, 개봉 후 12개월",적당량을 덜어 피부에 펴 바르고 흡수시켜 줍니다.,Skincare,Skin Toner
제나벨 PDRN 리쥬비네이팅 토너 300ml,17350,제조후 36개월/ 개봉후12개월,"아침, 저녁 세안 후 본 품 적당량을 덜어 얼굴에 골고루 펴 발라 잘 흡수시켜줍니다.",Skincare,Skin Toner
[여드름] 포엘리에 옴므 시카 남자 토너 미스트 100ml,15890,"제조일로부터 36개월이내, 개봉후 12개월이내",건조함이 느껴질 때 수시로 15~20cm정도 떨어져서 눈을 감고 얼굴 전체에 골고루 분사합니다.,Skincare,Skin Toner
스콧해미쉬 블루 블렌디드 토너 에센스 180ml,38500,36개월,세안 후 적당량을 손에 덜어 얼굴에 고루 펴 바른 후 가볍게 두드리며 흡수시켜 줍니다.,Skincare,Skin Toner
[콜라겐/레티놀]아이디얼 포 맨 퍼펙트 탄력 스킨 150mL / 200mL,15900,"제조일로부터 36개월 이내의 상품을 순차적으로 발송, 사용기한 제품에 별도 표기","*퍼펙트 라인 스킨-로션 사용법 스킨 : 세안, 면도 후 적당량을 덜어 피부결을 따라 고르게 바르고 가볍게 두드려 흡수시켜 줍니다. 로션 : 스킨 사용 후 적당량을 덜어 피부결을 따라 고르게 바르고 가볍게 두드려 흡수시켜 줍니다.",Skincare,Skin Toner
우노 스킨 세럼 워터 200ml,11200,제조일로부터 3년 이내 상품을 발송합니다. (제조일로부터 36개월 이내 사용가능),적당량을 손에 덜어 얼굴 전체에 펴 발라주고 가볍게 두드려 흡수시켜 줍니다.,Skincare,Skin Toner
[NEW/기미잡티케어] VT 티엑스토닝 토너 200ml,23000,제조일로부터 36개월,세안 후 화장솜이나 손에 적당량을 덜어 얼굴 안쪽에서 바깥쪽으로 피부 결을 따라 고르게 펴 발라 흡수시켜 줍니다.,Skincare,Skin Toner
[첫 단계 톤업 케어] 티엘스 레드 오렌지 나이아신아마이드 토너 150ml,19000,"개봉 전 제조일로부터 36개월간, 개봉 후에는 12개월 이내",세안 후 적당량을 덜어 피부결을 따라 얼굴 전체에 부드럽게 펴 바르고 가볍게 두드려 흡수시켜 줍니다.,Skincare,Skin Toner
더페이스샵 더젠틀포맨 안티에이징 스킨 145ml,16100,제조일로부터 36개월/ 개봉 후 12개월,세안 후 적당량을 취해 피부에 골고루 펴 바릅니다.,Skincare,Skin Toner
더페이스샵 더 블랙밤 스킨 140ml,18200,제조일로부터 36개월/ 개봉 후 12개월,세안 후 적당량을 취해 피부에 골고루 펴 바릅니다.,Skincare,Skin Toner
피토메르 로제비자쥐 250ml,58000,"개봉 전 36개월, 개봉 후 12개월 이내 사용",화장솜에 적당량을 덜어 메이크업 및 불순물을 부드럽게 제거 또는 피부 결을 정돈합니다.,Skincare,Skin Toner
[끈적임NO/산뜻수분] 달바 맨즈 밸런싱 스프레이 세럼 스킨 80ml,32000,"제조일로부터 36개월, 개봉 후 12개월 이내","세안 후, 눈가를 피한 마른 얼굴에 고르게 분사하고 가볍게 두드려 흡수시켜줍니다. 사용 전 살짝 흔들어 사용하세요.",Skincare,Skin Toner
더샘 미네랄 옴므 블랙 토너/에멀전 택1,16100,제조일로부터 36개월,"세안 또는 면도 후, 적당량을 덜어내어 피부결을 따라 부드럽게 펴 바릅니다.",Skincare,Skin Toner
아누아 어성초 77 깐달걀 토너 350ml,22800,제조일자로부터 36개월 / 개봉 후 12개월,세안 후에 적당량을 덜어 피부에 두드려 흡수시켜 줍니다.,Skincare,Skin Toner
운스트라움 디 오리진 미스트 토너 150ml,18700,"제조일로부터 3년, 개봉 후 12개월",세안 후 스킨 첫단계에서 적당량 분사한 뒤 남은 토너는 손바닥으로 가볍게 흡수시켜 주세요.,Skincare,Skin Toner
[대용량] 아누아 어성초 77 수딩 토너 500ml,26500,제조일자로부터 36개월 / 개봉 후 12개월,세안 후에 적당량을 덜어 피부에 두드려 흡수시켜 줍니다.,Skincare,Skin Toner
[엔하이픈 제이크 PICK] 믹순 병풀 토너 300ml,22500,제조일로부터 36개월 / 개봉 후 12개월,스킨케어 단계에서 적당량을 취해 피부결을 따라 얼굴에 고르게 펴 바르고 가볍게 두드려 흡수시켜줍니다.,Skincare,Skin Toner
[엔하이픈 제이크 PICK] 믹순 콩 토너 300ml,25200,제조일로부터 36개월 / 개봉 후 12개월,스킨케어 단계에서 적당량을 취해 피부결을 따라 얼굴에 고르게 펴 바르고 가볍게 두드려 흡수시켜줍니다.,Skincare,Skin Toner
[단독기획] 헉슬리 컨디셔닝 에센스 토너 프리쉐이프 300ml 기획(+화장솜 40매),36000,제조일로부터 36개월,세안 후 토너를 화장솜에 적셔 메쉬면으로 얼굴 전체를 부드럽게 닦아내고 순한면으로 가볍게 닦아 마무리해 줍니다.,Skincare,Skin Toner
[결청소토너] 딕셔니스트 아미노산 토너 250ml,19500,개봉 후 12개월,세안 후 손이나 화장솜에 적당량을 덜어 피부결에 따라 안쪽에서 바깥쪽으로 닦아줍니다.,Skincare,Skin Toner
[뿌리는 진정토너]LBB 모이스처라이징 프라임 토너 100ml,33300,제조일로부터 36개월 / 개봉 후 12개월,1. 스킨케어 첫 단계에서 얼굴에 2~3cm 떨어진 상태에서 분사 후 가볍게 두드려 흡수시켜 줍니다. 2. 피부에 보습과 진정이 필요할 때마다 수시로 뿌려줍니다.,Skincare,Skin Toner
[NEW][대용량]오브제 포어 제로 필링 토너 310ml,19800,"제조일로부터 3년, 개봉 후 12개월","아침, 저녁 세안 후 손이나 화장솜에 적당량을 덜어 피부결에 따라 가볍게 흡수시키며 발라줍니다.",Skincare,Skin Toner
[NEW/리뉴얼] 셀리맥스 더 리얼 노니 수분 밸런싱 토너 320ml,17600,제조일자로부터 30개월/ 개봉 후 12개월,세안 후 첫 단계에 사용하세요. 토너를 적신 화장솜으로 피부결을 간편하게 수분팩으로 활용해 보세요. 따라 닦아내거나 손에 덜어 펴 바른 후 흡수시켜주세요. 토너를 듬뿍 적신 화장솜을건조한 부위에 올려두면 깊은 수분감을 느낄 수 있어요.,Skincare,Skin Toner
[각질쓱삭/피지케어] 비플레인 녹두 모공 클리어링 라하 토너 265ml,12000,제조일로부터 36개월,"세안 후, 화장솜에 내용물을 충분히 덜어 피부결을 따라 닦아주거나, 적당량을 덜어 얼굴과 목에 부드럽게 펴 발라 흡수시켜 줍니다.",Skincare,Skin Toner
더마라인 디렉소 PDRN 솔루션 액티빙 토너 200ml,38900,제조일로부터 36개월,세안 후 적당량을 덜어 피부결을 따라 부드럽게 펴바르고 가볍게 두드려 흡수시켜줍니다.,Skincare,Skin Toner
리얼베리어 익스트림 에센스 토너 300ml 기획 (+익스트림 크림 25ml),17500,"개봉 전 제조일로부터 36개월간, 개봉 후에는 12개월 이내","세안 후, 손바닥에 적당량을 덜어 피부 결을 따라 얼굴 전체에 부드럽게 펴 바르고 가볍게 두드려 흡수 시켜 줍니다.",Skincare,Skin Toner
연작 카밍 앤 컴포팅 토너 150ml,40000,제조일로부터 36개월,"아침 저녁 세안 후, 손이나 화장솜에 적당량을 덜어내 피부결을 따라 바르고, 가볍게 두드려 흡수시킵니다.",Skincare,Skin Toner
바이오던스 퍼스트 시너지 토너 150ml,22400,제조일로부터 3년,[닦아내는 토너로 사용 시] 바이오던스 ‘코튼 패드’의 스펀지 시트에 토너를 충분히 적셔 피부결을 따라 부드럽게 정돈해 줍니다. [흡수시키는 토너로 사용 시] 적당량의 토너를 손에 덜어 피부 위에 부드럽게 도포한 후 톡톡 두드려 흡수시켜 줍니다.,Skincare,Skin Toner
키엘 울트라 훼이셜 토너 75ml,21000,개봉 후 12개월,화장솜에 적당량을 덜어 눈가를 피해서 얼굴 안쪽에서 바깥쪽으로 닦아내듯이 발라주세요. 내추럴 성분을 함유한 키엘의 토너는 살짝 흔들어 사용하시면 더욱 효과적으로 사용하실 수 있습니다.,Skincare,Skin Toner
키엘 울트라 훼이셜 토너 250ml,47000,배송되는 제품은 사용기한이 12개월 이상 남아있는 제품부터 순차적으로 배송됩니다.,화장솜에 적당량을 덜어 눈가를 피해서 얼굴 안쪽에서 바깥쪽으로 닦아내듯이 발라주세요. 내추럴 성분을 함유한 키엘의 토너는 살짝 흔들어 사용하시면 더욱 효과적으로 사용하실 수 있습니다.,Skincare,Skin Toner
케어놀로지 리블루 부스팅 멀티 토너 150ml,40800,제조일로부터 36개월 (개봉 후 12개월),"세안 후, 적당량 덜어 피부결을 따라 발라 주고, 양손으로 얼굴 전체를 부드럽게 눌러 완전히 스며들게 합니다. TIP 케어 방법에 따라 화장솜으로 닦아내거나, 거품용기에 담아 사용할 수 있습니다.",Skincare,Skin Toner
[세븐틴 승관PICK] 그린핑거 포레스트 피톤 수분시카 세럼토너 200ml,17500,개봉 전 30개월 / 개봉 후 12개월,본품 적당량을 취해 피부에 골고루 펴 바른다.,Skincare,Skin Toner
키엘 울트라 훼이셜 오일-프리 토너 250ml,47000,개봉 후 12개월,화장솜에 적당량을 덜어 눈가를 피해서 얼굴 안쪽에서 바깥쪽으로 닦아내듯이 발라주세요.,Skincare,Skin Toner
올리고더미 카렌듈라 토닝로션 500ml,35600,제조일로부터 36개월,세안 후 토너를 적당량 화장솜에 덜어 피부결에 따라 고르게 닦아주어 피부를 정돈합니다. 적당량을 피부에 펴 바른 후 톡톡 두드려 흡수시켜줍니다.,Skincare,Skin Toner
[모공부스터] 마몽드 포어 슈링커 바쿠치올 레티놀 토너 200ml,19200,개봉 전 36개월 / 개봉 후 12개월,"아침과 저녁 세안 후, 스킨 사용 단계에서 손바닥에 덜어 피부결을 따라 부드럽게 발라줍니다.",Skincare,Skin Toner
[보습장벽] 마몽드 프로바이오틱스 세라마이드 스킨 소프너 200ml,18000,개봉 전 36개월 / 개봉 후 12개월,"아침과 저녁 세안 후, 스킨 사용 단계에서 손바닥에 덜어 피부결을 따라 부드럽게 발라줍니다.",Skincare,Skin Toner
[NEW] 브링그린 사철쑥카밍EX에센스토너 500mL,18800,"■ 제조일로부터 36개월, 개봉 후 12개월","■ 세안 후 화장솜에 내용물을 충분히 덜어 피부결에 따라 닦아내거나, 적당량을 얼굴에 펴 바른 후 톡톡 두드리며 흡수시켜줍니다.",Skincare,Skin Toner
달팡 인트랄 데일리 트리트먼트 로션 150ml (온),86000,대부분 사용기한 1년 이상 남은 제품을 배송해드립니다.,손바닥에 4~5방울 덜어주고 로션을 손 전체에 펼칩니다. 가벼운 압으로 얼굴과 목 전체를 가볍게 누르며 도포합니다. 가볍게 두드리는 탭핑 모션으로 마무리입니다.,Skincare,Skin Toner
[로즈 토너]눅스 베리로즈 리프레쉬 토너 200ml 기획(+ 멀티 플로럴 오일 10ml),33000,제조일자로부터 36개월/ 개봉 후 18개월,"세안 후 | 필요한 만큼 덜어서 피부에 바른 후 부드럽게 두드려 흡수시켜 주세요. 각질이 걱정일 때, 코튼 패드에 덜어서 부드럽게 닦아주세요.",Skincare,Skin Toner
에르쯔틴 리제너레이티브 실트 토너 150ml,15700,제조일로부터 30개월,스킨케어 토너 단계에서 적당량을 취하여 발라줍니다.,Skincare,Skin Toner
[쿨링진정] 마몽드 카밍 샷 아줄렌 토너 300ml,18000,개봉 전 36개월 / 개봉 후 12개월,세안 후 적당량을 손 또는 화장솜에 덜어 피부 결을 따라 부드럽게 흡수하며 발라줍니다.,Skincare,Skin Toner
[초록진정] 몰바니 아티시카 리프레쉬 카밍 세럼 30ml,17900,제조일로부터 36개월,"""아침 저녁 세안 후 손바닥에 적당량을 덜어 피부에 도포해주세요. 화장솜을 이용하시는 경우, 내용물을 충분히 적셔 안쪽에서 바깥쪽으로 가볍게 닦아내듯 피부결을 정돈해주세요.""",Skincare,Skin Toner
몰바니 율피 엑소좀 모공 타이트닝 토너 150ml,19900,제조일로부터 36개월,"""아침 저녁 세안 후 손바닥에 적당량을 덜어 피부에 도포해주세요. 화장솜을 이용하시는 경우, 내용물을 충분히 적셔 안쪽에서 바깥쪽으로 가볍게 닦아내듯 피부결을 정돈해주세요.""",Skincare,Skin Toner
아벤느 이드랑스 딥모이스트 로션 200ml 기획 (+스킨케어 패드 10매입),19900,제조일로부터 3년이내 개봉후 6개월이내 권장,세안 후 적당량을 덜어 얼굴에 펴 발라줍니다.,Skincare,Skin Toner
이니스프리 레티놀 그린티 피디알엔 스킨부스터 토너 170ml 기획 (+50ml),18000,제조일로부터 36개월 / 개봉후 12개월,"세안 후, 스킨케어 첫 단계에서 적당량을 덜어 얼굴과 목에 부드럽게 발라 흡수시켜줍니다.",Skincare,Skin Toner
[대용량/수분쏙쏙침투] 스튜디오17 워터부스트 히알루론 토너 300ml,15200,제조일자 기준 개봉 전 36개월/개봉 후 12개월,세안 후 스킨케어 첫 단계에서 제품 적당량을 손바닥에 덜어 얼굴에 마사지하듯 가볍게 두드리며 흡수시켜 줍니다.,Skincare,Skin Toner
마몽드 맨 리차징 토너 180ml,15200,개봉 전 36개월 / 개봉 후 12개월,"세안 후, 손바닥에 적당량을 덜어 피부 결을 따라 부드럽게 발라줍니다.",Skincare,Skin Toner
[케로피콜라보/500ml대용량]비욘드 엔젤아쿠아 수분진정 빅토너 500ml 기획 (스마트톡 증정),10360,"개봉전 제조일로부터 36개월, 유통기한 개봉후 12개월",세안 후 화장솜에 충분히 적셔 얼굴 안쪽에서 바깥쪽으로 피부결에 따라 부드럽게 닦아내어 줍니다.,Skincare,Skin Toner
[단독기획/속건조해결] 파티온 포도당 하이드로 에센스토너 300ml 더블 기획(2개입),22410,"제조일로부터 36개월, 개봉 후 12개월(2025년 2월 28일 이후 제조된 상품만을 취급)",화장솜 혹은 손에 덜어 피부결을 따라 부드럽게 흡수시켜 줍니다.,Skincare,Skin Toner
[모공결토너] 웰라쥬 하이퍼 펩타이드 스킨부스터 토너 200ml,19200,제조 후 사용기한 36개월,손 혹은 화장솜에 내용물을 적당량 덜어 피부결을 따라 부드럽게 흡수시켜 줍니다.,Skincare,Skin Toner
[수분장벽토너]유리아쥬 제모스 토너 250ml 2입 기획,29800,개봉 전 제조일로부터 3년/개봉 후 12개월,화장솜에 적당량을 덜어 가볍게 닦아내 듯 피부결을 정돈해줍니다. 강한 보습이 필요할 땐 스킨팩으로 사용하거나 손에 덜어 피부에 레이어링하여 발라주어도 좋습니다.,Skincare,Skin Toner
[리뉴얼] 아벤느 핑크 수딩 토너 200ml 기획 (+화장솜),19900,"개봉전 3년, 개봉 후 1년이내 사용권장","닦토로 사용 시 (아침) 세안 후 물토너를 화장솜에 듬뿍 덜어 피부결을 따라 부드럽게 닦아 피부를 촉촉하게 케어해주세요.(저녁) 세안 후 노폐물, 메이크업 잔여물을 부드럽게 제거하여 피부를 프레시하게 진정시켜 주세요. 진정 케어 시 민감케어가 필요한 날에는 물토너를 듬뿍 적신 화장솜을 얹어 토너팩으로 활용해보세요.",Skincare,Skin Toner
달팡 인트랄 이너유쓰 레스큐 아이크림 15ml,59000,대부분 사용기한 1년 이상 남은 제품을 배송해드립니다.,"아침과 저녁, 세럼 사용 후 크림을 바르기 전에 눈가에 부드럽게 발라주세요.",Skincare,Skin Toner
[리뉴얼] 스킨푸드 블랙슈가 퍼펙트 토너 2X 포 맨 180ml,20000,36개월,세안 후 적당량을 덜어 피부 결을 따라 발라줍니다.,Skincare,Skin Toner
[대용량/수분진정] 필킨X약손명가 리밸런싱 마일드 펌핑 토너 300ml,28900,제조일로부터 36개월/개봉 후 12개월,세안 후 화장솜에 적당량을 덜어 피부결을 따라 부드럽게 닦아내 줍니다.,Skincare,Skin Toner
키엘 울트라 훼이셜 토너 (75ml/250ml),21000,개봉 후 12개월,화장솜에 적당량을 덜어 눈가를 피해서 얼굴 안쪽에서 바깥쪽으로 닦아내듯이 발라주세요. 내추럴 성분을 함유한 키엘의 토너는 살짝 흔들어 사용하시면 더욱 효과적으로 사용하실 수 있습니다.,Skincare,Skin Toner
랩시리즈 클리어 LS 세범 컨트롤 매티파잉 에센스 200ml,59000,제조일로부터 36개월,아침 저녁 세안 혹은 면도 후 손바닥이나 화장솜에 덜어 눈가를 피해 얼굴과 목에 발라주세요.,Skincare,Skin Toner
[NEW] 리엔케이 하이퍼 히알 플럼핑 토너 200ml,17500,30개월,"세안 후, 적당량을 덜어 피부결을 따라 부드럽게 펴 발라준 후 가볍게 두드려 흡수시켜 줍니다.",Skincare,Skin Toner
[NEW/주연포카증정] 리엔케이 하이퍼 히알 플럼핑 토너 200ml 기획 (+마스크 2매),28000,토너 : 30개월 / 마스크: 36개월,"토너 :세안 후, 적당량을 덜어 피부결을 따라 부드럽게 펴 발라준 후 가볍게 두드려 흡수시켜 줍니다. 마스크 : 1. 세안 후, 토너로 피부를 깨끗이 정돈합니다. 2. 마스크를 꺼내 얼굴 모양에 맞춰 붙여줍니다. 3. 10~20분 뒤 마스크를 떼어내고, 피부에 남아있는 에센스는 가볍게 두드려 흡수시켜 줍니다.",Skincare,Skin Toner
이니스프리 그린티 스킨 포맨 150ml,15800,제조일로부터 36개월 / 개봉후 12개월,적당량을 얼굴에 펴 발라 줍니다.,Skincare,Skin Toner
[리뉴얼] 브이앤에이뷰티 안티옥시던트 에센스 토너 120ml,27300,"제조일로부터 36개월, 개봉 후 12개월",피부결을 따라 부드럽게 펴 발라줍니다. 기호에 따라 화장솜에 적셔 닦아내듯 사용해도 좋습니다.,Skincare,Skin Toner
[1+1한정기획] 토리든 다이브인 히알루론산 수딩 크림 100ml 더블 한정 기획 (+토너 100ml),29930,제조일로부터 36개월 / 개봉 후 12개월,본 제품이 적당량을 덜어 피부에 골고루 펴 바른 후 톡톡 두들겨 흡수시켜 줍니다.,Skincare,Skin Toner
브리올옴므 퍼펙트 화이트닝 토너 120ml,24000,제조일로부터 2년 6개월,제품을 손바닥에 덜어 얼굴 전체적으로 발라주세요.,Skincare,Skin Toner
아이디얼포맨 파워쿨링 애프터 쉐이브 2종 세트,18800,개봉전 36개월/ 개봉 후 12개월,"[파워쿨링 애프터 쉐이브 워터로션] 세안, 면도 후 적당량을 덜어 피부 결을 따라 고르게 바르고 가볍게 두르려 흡수시켜 줍니다. TIP) 면도 후 피부 자극 집중 케어를 위해 파워쿨링 애프터 쉐이브 겔과 함께 사용하는 것을 추천합니다. [파워쿨링 애프터 쉐이브 겔] 세안, 면도 후 적당량을 덜어 피부 결을 따라 고르게 바르고 가볍게 두르려 흡수시켜 줍니다. TIP) 면도 후 워터로션으로 피부를 정돈한 뒤 적당량을 취해 진정이 필요한 부위에 덧발라 주세요.",Skincare,Skin Toner
토리든 밸런스풀 시카 각질 토너 250ml,18000,별도표기 / 30개월 (개봉 후 12개월),세안 후 화장솜 혹은 손에 적당량을 덜어 피부결을 따라 부드럽게 흡수시켜 줍니다.,Skincare,Skin Toner
헉슬리 컨디셔닝 에센스 토너 프리쉐이프 200ml,20800,제조일로부터 36개월,세안 후 적당량을 덜어 얼굴 전체에 펴 바른 뒤 가볍게 톡톡 두드리며 흡수 시켜줍니다.,Skincare,Skin Toner
랑콤 토닉 꽁포르 토너 200ml/400ml,57800,제조일로부터 36개월,세안 후 화장솜을 사용하여 얼굴 전체를 부드럽게 닦아내듯이 피부를 정돈 시켜 주세요,Skincare,Skin Toner
[수분진정/약산성] 디퍼 히알루론산 히알큐브 수분 토너 300ml,18800,제조일로부터 3년,세안 후 적당량을 덜어 피부에 두드려 흡수시켜 줍니다.,Skincare,Skin Toner
[NEW] 정샘물 에센셜 물 토너 200ml,19550,개봉 후 12개월 이내 사용 권장,세안 후 적당량을 화장솜에 적셔 피부 결을 따라 닦아내듯 발라 줍니다.,Skincare,Skin Toner
[NEW] 아이오페 XMD 스템3 클리니컬 리커버리 소프너 130ml,42300,개봉 전 36개월  개봉 후 24개월,본 품 적당량을 취해 피부에 골고루 펴 바른다.,Skincare,Skin Toner
[장벽탄력] 지피덤 셀트리온 EGF 스킨 베리어 크림 토너 150ml,22600,사용기한 36개월,사용법 적당량을 덜어 피부결을 따라 부드럽게 펴 바른 뒤 가볍게 두드려 흡수시켜줍니다. *평소보다 건조할 때는 2~3회 레이어링 하여 흡수시켜줍니다.,Skincare,Skin Toner
LBB 모이스처라이징 프라임 토너 100ml,33300,제조일로부터 36개월 / 개봉 후 12개월,1. 스킨케어 첫 단계에서 얼굴에 2~3cm 떨어진 상태에서 분사 후 가볍게 두드려 흡수시켜 줍니다. 2. 피부에 보습과 진정이 필요할 때마다 수시로 뿌려줍니다.,Skincare,Skin Toner
[NEW]스킨앤랩 베리어덤 모이스처 부스팅 토너 300ml,18000,제조 후 30개월 / 개봉 후 12개월,기초 첫 단계에서 적당략을 손바닥에 덜어 피부 결을 따라 부드럽게 펴 바르며 흡수시켜 줍니다.,Skincare,Skin Toner
플로디카 리웨이크 모이스트 트리트먼트 150ml,21700,사용기한 36개월,스킨케어 첫 단계에서 적당량을 손에 덜어 피부에 골고루 바른 후 손으로 툭툭 두드려 흡수시켜주세요.,Skincare,Skin Toner
[수분진정] 아비브 어성초 카밍 토너 스킨부스터 200ml,23000,"제조일로부터 24개월, 개봉후 12개월",적당량을 덜어 피부 결을 따라 부드럽게 바른 뒤 가볍게 두드려 흡수시켜 줍니다.,Skincare,Skin Toner
하루하루원더 블랙라이스 히알루로닉 토너 150ml 기획(+30ml),17900,36M/6M,"세안 후, 화장솜에 충분히 적신 뒤 피부결을 따라 닦아내고 가볍게 두드려 흡수시켜 줍니다.",Skincare,Skin Toner
라로슈포제 똘러리앙 울트라 로션 400ML (대용량),49000,제조일로부터 35개월 / 개봉 후 12개월,"아침 저녁, 세안 후 스킨 토너 단계에서 적당량을 화장솜에 덜어 얼굴 전체에 부드럽게 발라줍니다. 특히 피부가 민감하고 건조한 날, 화장솜에 적셔 팩처럼 사용하면 피부 진정 효과 및 촉촉한 보습감을 느낄 수 있습니다.",Skincare,Skin Toner
바이오더마 하이드라비오 토너 500ml,38000,"제조일로부터 3년 이내의 상품을 순차적으로 발송, 개봉 후 6개월",세안 후 화장솜에 적당량을 덜어 피부에 부드럽게 패딩해 줍니다.,Skincare,Skin Toner
[1+1+파우치] 라운드랩 1025 독도토너 300ml 1+1기획 (+누누씨파우치),25900,"제조일로부터 36개월, 개봉 후 12개월","세안 후 적당량을 덜어 화장솜에 충분히 적신 뒤, 피부결을 따라 부드럽게 닦아내어 피부를 정돈시켜줍니다.",Skincare,Skin Toner
[8월 올영픽] 바이오더마 세비엄 로션 200ml,21400,"제조일로부터 3년 이내의 상품을 순차적으로 발송, 개봉 후 6개월 사용 권장","1)아침, 저녁 세안 후 세비엄로션을 화장솜에 적당략을 적셔줍니다. 2)눈가와 입가를 제외한 나머지 부위에 피부 결 방향으로 닦아내듯이 사용합니다.",Skincare,Skin Toner
[NEW/기름종이 토너] 라네즈 젤 크림 스킨 170ml 기획 (+50ml),26400,"제조일로부터 36개월, 개봉 후 12개월 이내 사용","1. 기본 사용법: 아침, 저녁 스킨 사용 단계에서 적당량을 손에 덜어 피부 속부터 채워주듯이 두드리며 흡수시켜줍니다. 2. 유수분 조절 스킨팩으로 활용: 크림 스킨을 화장솜에 적셔 과잉유분 케어 스킨팩으로 활용해보세요.",Skincare,Skin Toner
[NEW] 바이오힐 보 프로바이오덤 3D 리프팅 에센셜 토너 150ml,19900,제조일로부터 36개월,"매일 아침과 저녁, 세안 후 내용물을 적당량 덜어 피부 결을 따라 부드럽게 펴 바른 후 가볍게 두드려 흡수시켜 줍니다.",Skincare,Skin Toner
엠도씨 릴리프 토닉 위드 애프터셰이브 150ml,20000,"■ 제조일로부터 2년이내의 상품을 순차적으로 발송, 유통기한 개봉후 1년",■ 적당량을 취해 피부에 골고루 펴 바릅니다.,Skincare,Skin Toner
케어존 피큐어 포어 튜닝 토너 EX 170ml,13800,"■ 제조일로부터 (36개월/3년) 이내의 상품을 순차적으로 발송, 유통기한 개봉후 12개월",■ 세안 후 적당량을 덜어서 얼굴 전면에 골고루 펴 발라 줍니다,Skincare,Skin Toner
크리니크 안티-블레미쉬 솔루션 클래리파잉 로션 200ml,44000,제조일로부터 36개월,"- 하루 2번, 아침/저녁으로 안티-블레미쉬 클렌징 폼으로 세안한 후, 화장솜에 클래리파잉 로션을 적셔서 눈가와 입가를 제외한 얼굴 전체와 목을 닦아내 줍니다. - 피지 분비가 많은 경우, 제품을 충분히 흔들어 바닥의 파우더를 모두 섞은 후 사용하시고, 피부 표면이 건조한 경우에는 흔들지 않은 상태로 사용하세요.",Skincare,Skin Toner
크리니크 포 맨 엑스폴리에이팅 토닉 200ml,43000,제조일로부터 36개월,- 아침 저녁으로 하루 두번 세안 후에 사용하며 화장솜에 500원 동전크기로 묻힌 후 얼굴전체와 목을 닦아 줍니다. - 눈가와 입가는 제외하고 면도하지 않는 목부분에도 사용하면 좋습니다.,Skincare,Skin Toner
클럽맨피노드 클래식바닐라 에프터쉐이브로션 50ml,9000,"제조일로부터 (36개월/3년)이내의 상품을 순차적으로 발송, 유통기한 개봉후 2년 / 사용기한 제품에 별도 표기",모든 피부에 적합한 제품으로서 세안이나 면도 후 적당량을 손바닥에 덜어 부드럽게 펴 바르고 두드리 듯 흡수시켜줍니다.,Skincare,Skin Toner
코스알엑스 퓨어핏 시카 토너 150ml,10000,상품 발송일 기준으로 사용기한이 18개월 이상 남아있는 제품부터 순차적으로 판매 (유통 기한 36개월 / 개봉 후 12개월 이내 사용 권장),"세안 후 첫 단계에서, 손에 적당량을 덜어 피부에 골고루 펴 바르거나 화장솜에 덜어 피부 결을 따라 닦아줍니다.",Skincare,Skin Toner
싸이닉 더 심플 카밍 토너 더블 기획 (300ml+300ml),30000,"제조일로부터 개봉 전 30개월, 개봉 후 12개월",세안 후 화장솜 또는 손에 적당량을 덜어 피부결을 따라 부드럽게 발라줍니다.,Skincare,Skin Toner
이즈앤트리 히아루론산 토너 더블 기획 (400ml+400ml),40000,제조일로부터 30개월(개봉 후 12개월),세안 후 적당량을 화장솜이나 손에 덜어 얼굴 전체에 가볍게 두드려 흡수시켜줍니다.,Skincare,Skin Toner
[한별두별PICK]폴라초이스 스킨 퍼펙팅 바하 리퀴드 118ml,28000,36개월 / 12개월,"1. 토너 다음 단계에서 하루 한 번혹은 두 번 사용합니다. 2. 화장솜 또는 손바닥에 적당량을 덜어 눈가, 입가를 제외한 얼굴 전체에 바릅니다. 3. 물로 따로 씻어낼 필요가 없습니다. 4. 아침에는 항산화 세럼과 SPF 30 이상의 선스크린을저녁에는 항산화 세럼과 모이스처라이저를 함께 사용하세요.",Skincare,Skin Toner
웰라쥬 리얼 히알루로닉 밀크 필 토너 300ml,29000,제조 후 사용기한 36개월 / 개봉 후 12개월,"세안 후 적당량을 덜어 화장솜에 충분히 적신 뒤, 피부결을 따라 부드럽게 닦아내어 피부를 정돈시켜줍니다.",Skincare,Skin Toner
[각질토너/약산성] 닥터디퍼런트 스케일링 토너 200ml (중건성),19800,"개봉전 30개월, 개봉 후 12개월","세안 후, 적당량을 덜어 부드럽게 펴바르고 두드려 흡수시켜 줍니다.",Skincare,Skin Toner
[모공/각질케어/약산성] 닥터디퍼런트 스케일링 토너 200ml (지성용),19000,"개봉전 30개월, 개봉 후 12개월","세안 후, 적당량을 덜어 부드럽게 펴바르고 두드려 흡수시켜 줍니다.",Skincare,Skin Toner
생블랑쉬 퓨어토너 300ml,32000,제조일로부터 3년 / 개봉일로부터 1년,본제품을 적당량을 취해 피부에 골고루 펴 바른다. *사용전 충분히 흔들어 주세요,Skincare,Skin Toner
원씽 인진쑥 추출물 토너 150ml,9900,"제조일로부터 36개월, 개봉 후 12개월","1. 스킨 : 스킨케어 첫 단계로 화장솜에 추출물을 적셔 피부결을 정돈하거나 미스트 용기에 넣어 수시로 뿌려주세요. 2. 팩 : 화장솜에 추출물을 적셔 집중케어가 필요한 부분(이마, 볼, 턱 등)에 10분간 팩처럼 붙여주세요.",Skincare,Skin Toner
[수분진정/붉은기완화] 원씽 병풀 추출물 토너 150ml,9890,"제조일로부터 24개월, 개봉 후 6개월","1. 스킨 : 스킨케어 첫 단계로 화장솜에 추출물을 적셔 피부결을 정돈하거나 미스트 용기에 넣어 수시로 뿌려주세요. 2. 팩 : 화장솜에 추출물을 적셔 집중케어가 필요한 부분(이마, 볼, 턱 등)에 10분간 팩처럼 붙여주세요.",Skincare,Skin Toner
[화해1위 3관왕] 에스네이처 아쿠아 오아시스 토너 300ml,17010,제조일로부터 3년,"* 닦아내는 토너로 사용 시 : 화장솜에 적당량을 적셔 얼굴 안쪽에서 바깥쪽으로 부드럽게 닦아 피부결 정돈을 해줍니다. * 보습 토너로 사용 시: 손바닥에 적당량을 덜어내어 얼굴에 부드럽게 흡수시켜주면, 산뜻한 수분감을 느낄 수 있습니다.",Skincare,Skin Toner
디오디너리 글리코릭 애시드 7% 엑스폴리에이팅 토너 240ml,16300,개봉 후 12개월(제조연월 별도표기),"이상적으로 저녁에만 사용하시고, 하루 1회 이상 사용하지 마세요. 클렌징 후 화장솜을 포뮬러로 적시고 얼굴과 목을 쓸어줍니다. 눈가를 피하고 눈에 직접 닿지 않도록 주의하세요. 헹궈내지 마세요. 필요에 따라 추가적인 스킨 트리트먼트 제품을 사용하세요. 본 제품의 피부 접촉은 한정된 빈도 또는 기간으로 제한하여 사용합니다. 자극이 발생할 경우 사용을 중단하고 의사와 상의하시기 바랍니다. 손상되지 않은 피부에 지시된 대로만 사용하세요. 사용 전 패치 테스트를 권장합니다. 패치 테스팅 가이드 카드 또는 당사 웹사이트의 패치 테스트 상세 가이드를 참조하세요. 어린이의 손이 닿지 않는 곳에 보관합니다. (광화상 경고: 본 제품은 햇볕에 대한 피부의 민감도를 높이는 알파 하이드록시산(AHA)을 함유하고 있음으로 광화상이 발생할 수 있습니다. 제품 사용 기간과 이후 1주일 동안은 자외선 차단제를 사용하고 피부를 보호하는 을 착용하며 햇볕 노출을 제한하세요.)",Skincare,Skin Toner
디오디너리 랙틱 애시드 10% + HA 30ml,14000,개봉 후 12개월(제조연월 별도표기),하루에 한 번 사용하세요. 저녁에 사용하는 것을 권장합니다. 피부가 내성을 기를 때까지 다른 트리트먼트로 희석하여 사용할 수 있습니다. 눈에 들어가지 않도록 주의하세요. 본 제품의 피부 접촉은 한정된 빈도 또는 기간으로 제한되어야 합니다. 자극이 발생할 경우 사용을 중단하고 의사와 상의하시기 바랍니다. 손상되지 않은 피부에 지시된 대로만 사용하세요. 사용 전 패치 테스트를 권장합니다. 패치 테스팅 가이드 카드 또는 당사 웹사이트의 패치 테스트 상세 가이드를 참조하세요. 어린이의 손이 닿지 않는 곳에 보관하세요. (광화상 경고: 본 제품은 햇볕에 대한 피부의 민감도를 높이는 알파 하이드록시산(AHA)을 함유하고 있음으로 광화상이 발생할 수 있습니다. 제품 사용 기간과 이후 1주일 동안은 자외선 차단제를 사용하고 피부를 보호하는 복장을 착용하며 햇볕 노출에 주의하세요.),Skincare,Skin Toner
마몽드 레티놀 앰플 토너 250ml,17500,제조후 36개월 개봉후 12개월,아침 저녁 세안 후 적당량을 손에 덜어 피부결에 따라 부드럽게 흡수하며 발라줍니다.,Skincare,Skin Toner
닥터브로너스 로즈 발란싱 스킨 소프트너 240ml,23000,제조일자: 상세설명참조/ 사용기한: 제조일자로부터 3년,적당량을 미온수로 바디를 충분히 적셔준 후 풍부한 거품을 내어 마사지하듯 골고루 묻혀준 다음 부드럽게 미온수로 씻어냅니다,Skincare,Skin Toner
피지오겔 레드수딩 시카밸런스 토너 200ml,28000,제조일로부터 36개월,"세안 후, 적당량을 화장솜에 덜어 얼굴 전체에 부드럽게 닦듯이 펴 발라 줍니다.",Skincare,Skin Toner
비오템 비오수르스 중복합성 토너 400ml,66300,이 제품은 사용기한 1년 이상 남은 제품부터 순차적으로 배송됩니다.,"세안 후, 화장솜을 이용하여 부드럽게 피부결을 따라서 정돈해주고, 필요 시 화장 솜에 적셔서 필요 부위에 올려 수분 공급 기능을 극대화 합니다.",Skincare,Skin Toner
글로오아시스 프로바이오틱스 플러스 애프리콧 오일 밀크듀 밸런싱 토너 120ml,39000,제조일로부터 3년(개봉 후 12개월),"세안 후 토너를 화장솜에 묻혀 피부결을 따라 부드럽게 닦아줍니다. 유독 건조한 부위에는 두 번 레이어링하거나, 스킨팩으로 활용해주면 풍부한 보습감을 느낄 수 있습니다.",Skincare,Skin Toner
비마이셀프 C2 워터플럼핑 토너 200ml,23900,제조일로부터 36개월 (개봉 후 12개월),"세안 후 스킨케어 첫 단계에 적당량을 덜어 화장솜을 충분히 적신 뒤, 피부 결을 따라 부드럽게 닦아내어 피부를 정돈시켜 줍니다.",Skincare,Skin Toner
[쿨링진정] 아비브 어성초 카밍 토너 스킨부스터 500ml 기획 (+화장솜 30매 증정),45000,"제조일로부터 24개월, 개봉후 12개월",적당량을 덜어 피부 결을 따라 부드럽게 바른 뒤 가볍게 두드려 흡수시켜 줍니다.,Skincare,Skin Toner
[NEW] 닥터지 레드 블레미쉬 클리어 수딩 토너 300ml+300ml 듀오기획,46000,30개월(개봉 후 12개월 이내 사용을 권장드립니다),"스킨케어 첫 단계에서 화장솜에 내용물을 충분히 취해 피부결을 따라 부드럽게 닦아낸 후, 남은 내용물을 톡톡 두드려 흡수시켜 줍니다",Skincare,Skin Toner
[단독기획]에뛰드 순정 약산성 5.5 진정 토너 700ml 대용량 기획(350ml+리필350ml),23900,개봉전 36개월 / 개봉후 12개월,"세안 후, 손바닥에 내용물을 덜어 펴 바른 후 가볍게 두드려 흡수시켜 주세요. 쉽게 자극받는 피부라면 냉장고에 넣어 차갑게 사용하거나, 화장솜 또는 건시트에 적셔 시트 팩을 하듯 사용해 주세요.",Skincare,Skin Toner
[이동욱PICK] 더마펌 수딩 리페어 토너 R4 200ml+200ml 기획,35000,제조일로부터 36개월 (개봉 후 12 개월),"아침, 저녁 세안 후 손바닥이나 화장솜에 적당량 덜어 피부결에 따라 부드럽게 발라 줍니다.",Skincare,Skin Toner
톤28 플러스마이너스 pH 균형제 (토너)250ml,28700,생산일로부터 30개월,세안 후 물기를 가볍게 제거 후 마르기 전에 제품 적당량을 덜어 부드럽게 펴 발라 흡수시켜 줍니다. 화장솜에 적셔 닦아내는 토너로도 사용 가능합니다.,Skincare,Skin Toner
[쿨링진정] 아비브 어성초 카밍 토너 스킨부스터 250ml 기획(+250ml 리필증정),41000,"제조일로부터 24개월, 개봉후 12개월",적당량을 덜어 피부 결을 따라 부드럽게 바른 뒤 가볍게 두드려 흡수시켜 줍니다.,Skincare,Skin Toner
[온라인용]브링그린 티트리시카수딩토너&크림세트_NEW,20500,"■ 제조일로부터 36개월, 개봉 후 12개월","토너 : 세안 후 화장솜에 내용물을 충분히 덜어 피부결에 따라 닦아내거나, 적당량을 얼굴에 펴 바른 후 톡톡 두드리며 흡수 시켜줍니다. 크림 : 기초 마지막 단계에서 적당량을 취해 얼굴 안쪽에서 바깥쪽으로 부드럽게 바른 후, 지그시 감싸며 흡수시켜줍니다.",Skincare,Skin Toner
[모공/수분] 메디필 히알루론산 레이어 물톡스 토너 300ml 기획 (+크림 미니어처 20g 구성),26000,제조일로부터 30개월 / 개봉 후 12개월,"세안 후, 화장솜을 사용하여 피부 결 안쪽에서 바깥쪽으로 부드럽게 닦아 내듯 펴 바릅니다.",Skincare,Skin Toner
디오디너리 글리코릭 애시드 7% 엑스폴리에이팅 토너 100ml,10900,개봉 후 12개월(제조연월 별도표기),"하루에 한 번 이하로 저녁에 사용해주세요. 세안을 마친 후, 화장솜에 토너를 적신 후 얼굴과 목을 쓸어냅니다. · 민감한 피부, 벗겨지거나 손상된 피부에는 사용을 피해주세요. · 눈가를 비롯한 눈 주위에 직접적으로 닿지 않도록 합니다. · 사용 후 물로 씻어내지 마시고, 필요한 다른 스킨케어 제품을 이어서 사용해주세요. · 제품 사용 빈도 및 시간을 제한해주세요. · 자극이 발생할 경우 사용을 중단하고 의사와 상의하시기 바랍니다. 손상되지 않은 피부에 지시된 대로만 사용하세요. 사용 전 패치 테스트를 권장합니다. 어린이의 손이 닿지 않는 곳에 보관합니다. · 일광화상 주의: 이 제품은 햇빛에 대한 피부의 민감성과 일광화상을 일으킬 수 있는 성분인 알파 하이드록시산(AHA)을 함유하고 있습니다. 제품 사용 시 및 사용 후 일주일 간 자외선 차단제를 사용하고, 햇빛을 차단할 수 있는 옷을 입는 등 햇빛 노출을 최소화해주세요.",Skincare,Skin Toner
[권아름 PICK] 헤이네이처 어성초 스킨 토너 150ml 기획(+카밍 토너패드 5매),18800,제조일로부터 30개월,[토너] 세안 후 어성초 스킨을 1~2회 펌프하여 흡수시켜 줍니다. [토너패드] 세안 후 진정이 필요한 부분에 부착 후 10~15분 후에 떼어냅니다.,Skincare,Skin Toner
슬로소피 뉴티놀 토너 150ml,26600,제조일로부터 30개월,세안 후  물기를 가볍게 닦고 본 품을 적당량 취해 피부 결을 따라 가볍게 문지르듯 톡톡 두드려 흡수시켜줍니다.,Skincare,Skin Toner
랩시리즈 데일리 레스큐 워터로션 200ml 기획세트 (+워터로션 30ml*2),62000,제조일로부터 36개월,매일 아침과 저녁 세안 혹은 면도 후 깨끗한 얼굴과 목 부위에 발라줍니다.,Skincare,Skin Toner
[매끈결] 아비브 부활초 파하 토너 스킨부스터 200ml,16100,"제조일로부터 36개월, 개봉후 12개월","세안 후, 손바닥에 덜어 피부결을 따라 부드럽게 흡수시켜 줍니다.",Skincare,Skin Toner
한율 어린쑥 수분진정 토너 150ml 기획 (+50ml+띠부씰3종) (이슬로) (2404),21600,"사용기한 36개월, 개봉후 12개월 이내 사용","내용물을 얼굴과 목 피부에 펴 바르거나, 화장솜에 덜어 얼굴 안쪽에서 바깥쪽으로 부드럽게 닦아낸 후, 남은 내용물을 톡톡 두드려 흡수시켜 주세요.",Skincare,Skin Toner
더바디샵 티트리 스킨 클리어링 토너 250ML,26600,발송일 기준 최대 28개월 이내 제조된 제품으로 발송; 제조일로부터 36개월 이내 사용,화장솜에 충분한 양을 덜어줍니다. 얼굴 전체를 부드럽게 닦아 피부 결을 정리해 줍니다.,Skincare,Skin Toner
[수분진정] 한율X둘리 어린쑥 토너 (150ml+50ml+스티커10매),21600,"사용기한 36개월, 개봉후 12개월 이내 사용","내용물을 얼굴과 목 피부에 펴 바르거나, 화장솜에 덜어 얼굴 안쪽에서 바깥쪽으로 부드럽게 닦아낸 후, 남은 내용물을 톡톡 두드려 흡수시켜 주세요.",Skincare,Skin Toner
더샘 클래식 옴므 토너/에멀전 택1,19600,제조일로부터 36개월,"세안 또는 면도 후, 적당량을 덜어내어 얼굴 안쪽에서 바깥쪽으로 부드럽게 펴 바르고 충분히 흡수시켜 줍니다.",Skincare,Skin Toner
[한정기획/미스트펌프 증정] 라네즈 크림스킨 170ml 기획 (+130ml 리필+미스트펌프),26400,"제조일로부터 36개월, 개봉 후 12개월 이내 사용","1. 기본 사용법: 아침, 저녁 스킨 사용 단계에서 적당량을 손에 덜어 피부 속부터 채워주듯이 두드리며 흡수시켜줍니다. 2. 보습 스킨팩으로 호라용: 크림 스킨을 화장솜에 적셔 보습 스킨팩으로 활용해보세요.",Skincare,Skin Toner
반코르 닥터 세라마이드 토너 150ml,17850,제조일로부터 2년,적당량을 덜어 가볍게 두드리며 흡수시켜 줍니다.,Skincare,Skin Toner
키엘 칼렌듈라 허벌 엑스트렉트 토너 125ml,29700,개봉 후 12개월,화장솜에 적당량을 덜어 눈가를 피해서 얼굴 안쪽에서 바깥쪽으로 닦아내듯이 발라주세요.,Skincare,Skin Toner
키엘 칼렌듈라 허벌 엑스트렉트 토너 250ml,64000,개봉 후 12개월,화장솜에 적당량을 덜어 눈가를 피해서 얼굴 안쪽에서 바깥쪽으로 닦아내듯이 발라주세요.,Skincare,Skin Toner
[2년연속1등/본품증정] 라운드랩 1025 독도 토너 500ml 어워즈 기획 (+200ml+동백 크림10ml),29800,"제조일로부터 36개월, 개봉 후 12개월 이내 사용","세안 후 적당량을 덜어 화장솜에 충분히 적신 뒤, 피부결을 따라 부드럽게 닦아내어 피부를 정돈시켜줍니다.",Skincare,Skin Toner
[각질개선율191%]리쥬란 더마 힐러 모이스처 트리트먼트 토너 150ml,25200,제조일로부터 30개월,세안 후 토너를 얼굴 피부결을 따라 부드럽게 펴 발라 흡수시켜 줍니다.,Skincare,Skin Toner
[본품 증정]바이오더마 하이드라비오 토너 250ml 1+1 기획,18850,"제조일로부터 3년 이내의 상품을 순차적으로 발송, 개봉 후 12개월",세안 후 화장솜에 적당량을 덜어 피부에 부드럽게 패딩해 줍니다.,Skincare,Skin Toner
키엘 칼렌듈라 허벌 엑스트렉트 토너 (125ml/250ml),29700,개봉 후 12개월,화장솜에 적당량을 덜어 눈가를 피해서 얼굴 안쪽에서 바깥쪽으로 닦아내듯이 발라주세요.,Skincare,Skin Toner
[8월올영픽/쿨링진정] 아비브 어성초 흔적 에센스 패드 클리어터치 140매 (70매+70매 리필),25900,"개봉전 36개월, 개봉후 12개월",1. 뚜껑을 열어 내장된 집게로 패드 1장을 꺼냅니다. 2. 눈가를 제외한 얼굴 전체를 피부결을 따라 부드럽게 닦아내어 피부를 진정시켜 줍니다. 3. 사용 후 패드가 마르지 않도록 뚜껑을 정확히 닫아 밀봉해 줍니다. *긴급 진정이 필요한 부위에는 마스크팩처럼 올려두어 사용해주세요.,maskpack,Pad
[58관왕/200매] 메디힐 네모패드 100+100매 더블기획 8종 골라담기,28400,제조 후 36개월,고민 부위에 부착한 후 피부 결을 따라 부드럽게 닦아줍니다.,maskpack,Pad
[1+1한정기획/열감진정] 스킨푸드 캐롯 카로틴 카밍 워터 패드 60매 더블기획 (본품+본품),26900,제조일로부터 36개월/개봉후 사용기한 6개월,1. 세안 후 양볼 또는 진정이 필요한 부위에 부착해 줍니다. 2. 약 5~10분 후 눈가를 제외한 얼굴 전체를 부드럽게 닦아내고 남아있는 에센스를 가볍게 두드려 흡수시켜 주세요.,maskpack,Pad
[20매추가증정] 셀퓨전씨 포스트 알파 쿨링 패드 70매 (+20매) 태닝 마이멜로디 기획,14900,30개월 (개봉후 6개월),"쿨링 패드는 쿨링 및 진정 효과가 필요한 부위에 팩부터 토너패드까지 다양하게 사용 가능합니다. *쿨링팩으로 사용 시, 열감으로 달아오른 고민 부위에 패드를 올려둔 뒤, 약 5~10분 후 떼어내고 피부에 남은 에센스를 가볍게 두드려 흡수시켜 줍니다. *토너패드로 사용 시, 세안 후 눈 주위를 제외한 얼굴 전체를 피부 결을 따라 부드럽게 닦아줍니다.",maskpack,Pad
[7월 올영픽/마켓백 증정] 메디힐 PDRN 모공 탄력 패드 100+100매 태닝 쿠로미 한정 기획,28900,제조 후 36M,"고민 부위에 패드를 늘려 붙인 후, 약 5~10분 후 패드를 제거한 다음 남은 에센스를 가볍게 두드려 흡수시켜 줍니다.",maskpack,Pad
[58관왕 No.1] 메디힐 네모패드 100매 8종 피부 고민별 골라담기,17500,제조 후 36개월,고민 부위에 부착한 후 피부 결을 따라 부드럽게 닦아줍니다.,maskpack,Pad
[대용량/단독기획] 메디큐브 토너패드 리필기획 3종 택1(제로모공/시카/딥),33000,"제조일로부터 3년, 개봉 후 12개월",1. 세안 후 기초 케어 첫 단계에서 엠보싱 면으로 눈가와 입가를 제외한 얼굴 전체를 피부결 방향으로 부드럽게 닦아냅니다. 2. 패드의 반대 쪽 부드러운 면으로 한 번 더 닦아주어 피부결을 정돈합니다. 3. 사용 후 남아있는 토너는 가볍게 두드려 흡수시켜 줍니다. * 패드가 마르지 않도록 뚜껑을 닫아 밀봉하여 보관합니다.,maskpack,Pad
[모공탄력/수분진정] 바이오던스 겔 토너 패드 60매 기획(+4매 증정) (콜라겐/세라놀),26000,제조일로부터 30개월 / 개봉 후 12개월 이내,세안 후 스킨케어 첫 단계에서 눈가를 제외한 얼굴 전체를 피부결 방향으로 부드럽게 닦아냅니다.,maskpack,Pad
에스트라 에이시카365 쿨링진정패드 pH4.5 60매,19600,36개월 (개봉 후 1년),1. 뚜껑을 열어 내장된 집게를 이용해 패드를 꺼내줍니다. 2. 진정이 필요한 부위에 패드를 마스크 팩처럼 올려줍니다. 3. 패드가 마르지 않도록 뚜껑을 잘 닫아 줍니다.,maskpack,Pad
[1+1] 토리든 패드 다이브인/밸런스풀 리필기획 2종 택 1(수분/진정),38000,별도표기 / 36개월 (개봉 후 6개월),건조하고 진정이 필요한 부위에 부착해 줍니다. 약 3~5분 후 눈가를 피하여 피부결을 따라 부드럽게 닦아내고 남아있는 에센스는 가볍게 두드려 흡수시켜 줍니다.,maskpack,Pad
넘버즈인 1번 시카 갈아만든 초록패드 70매 기획 (+70매 리필) (태닝 포차코),27800,제조일로부터 30개월 / 개봉 후 6개월,"세안 후 눈 주위를 피해 피부결을 따라 안쪽에서 바깥으로 닦아줍니다. 진정이 필요할 경우, 눈가를 피해 피부에 잘 밀착시키고 3~5분 동안 팩을 해줍니다. 사용 후 패드가 마르지 않도록 뚜껑을 꽉 닫아 보관해주세요.",maskpack,Pad
[쿨링진정] 아비브 어성초 흔적 에센스 패드 클리어터치 70매,24000,"개봉전 36개월, 개봉후 12개월",1. 뚜껑을 열어 내장된 집게로 패드 1장을 꺼냅니다. 2. 눈가를 제외한 얼굴 전체를 피부결을 따라 부드럽게 닦아내어 피부를 진정시켜 줍니다. 3. 사용 후 패드가 마르지 않도록 뚜껑을 정확히 닫아 밀봉해 줍니다. *긴급 진정이 필요한 부위에는 마스크팩처럼 올려두어 사용해주세요.,maskpack,Pad
[스누피 파우치 증정] 아누아 어성초 77 클리어 패드 70매 스누피 한정 기획세트 (+70매 리필 +스누피 파우치),29900,제조일로부터 36개월  / 개봉일로부터 12개월,1. 기초 케어 첫 단계에서 눈과 입가를 제외한 얼굴 전체를 피부결 방향으로 부드럽게 닦아냅니다. 2. 사용 후 패드가 마르지 않도록 뚜껑을 완전히 닫아 밀봉해줍니다.,maskpack,Pad
[대용량180매/34관왕] 코스알엑스 원스텝 패드 90매 더블기획 3종 중 택1,23000,제조일로부터 36개월(개봉 후 12개월)이내,1. 세안 후 엠보싱 면으로 눈가를 제외한 얼굴 전체에 피부결 방향으로 부드럽게 닦아냅니다. 2. 패드를 반대로 뒤집어 부드러운 면으로 피부결 방향으로 닦아주며 정돈시켜 줍니다. 3. 사용 후 패드가 마르지 않도록 뚜껑을 정확히 닫아 밀봉해 줍니다.,maskpack,Pad
[단독기획/추가증정] 셀리맥스 브라이트닝 모공잡티패드 40매 (+10매 증정기획),15900,제조일자로부터 30개월/ 개봉 후 12개월,"1. 세안 후 피부결을 따라 안쪽에서 바깥으로 닦아줍니다. 2. 집중 케어가 필요할 때, 모공잡티가 고민인 부위에 마스크팩처럼 올려두고 3~5분 후 패드를 제거합니다. *패드를 양손으로 가볍게 잡아당겨 얼굴 굴곡에 맞게 늘려서 사용해 보세요. 3. 피부에 남아있는 내용물을 가볍게 두드려 흡수시켜 줍니다.",maskpack,Pad
[수분밀착] 라운드랩 자작나무 수분 패드 더블 기획 (80매+80매),34000,"제조일로부터 36개월, 개봉 후 6개월 이내 사용","세안 후 피부 결을 따라 가볍게 닦아내고, 수분 진정이 필요한 피부 고민 부위에 올려 3~5분간 집중 케어해 줍니다. 남아 있는 내용물은 가볍게 두드려 흡수시켜 줍니다.",maskpack,Pad
[쿨링진정] 듀이트리 AC 딥 진정 모공 패드 60매 기획세트,18000,제조일로부터 30개월,스킨케어 첫 단계에서 초록 극세사 면으로 피부를 부드럽게 닦아 냅니다. TIP 1. 패드 뒷면의 순면으로 피부 결을 정돈한 뒤에 남아 있는 에센스는 가볍게 두드려 흡수시켜 줍니다. TIP 2. 진정이 필요한 부위에 1~5분 정도 올려놓은 후 떼어내어 피부에 남은 내용물을 가볍게 흡수시켜 줍니다.,maskpack,Pad
[모공케어/도경수pick] 더마토리 살리시닉 포어 클리어 블랙 모공 토너패드 70매 기획 (+휴대용 10매 증정),26000,개봉 전 36개월 개봉 후 12개월,'세안 후 첫 단계에서 눈가와 입가를 제외한 얼굴 전체를 피부결 방향으로 부드럽게 닦아줍니다. *패드가 마르지 않도록 뚜껑을 닫아 밀봉하고 세워서 보관해 줍니다.,maskpack,Pad
브링그린 티트리시카트러블수딩토너패드 90매+90매 리필기획 /단품,22400,"■ [본품] 제조일로부터 30개월, 개봉 후 12개월 / [리필] 제조일로부터 30개월, 개봉 후 즉시","아침 저녁, 세안 후 스킨케어 첫 단계에서 눈가를 제외한 얼굴 전체를 피부결 방향으로 부드럽게 닦아냅니다. 빠른 진정이 필요한 부위에 패드를 올리고 3-5분간 집중 케어해줍니다.",maskpack,Pad
[단독기획/추가증정] 셀리맥스 시카 지우개 패드 80매 기획세트,17900,제조일로부터 30개월 / 개봉후 12개월,"1. 양면 패드로 얼굴 전체를 부드럽게 닦아 각질, 피지, 노폐물을 제거해 주세요. 2. 얼굴을 가볍게 두드려서 피부에 남아있는 토너를 완전히 흡수시켜 주세요.",maskpack,Pad
[각질/피지] 스트라이덱스 센시티브 패드 90매,10420,제조일로부터 24개월,- 본 제품을 사용하기 전에 피부를 깨끗하게 세안 하십시오. - 패드를 눈가와 입술 및 예민한 부분을 제외한 트러블이 있는곳에 매일 2-3회 사용하십시오. - 피부의 건조함이 발생할 수 있으므로 사용 횟수를 서서히 늘려가는것을 추천해 드립니다.,maskpack,Pad
아누아 8 히알루론산 카테킨 카밍 패드 110매,17700,30개월 / 6개월,1. 고민 부위에 밀착시켜 5-10분 정도 팩처럼 사용 후 피부 결을 따라 부드럽게 닦아줍니다. 2. 사용 후 패드가 마르지 않도록 뚜껑을 완전히 닫아 밀봉해줍니다.,maskpack,Pad
[추가증정] 넘버즈인 토너패드 증정기획 4종 중 택 1(1번/3번/4번/5번),19500,제조일로부터 30개월 / 개봉 후 6개월,"세안 후 눈 주위를 피해 피부결을 따라 안쪽에서 바깥으로 닦아줍니다. 진정이 필요할 경우, 눈가를 피해 피부에 잘 밀착시키고 3~5분 동안 팩을 해줍니다. 사용 후 패드가 마르지 않도록 뚜껑을 꽉 닫아 보관해주세요.",maskpack,Pad
[8월 올영픽] 구달 청귤 비타C 잡티케어 패드 알파 70매 기획 (+70매 리필증정),24900,개봉 전 36개월,"아침 저녁, 세안 후 눈가를 제외한 얼굴 전체에 피부결 방향으로 부드럽게 닦아냅니다. * 1일 2회 , 토너 대용으로 사용하시고 별도의 세안이 필요없습니다. * 얼굴 외 바디용으로 부드럽게 닦아내셔도 됩니다.",maskpack,Pad
[모공각질/블랙헤드] 메디큐브 제로 모공 패드 2.0 70매,17900,"제조일로부터 3년, 개봉 후 12개월",1. 세안 후 기초 케어 첫 단계에서 엠보싱 면으로 눈가와 입가를 제외한 얼굴 전체를 피부결 방향으로 부드럽게 닦아냅니다. 2. 패드의 반대 쪽 부드러운 면으로 한 번 더 닦아주어 피부결을 정돈합니다. 3. 사용 후 남아있는 토너는 가볍게 두드려 흡수시켜 줍니다. * 패드가 마르지 않도록 뚜껑을 닫아 밀봉하여 보관합니다.,maskpack,Pad
[이채연PICK/미백잡티] 메디큐브 PDRN 핑크 콜라겐 겔 토너 패드 70매,24500,"개봉전 30개월, 개봉후 12개월",1. 세안 후 기초 케어 첫 단계에서 눈가와 입가를 제외한 얼굴 전체를 피부 결 방향으로 부드럽게 닦아냅니다. 2. 집중 케어가 필요한 부위에는 팩처럼 올려두면 진정 및 수분 케어 효과가 좋습니다. 3. 사용 후 남아있는 토너는 가볍게 두드려 흡수시켜 줍니다. * 패드가 마르지 않도록 뚜껑을 닫아 밀봉하여 보관합니다.,maskpack,Pad
[1+1한정기획/흔적진정] 스킨푸드 감자 마데카소사이드 수딩 패드 60매 더블기획 (본품+본품),26900,제조연월 : 발송일로부터 1년이내 제조 / 사용기한 : 제조일로부터 36개월,부드럽게 닦아내거나 케어가 필요한 부위에 팩처럼 사용하세요.,maskpack,Pad
[4년연속수상/단독기획] 스킨푸드 캐롯 카로틴 카밍 워터 패드 기획(60매+30매 증정),32000,제조일로부터 36개월/개봉후 사용기한 6개월,1. 세안 후 양볼 또는 진정이 필요한 부위에 부착해 줍니다. 2. 약 5~10분 후 눈가를 제외한 얼굴 전체를 부드럽게 닦아내고 남아있는 에센스를 가볍게 두드려 흡수시켜 주세요.,maskpack,Pad
[여드름/좁쌀] 스트라이덱스 맥스플러스패드 55매,9670,24개월,- 본 제품을 사용하기 전에 피부를 깨끗하게 세안 하십시오. - 패드를 눈가와 입술 및 예민한 부분을 제외한 트러블이 있는곳에 매일 2-3회 사용하십시오. - 피부의 건조함이 발생할 수 있으므로 사용 횟수를 서서히 늘려가는것을 추천해 드립니다.,maskpack,Pad
[대용량] 듀이트리 픽앤퀵 뜯어쓰는 더블 패드 100매 (화장발/카밍풀/모공탄력/비타광채),17500,개봉전 36개월,"세안 후 눈 주위를 피해 피부결 방향으로 부드럽게 닦아준 뒤, 필요한 부위에 마스크팩처럼 3-5분 부착해 사용하고 뗴어낸 다음에 남아있는 에센스를 가볍게 두드려 흡수시켜 줍니다.",maskpack,Pad
[단독 90매 대용량] 코스알엑스 원스텝 패드 90매 3종 중 택1,19000,제조일로부터 36개월(개봉 후 12개월)이내,1. 세안 후 엠보싱 면으로 눈가를 제외한 얼굴 전체에 피부결 방향으로 부드럽게 닦아냅니다. 2. 패드를 반대로 뒤집어 부드러운 면으로 피부결 방향으로 닦아주며 정돈시켜 줍니다. 3. 사용 후 패드가 마르지 않도록 뚜껑을 정확히 닫아 밀봉해 줍니다.,maskpack,Pad
이즈앤트리 어니언 뉴페어 클리어 패드 60매 (+20매 리필 증정기획),15900,개봉전 30개월 개봉후 6개월,세안 후 눈가를 제외한 얼굴 전체에 피부 결 방향으로 부드럽게 닦아 낸 뒤 피부에 남은 에센세는 가볍게 두드려 흡수시켜줍니다. 집중 케어가 필요한 부위에는 마스크팩처럼 올려 사용해 줍니다,maskpack,Pad
[스티치에디션] 구달 어성초 히알루론 수딩 클리어 패드 70매 기획 (+70매 리필+장바구니),26500,개봉 전 36개월 개봉 후 12개월,"세안 후 고민 부위에 부착한 후, 눈가와 입 주변을 제외한 피부결을 따라 부드럽게 닦아냅니다. *패드가 마르지 않도록 뚜껑을 정확히 닫아 밀봉하고, 에센스가 새지 않도록 세워서 보관해줍니다.",maskpack,Pad
[대용량/미백토닝] 메디큐브 딥 비타 씨 패드 리필기획 (70매+70매),33000,"제조일로부터 3년, 개봉 후 12개월",1. 세안 후 기초 케어 첫 단계에서 엠보싱 면으로 눈가와 입가를 제외한 얼굴 전체를 피부 결 방향으로 부드럽게 닦아냅니다. 2. 패드의 반대쪽 부드러운 면으로 한번 더 닦아주어 피부 결을 정돈합니다. 3. 사용 후 남아있는 토너는 가볍게 두드려 흡수시켜 줍니다. *패드가 마르지 않도록 뚜껑을 닫아 밀봉하여 보관합니다.,maskpack,Pad
[각질/피지] 스트라이덱스 센시티브 패드 더블 기획 (90매+90매),26700,제조일로부터 2년/제품 별도 표기 ex)00월00년000제조번호,- 본 제품을 사용하기 전에 피부를 깨끗하게 세안 하십시오. - 패드를 눈가와 입술 및 예민한 부분을 제외한 트러블이 있는곳에 매일 2-3회 사용하십시오. - 피부의 건조함이 발생할 수 있으므로 사용 횟수를 서서히 늘려가는것을 추천해 드립니다.,maskpack,Pad
스킨1004 마다가스카르 센텔라 퀵카밍 패드,27000,제조 후 36개월 (개봉 후 6개월),"시트를 양 볼과 이마 등 빠른 진정이 필요한 부위에 올려둔 뒤, 약 3~5분 후 떼어내고 피부에 남은 에센스는 가볍게 두드려 흡수시켜줍니다. *개봉 후, 동봉된 리드와 집게를 용기에 넣어 편리하게 사용하세요.",maskpack,Pad
[NEW/단독기획] 셀리맥스 어성초 바하 지우개 필링 패드 60매 (+10매 증정기획),11500,제조일자로부터 3년,"1. 엠보면으로 얼굴 전체를 부드럽게 닦아 각질, 피지 등 모공 속 노폐물을 제거하세요. 2. 거즈면으로 코 옆, 턱 등 고민 부위를 한 번 더 닦아 묵은 각질을 제거해 주세요. 3. 얼굴에 남아있는 토너를 두드려 흡수시켜 주세요.",maskpack,Pad
[빙하수쿨링패드/화잘먹치트키] 셀퓨전씨 포스트 알파 쿨링 패드 70매,23000,사용기한 30개월 개봉후 사용기한 6개월이에요,"쿨링 패드는 쿨링 및 진정 효과가 필요한 부위에 팩부터 토너패드까지 다양하게 사용 가능합니다. *쿨링패드로 사용 시, 열감으로 달아오른 고민 부위에 패드를 올려둔 뒤, 약 5~10분 후 떼어내고 피부에 남은 에센스를 가볍게 두드려 흡수시켜 줍니다. 이마, 코 등 국소 부위는 시트를 반으로 나누어 사용해도 좋습니다.",maskpack,Pad
더랩바이블랑두 그린 플라보노이드 2.5 패드 90매 기획 (+12매),23000,개봉 후 6개월/ 제조일로부터 3년,"내장된 집게로 패드를 꺼내어 양 볼과 이마 등 고민 부위에 올려둔 뒤, 약 5~10분 후 피부에 남은 에센스를 가볍게 두드려 흡수시켜 줍니다. 사용 후 패드가 마르지 않도록 뚜껑을 닫아 밀봉해 줍니다.",maskpack,Pad
바이오힐 보 패드 3종 골라담기 (판테셀/콜라겐/비타시너지),16800,제조일로부터 36개월,"[판테셀 리페어 시카좀 겔링패드] 스킨케어 첫 단계에서 민감하고 수분 충전이 필요한 부위에 마스크팩처럼 올려둡니다. 약 5-10분 후 패드를 떼어낸 후 가볍게 두드려 흡수시켜줍니다. [프로바이오덤 콜라겐 리모델링 세럼 패드] 1. 세안 후, 엠보싱 면을 이용하여 눈가를 제외한 얼굴 전체를 부드럽게 닦아냅니다. 2. 패드를 뒤집어 부드러운 면을 피부에 올려 팩처럼 사용하고 남은 에센스는 흡수시킵니다. 3. 패드가 마르지 않도록 사용 후 뚜껑을 닫아주세요. TIP) 볼, 이마, 목 등 넓은 부위에는 시트 전체를 사용하고, 눈 밑, 턱 등 좁은 부위에는 2등분하여 사용하세요. [비타시너지 기미잡티 토닝 세럼 패드] 1. 세안 후, 엠보면을 이용하여 눈가를 제외한 얼굴 전체를 부드럽게 닦아냅니다. 2. 패드를 뒤집어 부드러운 면을 피부에 올려 팩처럼 사용하고 남은 에센스는 흡수시킵니다. TIP) 볼, 이마, 목 등 넓은 부위에는 시트 전체를 사용하고, 눈 밑, 턱 등 좁은 부위에는 2등분 하여 사용하세요.",maskpack,Pad
[NEW] 바이오힐 보 판테셀 리페어 시카좀 겔링패드 80매,16800,제조일로부터 36개월,스킨케어 첫 단계에서 민감하고 수분 충전이 필요한 부위에 마스크팩처럼 올려둡니다. 약 5-10분 후 패드를 떼어낸 후 가볍게 두드려 흡수시켜줍니다.,maskpack,Pad
[2024 어워즈]아비브 수분초 히알루론 패드 하이드레이팅 터치 75매 어워즈 기획 (+리필 75매+수분초스티커 1매),40000,개봉 전 36개월/개봉 후 6개월,1. 뚜껑을 열어 내장된 집게로 패드 1장을 꺼냅니다. 2. 눈가를 제외한 얼굴 전체를 피부결을 따라 부드럽게 닦아내어 수분은 채워주고 매끄럽게 피부결을 정돈해주세요. 3. 사용 후 패드가 마르지 않도록 뚜껑을 정확히 닫아 밀봉해 줍니다. *긴급 수분충전이 필요한 부위에는 마스크팩처럼 올려두어 사용해주세요.,maskpack,Pad
[모공각질케어] 아이오페 스킨 부스터 앰플 필 패드 5+1매 기획,20000,개봉 전 24개월 개봉 후 즉시,(STEP 1) 세안 후 물기가 없는 상태에서 엠보싱 면으로 눈 주위를 제외하고 얼굴 전체를 쓸어줍니다. (STEP 2) 스텝1 패드 사용 후 약 5분 뒤 스텝2 패드를 사용하여 얼굴 전체를 부드럽게 닦아주세요 남은 내용물을 두드리며 흡수시켜 주세요,maskpack,Pad
[화해 트러블1위] 피캄 베리어 사이클 토너패드 60매 (+60매 리필기획),33500,"제조일로부터 36개월, 개봉 후 12개월 이내 사용 권장",1. 세안 후 엠보싱 면으로 눈가를 제외한 얼굴 전체에 피부결 방향으로 부드럽게 닦아냅니다. 2. 패드를 반대로 뒤집어 부드러운 면으로 피부결 뱡향으로 닦아주며 정돈시켜 줍니다. 3. 사용 후 패드가 마르지 않도록 뚜껑을 정확히 닫아 밀봉해 줍니다.,maskpack,Pad
[모공/진정] 동국제약 센텔리안24 마데카 리얼 그린 포어 패드 60매 (병풀 패드),28000,개봉 전,1. 피부 진정이 필요한 부위에 초록 패드면을 밀착시켜 올려둡니다. 2. 피부가 진정되면 반대편 하얀 패드면으로 부드럽게 닦아냅니다. TIP. 패드 칼선을 따라 이등분하여 피부 고민 부위에 맞춰 집중 케어해줍니다.,maskpack,Pad
아누아 피디알엔 100 히알루론산 글로우 패드 60매,18500,제조일로부터 30개월,1. 세안 후 기초 케어 첫 단계에서 눈가와 입가를 제외한 얼굴 전체를 피부 결 방향으로 부드럽게 닦아냅니다. 2. 사용 후 패드가 마르지 않도록 뚜껑을 정확히 닫아 밀봉해 줍니다.,maskpack,Pad
[8월 올영픽/트러블진정] 한율 어린쑥 수분진정 패드 기획 (60매+10매),17800,"사용기한 36개월, 개봉후 12개월 이내 사용",아침 저녁으로 세안 후 눈 밑 다크서클부터 잡티 흔적이 고민되는 볼 광대 애플존에 초밀착 시켜 5-10분간 집중 케어할 수 있습니다. 패드를 떼어낸 후 얼굴 전체를 부드럽게 닦아내고 남아 있는 에센스는 가볍게 두드려 흡수시켜 줍니다.,maskpack,Pad
[청정모공] 아비브 그린 LHA 모공 패드 클리어 터치 60매,24000,"제조일로부터 36개월, 개봉후 12개월","세안 후 얼굴 전체를 부드럽게 닦아 피부 결을 정돈합니다. 콧방울, 이마, 턱 등 각질이 쌓이기 쉬운 부분은 한 번 더 꼼꼼히 닦아냅니다.",maskpack,Pad
니들리 데일리 토너 패드 80매 (+20매 증정기획) (OY단독),24900,개봉후 사용기한 6개월,"1. 세안 후, 엠보면으로 부드럽게 닦아내어 피부결을 정돈합니다. 2. 매끈한 면으로 한 번 더 닦아낸 뒤 가볍게 두드려 흡수시켜 줍니다.",maskpack,Pad
[톤업잡티] 이니스프리 비타민C 패드 60매 기획 (+리필패드 10매),19600,제조일로부터 24개월 / 개봉후 3개월 (상품 발송일 기준으로 사용기한이 1년 이상 남은 상품만을 판매합니다),본품을 피부에 붙이고 10~20분 후 지지체를 제거한 다음 남은 제품을 골고루 펴 바른다.,maskpack,Pad
[수분캐치/진정패드] 구달 어성초 히알루론 수딩 클리어 패드 70매 더블기획 (+70매 리필),26500,개봉 전 36개월 개봉 후 12개월,"세안 후 고민 부위에 부착한 후, 눈가와 입 주변을 제외한 피부결을 따라 부드럽게 닦아냅니다. *패드가 마르지 않도록 뚜껑을 정확히 닫아 밀봉하고, 에센스가 새지 않도록 세워서 보관해줍니다.",maskpack,Pad
[비타톤업/트러블진정] 바이오던스 겔 토너 패드 60매 (씨켈프/비타),19900,제조일로부터 30개월 / 개봉 후 12개월 이내.,"세안 후 스킨케어 첫 단계에서 눈가를 제외한 얼굴 전체를 피부결 방향으로 부드럽게 닦아냅니다. TIP) 집중 보습이 필요한 부위에 패드를 올리고 토너 팩으로 사용해보세요. *패드가 마르지 않도록 뚜껑을 정확히 닫아 밀봉하고, 에센스가 새지 않도록 세워서 보관해 줍니다.",maskpack,Pad
[대용량/요철진정] 메디큐브 엑소좀 시카 패드 리필기획 (100매+100매),33000,"개봉전 36개월, 개봉후 12개월",1. 세안 후 기초 케어 첫 단계에서 눈가와 입가를 제외한 얼굴 전체를 피부 결 방향으로 부드럽게 닦아냅니다. 2. 집중 케어가 필요한 부위에는 팩처럼 올려두면 진정 및 수분 케어 효과가 좋습니다. 3. 사용 후 남아있는 토너는 가볍게 두드려 흡수시켜 줍니다.,maskpack,Pad
[응급진정패드] 아이소이 아크니닥터 1st 스팟 패드 60매,19000,"제조일자로부터 3년, 개봉 후 6개월 사용권장","집중케어가 필요한 부위에 3분 가량 붙여둔 후, 뒤집어 볼록패드면으로 피부결을 따라 부드럽게 닦아냅니다.",maskpack,Pad
[리뉴얼/열감진정] 더마토리 시카 엑소좀 흔적 진정 거즈 토너패드 70매+10매 기획,26000,개봉 전 36개월 개봉 후 12개월,'수딩 면을 진정이 필요한 부위에 부착한 후 반대쪽 거즈 면으로 부드럽게 닦아 피부결을 정돈해 줍니다.,maskpack,Pad
[모공PDRN/피부결리셋] 리쥬란 더마 힐러 포어 타이트닝 토너 패드 60매 더블 기획(본품 60매+리필 60매),45000,제조일로부터 24개월,"세안 후, 패드로 피부 결을 따라 부드럽게 닦아 낸 후 에센스를 흡수시켜줍니다. 특히 모공 고민이 큰 부위에는 팩으로 사용하여 집중적으로 케어해줍니다.",maskpack,Pad
토리든 다이브인/밸런스풀 패드 증정기획 2종 택 1 (+10매 증정)(수분/진정),16100,상품 발송일 기준으로 사용기한이 12개월 이상 남은 상품만을 판매합니다.,"1) 뚜껑을 열어 내장된 집게로 패드를 집어 꺼냅니다. 2) 눈가를 피하여 피부결을 따라 멀티 패드 1장으로 부드럽게 닦아 냅니다. 3) 남은 에센스는 두드려 흡수 시켜 줍니다. Tip : 양 볼, 이미, 턱 부위 등 특히 건조한 부위에는 3-5분 올려두면 보습 진정 효과가 더 좋습니다.",maskpack,Pad
[NEW] 브링그린 슈퍼레몬글루타치온토너패드 90매 리필기획(+90매),37800,"■ 제조일로부터 30개월, 개봉 후 6개월","■ 아침 저녁 세안 후, 고민 부위에 부착한 뒤 피부 결을 따라 부드럽게 닦아내줍니다.",maskpack,Pad
[수분촉촉/각질정돈]비건이펙트 청보리 LHA 토너패드,20000,제조일로 부터 36개월 / 개봉 후 12개월,1. 세안 후 엠보싱 면으로 눈가를 제외한 얼굴 전체에 피부결을 따라 부드럽게 닦아줍니다. 2. 패드를 뒤집어 매끄러운 면으로 피부 결을 닦아주며 정돈시켜 줍니다. 3. 피부에 남은 내용물을 가볍게 두드려 흡수시켜 줍니다.,maskpack,Pad
[잡티/진정] 듀이트리 AC 딥 흔적 진정 잡티 패드 80매,18000,"제조 후 30개월, 개봉 후 12개월",세안 후 스킨케어 첫 단계에서 피부 결을 따라 얼굴 전체를 부드럽게 닦아낸 뒤 집중케어가 필요한 부위에 패드를 부착하여 3-5분간 사용해줍니다. TIP. 고민부위에 맞게 늘려 붙일 수 있는 밴딩 극세사 원단으로 양쪽으로 늘려 부착 시 굴곡진 부위에도 빈틈없는 밀착케어를 도와줍니다.,maskpack,Pad
[쿨링진정/화해1위 토너패드] 에스네이처 아쿠아 오아시스 판테알란 카밍패드 60매,19500,제조일로부터 3년,"볼, 이마, 목등에 3-5분간 부착 후, 피부결에 따라 부드럽게 닦아내어 충분히 흡수시켜줍니다.",maskpack,Pad
[모닝팩] 바이오던스 겔 토너 패드 60매 4종 택1,19900,제조일로부터 30개월 / 개봉 후 12개월 이내,세안 후 스킨케어 첫 단계에서 눈가를 제외한 얼굴 전체를 피부결 방향으로 부드럽게 닦아냅니다.,maskpack,Pad
[NEW/열감쿨링] 닥터지 레드 블레미쉬 순무 시카 아이싱 패드 60매 리필 기획 (+60매 리필),29000,30개월 (개봉 후 12개월 내 사용 권장),"가볍게 피부를 닦아낸 후 쿨링 진정이 필요한 부위에 순무 슬라이스 시트를 올려둔 뒤, 약 3~5분 후 떼어 내고 남은 에센스는 두드려 흡수시켜줍니다.",maskpack,Pad
일소 모링가 퓨리파잉 포어 패드 60매,18400,제조일로부터 3년,세안 후 패드를 사용하여 눈과 입 주변을 제외한 얼굴 전체에 피부결을 따라 부드럽게 닦아낸 후 가볍게 두드려 흡수시켜 줍니다.,maskpack,Pad
[저자극/각질] 라운드랩 1025 독도 패드 70매 기획 (+10매),24000,"제조일로부터 36개월, 개봉 후 6개월 이내 사용",세안 후 패드를 사용하여 눈과 입 주변을 제외한 피부결을 따라 얼굴 전체를 부드럽게 닦아낸 후 남아 있는 내용물을 가볍게 두드려 흡수시켜줍니다.,maskpack,Pad
[화잘먹패드] 연작 스킨 퍼펙팅 글로우 프렙 패드 45매,28000,제조일로부터 36개월,"아침 저녁 맨 얼굴에 패드를 부착 후, 3-5분 후 떼어내고 손으로 가볍게 두드려 흡수시켜 줍니다.",maskpack,Pad
[단독기획/피지쓱싹] 스킨푸드 미나리 클리어 패드 60매 (+10매 증정),17600,제조일로부터 36개월,1. 세안 후 눈가를 제외한 얼굴 전체에 피부 결을 따라 부드럽게 닦아줍니다. 2. 수분 공급과 진정이 필요한 부위에 원단을 반으로 갈라 팩처럼 붙인 후 패드가 마르기 전에 한 번 더 닦아내어 마무리하세요.,maskpack,Pad
[NEW] 메디힐 PDRN 모공 탄력 패드 100매,17500,제조 후 36M,"고민 부위에 패드를 늘려 붙인 후, 약 5~10분 후 패드를 제거한 다음 남은 에센스를 가볍게 두드려 흡수시켜 줍니다.",maskpack,Pad
[10분장벽탄력] 아비브 부활초 콜라겐 패드 퍼밍 터치 60매,24000,개봉 전 36개월/개봉 후 12개월,1. 뚜껑을 열어 내장된 집게로 패드 1장을 꺼냅니다. 2. 도톰한 솜패드를 반으로 갈라 자극없이 부드럽게 닦아내며 피부결을 정돈해 줍니다. 3. 사용 후 패드가 마르지 않도록 뚜껑을 정확히 닫아 밀봉해 줍니다. *집중 보습이 필요한 부위엔 팩처럼 5-10분 정도 붙여 솜패드의 에센스가 충분히 흡수될 수 있도록 해주세요.,maskpack,Pad
[총 120매/갈라쓰는 수분패드]더마토리 히알루론 수분샘 엠보 토너패드 60매 기획 (+60매 리필),24100,개봉 전 36개월 개봉 후 12개월,'결 정돈이 필요한 부위에 엠보 면으로 닦아낸 후 진정이 필요한 부위에 원단을 3겹으로 갈라 팩처럼 3-5분 정도 올려줍니다. 남아있는 에센스는 가볍게 두드려 흡수시켜 줍니다.,maskpack,Pad
[3일톤업패드] 아비브 글루타치온좀 잡티 패드 비타 터치 60매,16800,"제조일로부터 36개월, 개봉후 12개월",패드를 볼과 이마 등 고민 부위 5-10분 부착해주세요. 떼어내고 피부에 남은 에센스를 가볍게 두드려 흡수시켜 주세요.,maskpack,Pad
네오젠 파하 거즈 필링패드 [광채/수분/탄력] 3종 중 택1,14800,"개봉 전 36개월, 개봉 후 12개월",세안 후 패드 1장을 눈가를 피하여 얼굴 전체와 목 부위 등 피부결을 따라 부드럽게 문지르 면서 닦아 내고 남은 에센스는 가볍게 두드려 흡수시켜 줍니다.,maskpack,Pad
[3초쿨링/모공각질] 키노닉스 양배추 각질 진정 토너 패드 70매 (+70매 리필기획),34000,개봉 전 36개월/개봉 후 6개월,"1. 아침, 저녁 세안 후 눈가를 제외한 얼굴 전체에 피부결 방향으로 부드럽게 닦아 냅니다. 2. 각질이 신경쓰이는 부위는 엠보면으로 한 번 더 닦아줍니다. ※ 사용 후 패드가 마르지 않도록 뚜껑을 꼭 닫아주세요",maskpack,Pad
브링그린 티트리시카트러블수딩토너패드 90매 단품/기획,16800,"■ 제조일로부터 30개월, 개봉 후 12개월","아침 저녁, 세안 후 스킨케어 첫 단계에서 눈가를 제외한 얼굴 전체를 피부결 방향으로 부드럽게 닦아냅니다. 빠른 진정이 필요한 부위에 패드를 올리고 3-5분간 집중 케어해줍니다.",maskpack,Pad
파파레서피 가지 클리어링 수분 각질 필링 패드 토너 70매,20000,"제조일로부터 36개월, 개봉 후 12개월","클렌징 후 패드의 엠보싱 면으로 얼굴 및 바디를 부드럽게 닦아주고, 반대쪽 매끈한 면으로 피부 결을 정돈해줍니다. *패드가 마르지 않도록 뚜껑을 닫아 밀봉하여 보관합니다",maskpack,Pad
[NEW/열감쿨링] 닥터지 레드 블레미쉬 순무 시카 아이싱 패드 60매,21000,30개월 (개봉 후 12개월 내 사용 권장),"가볍게 피부를 닦아낸 후 쿨링 진정이 필요한 부위에 순무 슬라이스 시트를 올려둔 뒤, 약 3~5분 후 떼어 내고 남은 에센스는 두드려 흡수시켜줍니다.",maskpack,Pad
[60매+60매] 프리메라 마일드 앤 퍼펙트 포어 필링 패드 기획/단품,29000,제조일로부터 24개월/ 개봉후 12개월로 정정,"1) 세안 후 기초 케어 첫 단계에서 눈가와 입가를 제외한 얼굴 전체를 피부 결 방향으로 부드럽게 닦아 내어 주세요. 2) 또는 피지 고민이 있는 부위에 패드를 잠시 팩처럼 올렸다가, 남아있는 내용물을 가볍게 두드려 흡수시켜 줍니다.",maskpack,Pad
[리뉴얼] 구달 청귤 비타C 잡티케어 패드 알파 70매 기획 (+10매),26000,개봉 전 36개월,"아침 저녁, 세안 후 눈가를 제외한 얼굴 전체에 피부결 방향으로 부드럽게 닦아냅니다. * 1일 2회 , 토너 대용으로 사용하시고 별도의 세안이 필요없습니다. * 얼굴 외 바디용으로 부드럽게 닦아내셔도 됩니다.",maskpack,Pad
[화잘먹패드] 웰라쥬 리얼 히알루로닉 블루 토너 패드 70매 기획 (+원데이키트1ea),19200,제조 후 사용기한 36개월,1. 마스크팩 대신 #간편수분진정팩 2. 매일 아침 토너 대신 #강력수분충전 3. 자극 없이 부드럽게 #미세각질케어,maskpack,Pad
미샤  비타씨 플러스 잡티씨 앰플 패드,17500,제조일로부터 3년,본품을 피부에 붙이고 10~20분 후 지지체를 제거한 다음 남은 제품을 골고루 펴바른다.,maskpack,Pad
[쿨링/결진정] 라운드랩 소나무 진정 시카 패드 50매,25000,"제조일로부터 30개월, 개봉 후 6개월",세안 후 눈가를 제외한 얼굴 전체에 피부결을 따라 부드럽게 닦아냅니다. 진정이 필요한 부위에는 3~5분간 올려두어 집중 케어 해줍니다. * 사용 후 패드가 마르지 않도록 뚜껑을 정확히 닫아 밀봉하여 보관합니다.,maskpack,Pad
[단독기획] 구달 어성초 히알루론 수딩 클리어 패드 70매 (+10매 증정),26000,개봉 전 36개월 / 개봉 후 12개월,"세안 후 고민 부위에 부착한 후, 눈가와 입 주변을 제외한 피부결을 따라 부드럽게 닦아냅니다. *패드가 마르지 않도록 뚜껑을 정확히 닫아 밀봉하고, 에센스가 새지 않도록 세워서 보관해줍니다.",maskpack,Pad
[NEW] 브링그린 사철쑥카밍EX토너패드 75매,14900,"■ 제조일로부터 36개월, 개봉 후 12개월","■ 아침, 저녁 세안 후 스킨케어 첫 단계에서 눈가를 제외한 얼굴 전체를 피부결 방향으로 부드럽게 닦아냅니다. 진정 및 수분 공급이 필요한 부위에 패드를 올리고 3~5분간 집중 케어해줍니다.",maskpack,Pad
[리뉴얼/모공탄력] 성분에디터 그린토마토 NMN 포어 필링 패드 60매,25000,개봉 전 36개월 / 개봉 후 12개월,1. 세안 후 첫 단계에서 엠보싱 면으로 눈가와 입가를 제외한 얼굴 전체를 피부결 방향으로 부드럽게 닦아냅니다. 2. 패드의 반대쪽 부드러운 면으로 한 번 더 닦아내며 피부결을 정돈해 줍니다. 3. 피부에 남아있는 내용물은 가볍게 두드려 흡수시켜 줍니다.,maskpack,Pad
[미백패드] 메디큐브 딥 비타 씨 패드 70매,17900,"제조일로부터 3년, 개봉 후 12개월",1. 세안 후 기초 케어 첫 단계에서 엠보싱 면으로 눈가와 입가를 제외한 얼굴 전체를 피부 결 방향으로 부드럽게 닦아냅니다. 2. 패드의 반대쪽 부드러운 면으로 한번 더 닦아주어 피부 결을 정돈합니다. 3. 사용 후 남아있는 토너는 가볍게 두드려 흡수시켜 줍니다. *패드가 마르지 않도록 뚜껑을 닫아 밀봉하여 보관합니다.,maskpack,Pad
[민들레패드] 시초 단델리온 래디언스 세럼 패드 90매,24650,제조일로부터 24개월(개봉후 6개월),"1. 세안 후 진정/보습이 필요한 부위에 부착해 줍니다. 2. 약 3~5분 후 피부에 남아있는 에센스를 가볍게 두드려 흡수시켜줍니다. TIP. 외출 전 헤어 드라이할 때, 메이크업 전 부스팅이 필요할 때 빠르고 간편한 부분 집중 케어로 사용하면 좋습니다. * 사용 후 패드가 마르지 않도록 뚜껑을 꽉 닫아주세요.",maskpack,Pad
[모공피지] 마몽드 포어 슈링커 바쿠치올 패드 70매,18200,개봉 전 36개월 / 개봉 후 12개월,"1장의 패드를 가로로 늘려 나비존 부분에 밀착시킨 후 2분 후 떼어내주세요, 떼어낸 패드로 전체 피부를 한번 닦아내주어 마무리해주세요.",maskpack,Pad
아리얼 스트레스 릴리빙 데일리 픽 패드 [필링/토닝] 2종 중 택1,3900,36개월,"엠보면 : 파우치에서 패드 1장을 꺼내어 엠보 면을 사용해 피부결 방향으로 부드럽게 닦아냅니다. 매끈한면 : 매끈한 면으로 피부결을 정돈합니다. 이마, 턱, 콧볼 옆 등은 한 번 더 꼼꼼하게 피지와 각질을 케어해줍니다.",maskpack,Pad
식물나라 뽀얀쌀 맑은톤 클리어패드 100매,12800,"■ 제조일로부터 30개월, 개봉 후 12개월","매끈면으로 세안 전후 눈가를 제외한 얼굴 전체의 피부결을 부드럽게 닦아주고, 각질과 피지가 많아 특히 고민인 부위는 엠보면으로 한 번 더 닦아줍니다. 피부가 예민한 날에는 고민 부위에 3~5분간 패드 부착 후, 남은 에센스를 가볍게 두드려 흡수시켜 줍니다.",maskpack,Pad
[총150매] 아비브 수분초 히알루론 패드 하이드레이팅 터치 75매 (+75매 리필기획),40000,개봉 전 36개월/개봉 후 6개월,1. 뚜껑을 열어 내장된 집게로 패드 1장을 꺼냅니다. 2. 눈가를 제외한 얼굴 전체를 피부결을 따라 부드럽게 닦아내어 수분은 채워주고 매끄럽게 피부결을 정돈해주세요. 3. 사용 후 패드가 마르지 않도록 뚜껑을 정확히 닫아 밀봉해 줍니다. *긴급 수분충전이 필요한 부위에는 마스크팩처럼 올려두어 사용해주세요.,maskpack,Pad
[900만개 판매/단독기획] 스킨푸드 캐롯 카로틴 카밍 워터 패드 기획 (60매+10매증정),17600,제조일로부터 36개월/개봉후 사용기한 6개월,1. 세안 후 양볼 또는 진정이 필요한 부위에 부착해 줍니다. 2. 약 5~10분 후 눈가를 제외한 얼굴 전체를 부드럽게 닦아내고 남아있는 에센스를 가볍게 두드려 흡수시켜 주세요.,maskpack,Pad
[흔적진정] 스킨푸드 감자 마데카소사이드 수딩 패드 60매 기획(+10매 증정),17600,제조일로부터 36개월/개봉후 사용기한 6개월,부드럽게 닦아내거나 케어가 필요한 부위에 팩처럼 사용하세요,maskpack,Pad
[홀리데이/한정기획] 스킨푸드 캐롯 카로틴 카밍 워터 패드 60매 (+앰플30ml+크림30ml+홀리데이 스티커),35000,제조연월 : 발송일로부터 1년이내 제조 / 사용기한 : 제조일로부터 36개월,상품 상세페이지 참고,maskpack,Pad
[비건수분대왕패드] 제이준 잇 비건 탠지 워터리 패드 50매,27000,사용기한 30개월,세안 후 눈가를 제외한 보습이 필요한 부위에 패드를 올려두어 집중 케어해줍니다. 약 5 ~ 10분 후 얼굴 전체를 부드럽게 닦아내고 남아있는 에센스를 가볍게 두드려 흡수시켜줍니다.,maskpack,Pad
[레오제이 Pick] 슈레피 겟리프 트윈 패드팩 20팩 (40매),18500,제조일로부터 2년 이내,"1. 간편한 기초가 필요할 때, 피부 결을 따라 안쪽에서 바깥쪽으로 닦아 냅니다. 2. 피부가 건조할 때, 양볼과 이마 턱 등에 5-10분 정도 올려 놓은 후 떠어내어 피부에 남은 내용물을 가볍게 흡수시켜 줍니다.",maskpack,Pad
[각질/피지] 스트라이덱스 센시티브 패드 트리플 기획 (90매+90매+90매),38400,제조일로부터 2년/유통기한 제품 별도 표기 ex)00월00년,- 본 제품을 사용하기 전에 피부를 깨끗하게 세안 하십시오. - 패드를 눈가와 입술 및 예민한 부분을 제외한 트러블이 있는곳에 매일 2-3회 사용하십시오. - 피부의 건조함이 발생할 수 있으므로 사용 횟수를 서서히 늘려가는것을 추천해 드립니다.,maskpack,Pad
[단독기획] 아누아 자작나무 수분 부스팅 패드 70매 기획 (+10매 증정),21900,제조일로 부터 36개월/ 개봉 후 12개월,1. 기초 케어 첫 단계에서 눈과 입가를 제외한 얼굴 전체를 피부결 방향으로 부드럽게 닦아냅니다. 2. 사용 후 패드가 마르지 않도록 뚜껑을 완전히 닫아 밀봉해줍니다.,maskpack,Pad
몰바니 아티초크 수딩 아크네 포어 토너 패드 70매,19900,제조일로부터 36개월,"세안 후, 양 볼과 이마 등 고민 부위에 10-20분간 올려둔 뒤, 눈 주위를 피해 피부결을 따라 닦아내듯 부드럽게 사용하고 남은 내용물을 가볍게 두드려 흡수시켜줍니다.",maskpack,Pad
[각질케어] 아드망 베르가못 포어 클리어링 토너패드 60매,18800,제조일로부터 2년,1. 세안 후 기초 케어 첫 단계에서 눈가와 입가를 제외한 얼굴 전체를 피부 결 방향으로 부드럽게 닦아줍니다. 2. 패드의 반대쪽으로 더 닦아 주어 피부 결을 정돈해줍니다. 3. 사용 후 얼굴에 남아있는 토너는 가볍게 두드려 흡수시켜줍니다.,maskpack,Pad
러븀 카밍 리페어 어린시카 스팟 패드 60매,23000,제조일로부터36개월(개봉후12개월),"*쿨링 진정팩 사용 시 진정이 필요한 고민 부위에 패드를 올리고 1-3분간 집중 케어해 줍니다. *간편 수분팩 간편하고 빠르게 약산성 토너 대용으로 사용해 줍니다. *수정 화장용 수정 화장 전, 부드러운 원단으로 거칠어진 피부 결을 정돈시켜 줍니다.",maskpack,Pad
아누아 나이아신아마이드 TXA 패드 60매,18500,24개월 / 6개월,1. 고민 부위에 밀착시켜 10-20분 정도 팩처럼 사용 후 피부 결을 따라 부드럽게 닦아줍니다. 2. 사용 후 패드가 마르지 않도록 뚜껑을 완전히 닫아 밀봉해줍니다.,maskpack,Pad
[수분충전/리뉴얼] 더마토리 히알루론 수분샘 엠보 토너패드 60매+10매 기획,26000,개봉 전 36개월 개봉 후 12개월,'결 정돈이 필요한 부위에 엠보 면으로 닦아낸 후 진정이 필요한 부위에 원단을 3겹으로 갈라 팩처럼 3-5분 정도 올려줍니다. 남아있는 에센스는 가볍게 두드려 흡수시켜 줍니다.,maskpack,Pad
[쿨링/진정]잇츠스킨 파워10 포뮬라 엘아이 젤리패드 감초줄렌 70매 기획 (+10매),25000,제조일로부터 36개월 / 개봉 후 12개월,"""1. 진정이 필요한 부위에 패드를 올려놓은 뒤, 약 5~10분 후 떼어내고 남은 에센스는 가볍게 두드려 흡수시켜 줍니다. 2. 사용 후 패드가 마르지 않도록 뚜껑을 정확히 닫아 밀봉해 줍니다.""",maskpack,Pad
비플레인 녹두 모공 클리어링 필터 패드 70매 (+10매 증정기획),18000,"제조일로부터 36개월, 개봉 후 12개월","세안  후, 눈가를 제외한 얼굴 전체를 피부 결 방향으로 부드럽게 닦아냅니다.",maskpack,Pad
로우퀘스트 에키네시아 토너 패드 60매,17900,"사용기한 미개봉 상태에서 제조일로부터 3년, 개봉 후 1년","세안 후 스킨케어 첫 단계에 패드로 피부결을 따라 얼굴 전체를 부드럽게 닦아내 줍니다. 사용 후 피부 위에 남은 토너는 가볍게 두드려 흡수시켜 줍니다. Tip. 양 볼, 이마 등 건조한 부위에 패드를 얹어 빠르고 간편하게 수분 진정 팩으로 사용할 수 있습니다.",maskpack,Pad
[모공축소/수정화장] 로벡틴 포어케어 노세범 패드 휴대용(20매),7080,파우치 개봉 후 즉시,"얼굴 전체에 피부 결을 따라 부드럽게 닦아냅니다. 나비존 등 모공, 요철이 고민인 부위에 5~11 얼굴 전체에 피부 결을 따라 부드럽게 닦아냅니다. 2. 나비존 등 모공, 요철이 고민인 부위에 5~10분간 올려두고 집중 케어해 줍니다.0분간 올려두고 집중 케어해 줍니다.",maskpack,Pad
[요철/트러블진정] 메디큐브 엑소좀 시카 진정 패드 100매,17900,"개봉전 36개월, 개봉후 12개월",1. 세안 후 기초 케어 첫 단계에서 눈가와 입가를 제외한 얼굴 전체를 피부 결 방향으로 부드럽게 닦아냅니다. 2. 집중 케어가 필요한 부위에는 팩처럼 올려두면 진정 및 수분 케어 효과가 좋습니다. 3. 사용 후 남아있는 토너는 가볍게 두드려 흡수시켜 줍니다.,maskpack,Pad
[진정/모공] 듀이트리 AC 딥 진정 모공 패드 60매,18000,제조일로부터 30개월,사용법 스킨케어 첫 단계에서 초록 극세사 면으로 피부를 부드럽게 닦아 냅니다. TIP 1. 패드 뒷면의 순면으로 피부 결을 정돈한 뒤에 남아 있는 에센스는 가볍게 두드려 흡수시켜 줍니다. TIP 2. 진정이 필요한 부위에 1~5분 정도 올려놓은 후 떼어내어 피부에 남은 내용물을 가볍게 흡수시켜 줍니다.,maskpack,Pad
아비브 패드 5종 택1 (어성초/수분초/부활초/글루타치온좀/LHA),24000,제조일로부터 36개월/개봉 후 12개월,1. 뚜껑을 열어 내장된 집게로 패드 1장을 꺼냅니다. 2. 눈가를 제외한 얼굴 전체를 피부결을 따라 부드럽게 닦아내어 피부를 진정시켜 줍니다. 3. 사용 후 패드가 마르지 않도록 뚜껑을 정확히 닫아 밀봉해 줍니다. *긴급 진정이 필요한 부위에는 마스크팩처럼 올려두어 사용해주세요.,maskpack,Pad
[즉각모공축소/데일리필링] 셀퓨전씨 트리악 모공톡스 패드 (60매),15100,"제조일로부터 1년6개월 이내의 상품을 순차적으로 발송, 유통기한 개봉후 12개월",1. 세안 후 스킨케어 첫 단계에서 엠보싱 면으로 모공 고민 부위를 포함한 얼굴 전체를 피부결 방향으로 부드럽게 닦아냅니다. *눈가 제외 2. 부드러운 반대쪽 면으로 한번 더 닦아내며 피부결 정돈을 해줍니다. 3. 피부에 남은 내용물은 가볍게 두드려 흡수시켜 줍니다. 4. 사용 후 뚜껑을 닫아 보관합니다.,maskpack,Pad
닥터지 브라이트닝 비타 필링 패드 (본품70매+3매추가),15000,36개월(개봉후 12개월 이내 사용 권장),1. 세안 후 스킨케어 첫 단계에 눈가를 제외한 얼굴 전체 피부 결 방향으로 부드럽게 닦아냅니다. 2. 센시카밍™패드의 엠보면을 이용하여 눈에 띄는 각질과 블랙헤드를 깨끗하게 정돈해 줍니다.,maskpack,Pad
[기획] 아크네스 3초 진정 토너 패드 70매 (+40매 리필기획),14700,개봉전 36개월 / 개봉후 12개월,"1. 세안 후 첫 단계에서 거즈면으로 얼굴 전체를 부드럽게 닦아주세요. 2. 엠보면으로 코 옆, 턱 등 각질고민 부위를 한 번 더 닦아주면 좋습니다. 3. 얼굴에 남아있는 토너를 두드려 흡수시켜 주세요. *사용 후 뚜껑을 꼭 닫아 주세요. *진정이 필요한 부위에 마스크팩처럼 올려 사용해보세요.""",maskpack,Pad
[34.4% 모공축소] 로벡틴 포어케어 노세범 패드 60매 (+10매 증정기획),13900,개봉 후 12개월 이내,"1 얼굴 전체에 피부 결을 따라 부드럽게 닦아냅니다. 2. 나비존 등 모공, 요철이 고민인 부위에 5~10분간 올려두고 집중 케어해 줍니다.",maskpack,Pad
[각질/피지] 스트라이덱스 센시티브 패드 55매,8100,24개월,- 본 제품을 사용하기 전에 피부를 깨끗하게 세안 하십시오. - 패드를 눈가와 입술 및 예민한 부분을 제외한 트러블이 있는곳에 매일 2-3회 사용하십시오. - 피부의 건조함이 발생할 수 있으므로 사용 횟수를 서서히 늘려가는것을 추천해 드립니다.,maskpack,Pad
아리얼 스트레스 릴리빙 데일리 픽 토닝 패드 기획 (30매 x 3개입),17700,36개월,"엠보면 : 파우치에서 패드 1장을 꺼내어 엠보 면을 사용해 피부결 방향으로 부드럽게 닦아냅니다. 매끈한면 : 매끈한 면으로 피부결을 정돈합니다. 이마, 턱, 콧볼 옆 등은 한 번 더 꼼꼼하게 피지와 각질을 케어해줍니다.",maskpack,Pad
나이팅게일 티트리 카밍패드(60매),13800,제조일로부터 3년,세안후 눈과 입 주위를 제외한 얼굴전체를 부드럽게 닦아낸 뒤 가볍게 두드려 피부에 흡수시킨다.,maskpack,Pad
BRTC V10 비타민 필링패드 80매,13500,36개월 (12개월),1. 세안 후 엠보싱 면으로 눈가를 제외한 얼굴 전체에 피부 결 방향으로 부드럽게 닦아냅니다.  2. 반대쪽 패드를 이용하여 부드러운 면으로 피부 결 방향으로 정돈시켜 줍니다. 3. 사용 후 패드가 마르지 않도록 뚜껑을 닫아 줍니다.,maskpack,Pad
[모공케어] 네오젠 리얼 참숯 토너 패드 60매,11900,"개봉 전 36개월, 개봉 후 12개월",세안 후 패드 1장을 눈가를 피하여 얼굴 전체와 목 부위 등 피부결을 따라 부드럽게 문지르면서 닦아내고 남은 에센스는 가볍게 두드려 흡수시켜줍니다.,maskpack,Pad
[각질/피지] 스트라이덱스 센시티브 패드 더블 기획 (55매+55매),14900,제조일로부터 2년/제품 별도 표기 ex)00월00년000제조번호,- 본 제품을 사용하기 전에 피부를 깨끗하게 세안 하십시오. - 패드를 눈가와 입술 및 예민한 부분을 제외한 트러블이 있는곳에 매일 2-3회 사용하십시오. - 피부의 건조함이 발생할 수 있으므로 사용 횟수를 서서히 늘려가는것을 추천해 드립니다.,maskpack,Pad
[세븐틴 에스쿱스PICK]네오젠 프로바이오틱스 릴리프 토닝패드 50매,19000,"개봉 전 36개월, 개봉 후 12개월",세안 후 패드 1장을 눈가를 피하여 얼굴 전체와 목 부위 등 피부결을 따라 부드럽게 문지르면서 닦아내고 남은 에센스는 가볍게 두드려 흡수시켜줍니다.,maskpack,Pad
[리뷰1위/실시간1위] 레몬 광채 필링 패드,22900,"개봉 전 36개월, 개봉 후 12개월",세안 후 패드 1장을 눈가를 피하여 얼굴 전체와 목 부위 등 피부결을 따라 부드럽게 문지르 면서 닦아 내고 남은 에센스는 가볍게 두드려 흡수시켜 줍니다.,maskpack,Pad
[광채필링] 와인 탄력필링 패드 30매,14800,"개봉 전 36개월, 개봉 후 12개월","세안 후, 얼굴에 물기를 제거하고 필링 거즈 1매를 사용하여 얼굴 전체와 목의 안쪽에서 바깥쪽으로 아래에서 위로 부드럽게 닦아냅니다. *주 2~3회, 또는 필요에 따라 횟수를 늘려 사용해주세요.",maskpack,Pad
[수분필링] 그린티 모이스트 수분필링 패드 30매,14800,"개봉 전 36개월, 개봉 후 12개월","세안 후, 얼굴에 물기를 제거하고 필링 거즈 1매를 사용하여 얼굴 전체와 목의 안쪽에서 바깥쪽으로 아래에서 위로 부드럽게 닦아냅니다. *주 2~3회, 또는 필요에 따라 횟수를 늘려 사용해주세요.",maskpack,Pad
[응급패드/대용량] 네오젠 카밍 시카&티트리 진정 토너 패드 90매,12900,"개봉 전 36개월, 개봉 후 12개월",세안 후 패드 1장을 눈가를 피하여 얼굴 전체와 목 부위 등 피부결을 따라 부드럽게 문지르 면서 닦아 내고 남은 에센스는 가볍게 두드려 흡수시켜 줍니다.,maskpack,Pad
[시카술톤패드] 시카고 시카 스피디 카밍 패드 100g 70매,22300,제조일자로부터 3년 개봉 후 6개월 사용권장,"1. 패드를 꺼내어 진정과 수분 충전이 필요한 부위에 올려줍니다. 2. 3분 후, 떼어낸 뒤 피부에 남은 앰플은 가볍게 두르려 흡수시켜줍니다. 3. 사용 후에는 패드가 마르지 않도록 뚜껑을 정확히 닫아주세요.",maskpack,Pad
[화해1위 패드]셀리맥스 어성초 바하 지우개 필링 패드 60매,11500,제조일로부터 3년,"1) 촉촉하고 부드러운 엠보면으로 피부결을 전체적으로 정돈해주세요. 2) 천연 거즈면으로 코옆,턱밑,귀 등 피지와 노폐물이 쌓이기 쉬운 부위를 구석구석 케어해주세요. 3) 사용 후 뚜껑을 꼭 닫아 패드가 마르지 않도록 합니다.",maskpack,Pad
마녀공장 비피다 바이옴 앰플 패드 70매,24000,"제조일로부터 2년, 개봉 후 12개월",세안 후 기초 케어 단계에서 앞면(오돌토돌한 면)으로 눈가를 제외한 얼굴 전체를 닦아낸 후 뒷면(매끈한 면)으로 한 번 더 피부 결 방향으로 닦아내며 흡수시켜줍니다.,maskpack,Pad
[화잘먹패드] 야다 선인장 토너패드 (본품 60매+10매 추가 증정),22000,"제조일로부터 1,095일 (개봉 후 365일 이내)","1. 세안 후, 패드를 사용하여 피부결을 따라 얼굴 전체를 부드럽게 닦아냅니다. 2. 패드의 반대 쪽 면으로 한 번 더 닦아주어 피부결을 정돈해준뒤 가볍게 두드려 흡수시켜줍니다. * 사용 후 패드가 마르지 않도록 뚜껑을 닫아 밀봉하여 보관합니다.",maskpack,Pad
[잡티케어] 아이소이 블레미쉬 케어 패드 60매,19000,"제조일자로부터 3년, 개봉 후 6개월 사용권장","집중케어가 필요한 부위에 순면패드면으로 3분 가량 붙여둔 후, 뒤집어 볼록패드면으로 피부결을 따라 부드럽게 닦아냅니다.",maskpack,Pad
[레오제이 Pick] 슈레피 겟리프 트윈 패드팩 40팩 (80매),36000,제조일로부터 2년 이내,"1. 간편한 기초가 필요할 때, 피부 결을 따라 안쪽에서 바깥쪽으로 닦아 냅니다. 2. 피부가 건조할 때, 양볼과 이마 턱 등에 5-10분 정도 올려 놓은 후 떠어내어 피부에 남은 내용물을 가볍게 흡수시켜 줍니다.",maskpack,Pad
[빠른진정] 닥터디퍼런트 시카 메탈 카밍패드 90ml(60매),19200,"개봉전 제조일로부터24개월, 개봉후12개월","세안 후 거즈면으로 얼굴을 전체적으로 가볍게 닦아 내며 피부겨을 정돈해준뒤, 순면을 이용하여 진정이 필요한 곳을 케어해 줍니다.",maskpack,Pad
[3초쿨링/모공각질] 키노닉스 양배추 각질 진정 패드 증정 기획 (70매+10매),14900,개봉 전 36개월/개봉 후 6개월,"1. 아침, 저녁 세안 후 눈가를 제외한 얼굴 전체에 피부결 방향으로 부드럽게 닦아 냅니다. 2. 각질이 신경쓰이는 부위는 엠보면으로 한 번 더 닦아줍니다. ※ 사용 후 패드가 마르지 않도록 뚜껑을 꼭 닫아주세요",maskpack,Pad
파파레서피 티트리 진정 컨트롤 패드 70매,22500,"제조일로부터 30개월, 개봉 후 6개월","1. 세안 후 눈 주위를 제외한 얼굴 전체를 피부 결을 따라 부드럽게 닦아줍니다. 2. 집중 케어가 필요한 고민 부위에 패드를 올려둔 뒤, 약 3~5분 후 떼어내고 피부에 남은 에센스를 가볍게 두드려 흡수시켜줍니다.",maskpack,Pad
[초밀착] 라운드랩 자작나무 수분 패드 80매 기획 (+10매),17500,"제조일로부터 36개월, 개봉 후 6개월 이내 사용","세안 후 피부 결을 따라 가볍게 닦아내고, 수분 진정이 필요한 피부 고민 부위에 올려 3~5분간 집중 케어해 줍니다. 남아 있는 내용물은 가볍게 두드려 흡수시켜 줍니다.",maskpack,Pad
나인위시스 pH 캄 시카 토너패드 70매,11900,"제조일로부터 1,095일","1. 세안 후, 패드의 엠보싱 면을 이용하여 눈가를 제외한 얼굴 전체에 피부결을 따라 부드럽게 닦아줍니다. 2. 패드 뒷면을 이용하여 다시 한번 피부결을 정돈시켜 줍니다 3. 사용 후에는 내용물이 마르지 않도록 뚜껑을 확실히 닫아 보관합니다.",maskpack,Pad
[5초진정]다자연 어성초 목화솜 토너 패드 기획 80매,15000,제조일로부터 36개월 / 개봉 후 6개월,세안 후 내장된 집게로 패드를 꺼내 눈가를 제외한 얼굴 전체를 피부 결 방향으로 부드럽게 닦아냅니다. 사용 후 패드가 마르지 않도록 뚜껑을 닫아 밀봉해 줍니다.,maskpack,Pad
[저자극/모공각질] 메디큐브 제로 모공 패드 마일드 70매,17900,"제조일로부터 3년, 개봉 후 12개월",1. 세안 후 기초 케어 첫 단계에서 엠보싱 면으로 눈가와 입가를 제외한 얼굴 전체를 피부결 방향으로 부드럽게 닦아냅니다. 2. 패드의 반대 쪽 부드러운 면으로 한 번 더 닦아주어 피부결을 정돈합니다. 3. 사용 후 남아있는 토너는 가볍게 두드려 흡수시켜 줍니다. * 패드가 마르지 않도록 뚜껑을 닫아 밀봉하여 보관합니다.,maskpack,Pad
[2주집중] 아누아 어성초 77 모공쫀쫀 패드 리필 기획 (70+70매 리필),45000,제조 후 36개월 (개봉 후 12개월),1. 세안 후 기초 케어 첫 단계에서 엠보싱 면으로 눈가와 입가를 제외한 얼굴 전체를 피부 결 방향으로 부드럽게 닦아냅니다. 2. 패드의 반대쪽 부드러운 면으로 한번 더 닦아주어 피부 결을 정돈합니다. 3. 사용 후 패드가 마르지 않도록 뚜껑을 정확히 닫아 밀봉해 줍니다.,maskpack,Pad
토리든 다이브인 저분자 히알루론산 멀티패드 80매,16100,제조일로부터 36개월/개봉 후 12개월,"1) 뚜껑을 열어 내장된 집게로 패드를 집어 꺼냅니다. 2) 눈가를 피하여 피부결을 따라 멀티 패드 1장으로 부드럽게 닦아 냅니다. 3) 남은 에센스는 두드려 흡수 시켜 줍니다. Tip : 양 볼, 이미, 턱 부위 등 특히 건조한 부위에는 3-5분 올려두면 보습 진정 효과가 더 좋습니다.",maskpack,Pad
아임프롬 비트 리프레쉬 패드 60매,24000,개봉 후 12개월 이내 사용 가능,세안 후 패드를 꺼내어 양볼 또는 케어가 필요한 부위에 패드를 올려줍니다. 약 10 ~ 20분 후 눈가를 제외한 얼굴 전체를 피부 결에 따라 부드럽게 닦아내고 남아있는 에센스를 가볍게 두드려 흡수시켜 주세요.,maskpack,Pad
더랩바이블랑두 올리고 히알루론산 7 멀티 포뮬라 패드 60매 기획 (+10매),28000,제조일로부터 3년,"아침 저녁 간단하게 닦아내는 용도, 자극 받은 날에는 수분 진정팩으로 사용",maskpack,Pad
더랩바이블랑두 그린 플라보노이드 2.5 패드 90매 리필 기획 (+90매),29900,제조일로부터 3년이내 / 개봉일로부터 6개월 이내,"내장된 집게로 패드를 꺼내어 양 볼과 이마 등 고민 부위에 올려둔 뒤, 약 5~10분 후 피부에 남은 에센스를 가볍게 두드려 흡수시켜 줍니다.",maskpack,Pad
휴캄 수분결 토너 패드 90매,28000,개봉 전 : 제조일로부터 36개월 / 개봉 후 : 6개월 이내 사용,1) 뚜껑을 열어 내장된 집게로 패드 1장을 꺼냅니다. 2)눈가를 제외한 얼굴 전체에 피부 결을 따라 부드럽게 닦아내고 피부를 진정시켜 줍니다. 3)피부 위에 남은 내용물을 가볍게 두드려 흡수시켜 줍니다.,maskpack,Pad
[화해 트러블1위] 피캄 베리어 사이클 토너 패드 60매,26500,"제조일로부터 36개월, 개봉 후 12개월 이내 사용 권장",1. 세안 후 엠보싱 면으로 눈가를 제외한 얼굴 전체에 피부결 방향으로 부드럽게 닦아냅니다. 2. 패드를 반대로 뒤집어 부드러운 면으로 피부결 뱡향으로 닦아주며 정돈시켜 줍니다. 3. 사용 후 패드가 마르지 않도록 뚜껑을 정확히 닫아 밀봉해 줍니다.,maskpack,Pad
[수분충전/초밀착패드]  키노닉스 아줄렌 수분 밀착 패드 80매,16900,개봉 전 36개월 / 개봉 후 6개월,"- 세안 후 기초케어 단계에서 수분 충전이 필요한 부위에 마스크팩처럼 올려 집중케어 해줍니다. (약 3~5분 권장) * 닦토로 활용하실 경우 피부결 방향으로 부드럽게 닦아주세요. * 이마, 턱, 인중 같은 좁은 부위는 패드를 찢어서 사용해주세요. ※ 사용 후 패드가 마르지 않게 뚜껑을 꼭 닫아주세요.",maskpack,Pad
[10초수분충전] 아비브 수분초 히알루론 패드 하이드레이팅 터치 75매 기획 (+10매 추가 증정),16800,개봉 전 36개월/개봉 후 6개월,1. 뚜껑을 열어 내장된 집게로 패드 1장을 꺼냅니다. 2. 눈가를 제외한 얼굴 전체를 피부결을 따라 부드럽게 닦아내어 수분은 채워주고 매끄럽게 피부결을 정돈해주세요. 3. 사용 후 패드가 마르지 않도록 뚜껑을 정확히 닫아 밀봉해 줍니다. *긴급 수분충전이 필요한 부위에는 마스크팩처럼 올려두어 사용해주세요.,maskpack,Pad
[수분충전/초밀착패드] 키노닉스 아줄렌 수분 밀착 패드 증정 기획 (80매+10매),16900,개봉 전 36개월/개봉 후 6개월,"* 세안 후 기초케어 단계에서 수분 충전이 필요한 부위에 마스크팩처럼 올려 집중케어 해줍니다. (약 3~5분 권장) * 닦토로 활용하실 경우 피부결 방향으로 부드럽게 닦아주세요. * 이마, 턱, 인중 같은 좁은 부위는 패드를 찢어서 사용해주세요. ※ 사용 후 패드가 마르지 않게 뚜껑을 꼭 닫아주세요.",maskpack,Pad
해서린 스팟케어 클리어패드 70매,16800,개봉 전 36개월 / 개봉 후 6개월,세안 후 눈가를 제외한 얼굴 전체를 피부 결 방향으로 부드럽게 닦아낸 뒤 가볍게 두드려 흡수시켜 줍니다. * 진정이 필요한 고민 부위에 패드를 마스크팩처럼 올려 집중 관리를 하면 더욱 좋습니다.,maskpack,Pad
[수분진정/화해1위] 아페리레 순수 블루 빙하수 토너 패드 70매,28000,"제조일로부터 1,095일",세안 후 물결패드로 부드럽게 닦아내어 피부결을 정돈합니다. 매끈한 순면패드로 한 번 더 닦아낸 뒤 가볍게 흡수시켜 줍니다.,maskpack,Pad
[비건진정대왕패드] 제이준 잇 비건 편백 시카 카밍 패드 50매 (+20매 증정기획),11900,사용기한 30개월,세안 후 눈가를 제외한 진정이 필요한 부위에 패드를 올려두어 집중 케어해줍니다. 약 5 ~ 10분 후 얼굴 전체를 부드럽게 닦아내고 남아있는 에센스를 가볍게 두드려 흡수시켜 줍니다.,maskpack,Pad
에필로우 어성초 마데카소사이드 트러블 수딩 패드 100매,15600,제조일로부터 3년,1) 세안 후 눈 주위를 피해 피부결을 따라 안쪽에서 바깥으로 닦아줍니다. 2) 집중관리가 필요한 경우 눈가를 피해 피부에 잘 밀착시키고 10분 정도 팩을 해줍니다. 3) 사용 후 패드가 마르지 않도록 뚜껑을 꽉 닫아 보관해주세요.,maskpack,Pad
에필로우 차가버섯 콜라겐 LHA 매끈결 모공 패드 70매,26000,제조일로부터 3년,1) 세안 후 눈 주위를 피해 피부결을 따라 안쪽에서 바깥으로 닦아줍니다. 2) 집중관리가 필요한 경우 눈가를 피해 피부에 잘 밀착시키고 10분 정도 팩을 해줍니다. 3) 사용 후 패드가 마르지 않도록 뚜껑을 꽉 닫아 보관해주세요.,maskpack,Pad
[총140매] 넘버즈인 토너패드 리필기획 2종 중 택 1 (1번/4번/5번),42000,제조일로부터 36개월 / 개봉 후 6개월,"세안 후, 클렌징 마무리 느낌으로 피부결을 따라 가볍게 닦아줍니다. 집중관리가 필요한 경우, 눈가를 피해 피부에 잘 밀착시키고 10분 정도 팩을 해줍니다.",maskpack,Pad
[모공/각질] 잇츠스킨 파워10 포뮬라 엘아이 토너패드 60매,17500,제조일로부터 36개월 개봉 후 12개월,"""1. 세안 후 기초 케어 첫 단계에서 눈가를 피해 얼굴 전체를 피부 결에 따라 안쪽에서 바깥으로 부드럽게 닦아줍니다. 2. 사용 후 패드가 마르지 않도록 뚜껑을 정확히 닫아 밀봉해줍니다.""",maskpack,Pad
메디앤서 비타 콜라겐 글로우 패드 80매,26000,제조일로부터 36개월 개봉 후 12개,"""1. 피부 결 방향으로 부드럽게 닦아낸 후 남은 내용물은 가볍게 두드려 흡수시켜 줍니다. 2. 고민 부위에는 마스크팩처럼 올려 사용해 줍니다.""",maskpack,Pad
[열감진정/대왕패드] 라타플랑 미나리 시카트러블 진정 패드 기획세트 (60매+10매),25000,개봉 후 12개월,적당량을 덜어 피부 결을 따라 부드럽게 바른 뒤 가볍게 두드려 흡수시켜 줍니다.,maskpack,Pad
[NEW] 바닐라코 클린잇제로 핑크 수분 토너 패드 70매,24000,제조일로부터 36개월/개봉 후 즉시 사용 권장,'세안 후 내장된 집게로 패드를 꺼내 양볼 또는 수분진정이 필요한 부위에 부착한 후 피부결을 따라 부드럽게 닦아내 줍니다. 집중 수분 공급 및 진정이 필요한 부위에는 에센스가 충분히 흡수될 수 있도록 5분 이상 사용해 주세요.,maskpack,Pad
마녀공장 히더 카밍 에센스 패드 60매,28000,"제조일로부터 3년, 개봉 후 12개월","세안 후 스킨케어 첫 단계에서 피부 결을 따라 부드럽게 닦아낸 다음 가볍게 두드려 흡수시켜 줍니다 TIP. 도톰한 패드 한 장을 반으로 얇게 갈라준 다음, 양 볼 또는 이마 등 고민 부위에 약 5분 정도 올려두면 급속 진정에 더 효과적입니다.",maskpack,Pad
빌리프 프라블럼 솔루션 비건 토너 패드 70매,28800,"개봉전 제조일로부터 36개월, 유통기한 개봉후 12개월",세안 후 눈가를 제외한 얼굴 전체에 피부 결 방향으로 부드럽게 닦아낸 후 남아있는 내용물을 가볍게 두드려 흡수시켜줍니다.,maskpack,Pad
더마토리 레티날 탄력 앰플 패드 80매 (V밴딩),18200,개봉 전 36 개월 / 개봉 후 12 개월,본품을 피부에 붙이고 10~20분 후 지지체를 제거한 다음 남은 제품을 골고루 펴바른다.,maskpack,Pad
[진정/수분] 스트라이덱스 어성초 카밍 패드 70매,19000,제조일로부터 24개월 / 개봉 후 12개월,"1. 깨끗이 세안후, 양볼 혹은 진정이 필요한부위에 5-10분간부착해 줍니다. 2. 잔여 에센스를 이용히여 얼굴 전체를 피부 결을 따라 부드럽게 닦아주십시오. 3. 부드러운 면으로 한번 더 닦아 피부 결을 정돈해 주십시오. 4. 사용후 수분이 날아가지 않도록 뚜껑을 완전히 닫아 밀봉해 주십시오.",maskpack,Pad
니들리 비타C 글로우 젤리 패드 60매,25000,제조일로부터 36개월 개봉 후 12개월,1. 세안 후 거친 면(갈고리면)을 이용해 눈가를 제외한 얼굴 전체 피부 결을 따라 부드럽게 닦아줍니다. 2. 패드를 뒤집어 매끈한 면으로 마스크팩 처럼 올려 1분간 집중 케어해 줍니다.,maskpack,Pad
[NEW] 피지오겔 레드수딩 시카밸런스 플러스 AC 카밍 패드 70매,24000,"개봉 전 36개월, 개봉 후 12개월","세안이나 샤워 후 집중 관리가 필요한 부위의 각질/피지를 엠보싱 면으로 부드럽게 닦아주세요. 부드러운 면으로 피부결을 따라 다시 한 번 닦아주세요. 손바닥으로 가볍게 두드려 마무리 해주세요. 사용 후 패드가 마르지 않도록 반드시 뚜껑을 닫아주세요. 눈가, 입가 및 상처 부위를 제외하고 사용해주세요.",maskpack,Pad
"스킨푸드 도토리 모공 탄력 패드 60매 (+10매, 도토리시트 1매 증정기획)",17600,36개월,오톨도톨한 모공 부위를 따라 부드럽게 닦아내거나 탄력 케어가 필요한 부위에 팩처럼 사용하세요,maskpack,Pad
식물나라 뽀얀쌀 맑은톤 클리어패드 리필 기획(100매+100매 리필),18800,"■ 제조일로부터 30개월, 개봉 후 12개월","매끈면으로 세안 전후 눈가를 제외한 얼굴 전체의 피부결을 부드럽게 닦아주고, 각질과 피지가 많아 특히 고민인 부위는 엠보면으로 한 번 더 닦아줍니다. 피부가 예민한 날에는 고민 부위에 3~5분간 패드 부착 후, 남은 에센스를 가볍게 두드려 흡수시켜 줍니다.",maskpack,Pad
[엔하이픈 니키 PICK] 믹순 두유패드 10개입,16200,제조일로부터 3년,"1. 피부 결을 따라 안쪽에서 바깥으로 닦아냅니다. 2. 집중 케어가 필요할 때, 양볼과 이마, 턱 등에 10분 정도 올려놓은 후 떼어내어 피부에 남은 에센스를 가볍게 흡수시켜 줍니다.",maskpack,Pad
[물광수분필링] 원씽 시카 필링 토너 패드 65매,19900,제조일로부터 36개월,"1. 내장된 집게로 패드를 꺼내 눈가를 제외한 얼굴 전체에 피부 결 방향을 따라 부드럽게 닦아냅니다. 2. 토너 대용으로도 사용 가능하며, 진정이 필요한 부위에 올려두어 마스크팩처럼 사용도 가능합니다. 3. 중앙 절취선을 따라 뜯어내면 국소 부위에도 편리하게 활용이 가능합니다. 4. 사용 후에는 패드가 마르지 않도록 뚜껑을 닫아 밀봉해 줍니다.",maskpack,Pad
[잡티패드] 센텔리안24 마데카 멜라 캡처 앰플 패드 60매,16900,제조일로부터 30개월/개봉 후 6개월,"1. 패드를 한 장 꺼내어 기미, 잡티 고민 부위에 가볍게 올려둡니다. 2. 10~20분 후 내용물이 눈에 들어가지 않도록 가볍게 쓸어내리듯 닦아내며 피부결을 정돈합니다.",maskpack,Pad
후시다인 더마 트러블 클리어 토너패드 60매,19600,36개월,"1. 아침, 저녁 세안 후 눈가를 제외한 얼굴 전체에 피부 결들따라 부드럽게 닦아줍니다. 2. 보습과 진정이 필요한 무위에는 패드를 팩처럼 붙인 후 건조되기 전에 떼어내 주세요. 3. 오후에 무너진 메이크업 수정 시 간편하게 닦아낸 후 사용해 주세요.",maskpack,Pad
글로웍스 필리 앰플 명주실 패드 70매,36000,개봉 전 30개월,1. 세안 후 기초 케어 단계에서 명주실면(앞면)을 눈가를 제외한 얼굴 전체를 닦아내 줍니다. 2. 엠보싱면으로 한번 더 피부 결 방향으로 닦아내어 흡수시켜 줍니다. 3. 가볍게 두드려 흡수시켜 줍니다.,maskpack,Pad
글로웍스 죽순 시카 패드 60매,23800,제조일로부터 30개월,1. 세안 후 기초 케어 단계에서 눈가를 제외한 얼굴 전체를 닦아내 줍니다. 2. 엠보싱면으로 한번 더 피부 결 방향으로 닦아내어 흡수시켜 줍니다. 3. 가볍게 두드려 흡수시켜 줍니다.,maskpack,Pad
차앤박(CNP) 프로폴리스 에너지 앰플 패드 70매 (+30매 증정기획),18500,36개월/개봉 후 6개월,"세안 후 눈가를 제외한 얼굴 전체에 피부결을 따라 부드럽게 닦아주거나, 보습이나 광채가 필요한 부위에 부착해 줍니다. 부착 시에는 5~10분 후 시트를 제거하여 남은 에센스를 가볍게 두드려 흡수시켜 줍니다.",maskpack,Pad
[도경수 PICK][모공탄력] 더마토리 레티날 탄력 앰플 패드 160매 (80매+80매 리필),25300,개봉 전 36 개월 / 개봉 후 12 개월,"세안 후 고민 부위에 맞춰 부착한 후, 피부 결을 따라 부드럽게 정돈한 뒤 가볍게 흡수시켜줍니다. TIP. 이마,턱,목 등 고민 부위에 맞게 늘려 붙인 후, 3~6분 정도 팩처럼 사용해주면 효과가 좋습니다.",maskpack,Pad
숨37 시크릿 멀티 패드 70매,39200,"개봉전 제조일로부터 36개월, 유통기한 개봉후 12개월","①패턴 면과 매끈 면으로 구성되어 있는 양면 패드로, 피부 컨디션에 맞춰 사용합니다. ②패턴 면으로 눈가를 제외한 얼굴 전체에 피부결을 따라 부드럽게 닦아냅니다. 피부결이 고민되는 부위나 콧등, 턱 주변 등은 한번 더 세심하게 닦아줍니다. ③매끈 면을 피부 고민 얼굴 부위 등에 붙여 약 5분 후 떼어냅니다. 얼굴에 남은 에센스는 가볍게 두드려 흡수 시킵니다.",maskpack,Pad
[열감진정] 스킨푸드 감자 마데카소사이드 수딩 패드 60매,17600,제조일로부터 36개월/개봉후 사용기한 6개월,부드럽게 닦아내거나 케어가 필요한 부위에 팩처럼 사용하세요.,maskpack,Pad
[톤업잡티] 이니스프리 비타민C 잡티 토닝 패드 60매,19600,제조일로부터 36개월 / 개봉후 12개월 (상품 발송일 기준으로 사용 기한이 1년 이상 남은 상품만을 판매 합니다),본품을 피부에 붙이고 10~20분 후 지지체를 제거한 다음 남은 제품을 골고루 펴바른다.,maskpack,Pad
[쿨링/진정]잇츠스킨 파워10 포뮬라 엘아이 젤리 패드 감초줄렌 70매 (+70매 리필기획),24000,개봉 후 12개월,"1. 진정이 필요한 부위에 패드를 올려놓은 뒤, 약 5~10분 후 떼어내고 남은 에센스는 가볍게 두드려 흡수시켜 줍니다. 2. 사용 후 패드가 마르지 않도록 뚜껑을 정확히 닫아 밀봉해 줍니다.",maskpack,Pad
오브제 인텐스 칠링 패드 70매,19400,"제조일로부터 3년, 개봉 후 6개월",패드를 꺼내어 필요 부위에 얹어 5~10분 후 떼어낸 뒤 피부에 남은 내용물을 가볍게 흡수시켜 줍니다.,maskpack,Pad
[5초진정]다자연 어성초 목화솜 토너 패드 더블기획 (80매+80매),27000,제조일로부터 36개월 / 개봉 후 6개월 (2025-09-06 까지),세안 후 내장된 집게로 패드를 꺼내 눈가를 제외한 얼굴 전체를 피부 결 방향으로 부드럽게 닦아냅니다. 사용 후 패드가 마르지 않도록 뚜껑을 닫아 밀봉해 줍니다.,maskpack,Pad
[각질패드] 스킨푸드 샤인머스캣 시카 바하 토너패드 70매,17600,제조연월 : 발송일로부터 1년이내 제조 / 사용기한 : 제조일로부터 36개월,세안 후 엠보싱면으로 눈가와 입가를 제외한 얼굴 전체를 피부결 방향으로 부드럽게 닦아내줍니다. 패드 반대쪽의 평평한 면으로 한번 더 닦아주어 피부결을 정돈해 줍니다.,maskpack,Pad
[트러블/각질케어]메이크프렘 인테카 트러블 수딩 패드 70매,28000,제조일로부터 36개월 (개봉 후 12개월 이내),"1. 엠보면으로 눈가를 제외한 얼굴 전체에 피부결을 따라 부드럽게 닦아내세요. 2. 패드를 뒤집어 부드러운 면으로 피부 결 방향으로 한번 더 닦아내며 정돈해주세요. *진정이 필요한 부분에 얹어 팩 대용으로 사용할 수 있습니다. * 패드가 마르지 않도록 뚜껑을 정확히 닫아 밀봉하고, 에센스가 새지 않도록 세워서 보관해 줍니다.",maskpack,Pad
[쿨링진정] 이즈앤트리 초저분자 히아루론산 징크 쿨링 패드 60매,16500,제조일 기준 36개월/개봉 후 12개월,"1. 세안 후 눈가를 제외한 얼굴 전체에 피부 결 방향으로 부드럽게 닦아낸 뒤 피부에 남은 에센스는 가볍게 두드려 흡수시켜 줍니다. 2. 집중 케어가 필요한 부위에는 마스크팩처럼 올려 사용해 줍니다. * 패드가 마르지 않도록 뚜껑을 정확히 닫아 밀봉하고, 에센스가 새지 않도록 세워서 보관해 줍니다.",maskpack,Pad
[민감진정/리얼시카패드] 셀퓨전씨 포스트 알파 시카 쿨링 패드 70매,19000,30개월 (개봉후 6개월),"시카 쿨링 패드는 쿨링 및 진정 효과가 필요한 부위에 팩부터 토너패드까지 다양하게 사용 가능합니다. *쿨링팩으로 사용 시, 열감으로 달아오른 고민 부위에 패드를 올려둔 뒤, 약 5~10분 후 떼어내고 피부에 남은 에센스를 가볍게 두드려 흡수시켜 줍니다. *토너패드로 사용 시, 세안 후 눈 주위를 제외한 얼굴 전체를 피부 결을 따라 부드럽게 닦아줍니다.",maskpack,Pad
러븀 위치하젤 히알루론산 토너 패드 60매 (+10매 증정기획),19500,제조일로부터 36개월 / 개봉후 12개월,"세안 후 패드를 꺼내어 엠보싱 면으로 피부 결을 닦아내고, 부드러운 순면으로 한 번 더 가볍게 닦은 후 내용물을 흡수시켜 줍니다.",maskpack,Pad
브링그린 대나무히알루수분부스팅토너패드 80매 (+80매리필기획),22400,"■ 제조일로부터 30개월, 개봉 후 12개월","■ 아침 저녁, 세안 후 스킨케어 첫 단계에서 눈가를 제외한 얼굴 전체를 피부결 방향으로 부드럽게 닦아냅니다. 긴급 수분 충전이 필요한 부위에 패드를 올리고 1-3분간 집중 케어해줍니다.",maskpack,Pad
[150매대용량 / 수분진정] 오어스 민들레 진정 토너패드 90매 (+60매 리필기획),26550,제조일로부터 30개월,"1. 세안 후 엠보면으로 눈가를 제외한 얼굴 전체에 피부결 방향으로 부드럽게 닦아냅니다. 2. 패드를 반으로 분리하여 부드러운 면을 진정과 수분공급이 필요한 양 볼, 이마 등 고민부위에 마스크팩처럼 올려둡니다. 3. 3~5분 후 떼어내고 남은 에센스는 가볍게 두드려 흡수시켜줍니다.",maskpack,Pad
[수분진정]시카 카밍토너패드 60매,19600,24개월,"패드를 10~20분 붙인 후 피부 결 따라 부드럽게 닦아내고, 피부에 남은 에센스는 가볍게 두드려 흡수시켜줍니다. TIP. 집중 진정 및 보습이 필요한 부위에는 마스크팩처럼 부착해 주시면 효과가 좋습니다.",maskpack,Pad
[소용량/여행용]시카 카밍토너패드 10매,19600,24개,"패드를 10~20분 붙인 후 피부 결 따라 부드럽게 닦아내고, 피부에 남은 에센스는 가볍게 두드려 흡수시켜줍니다. TIP. 집중 진정 및 보습이 필요한 부위에는 마스크팩처럼 부착해 주시면 효과가 좋습니다.",maskpack,Pad
[쿨링진정/찢어쓰는패드] 에딧비 진정 톡 시카 어성초 트러블 패드 70매,18200,"발송일로부터 최대 36개월 이내 제조 된 제품으로 발송, 개봉 후 6개월","(닦토할 때) 세안 후, 첫 단계에서 피부 결을 따라 부드럽게 닦아냅니다. (토닦할 때) 진정이 필요한 부위에 쉽게 톡 절취하여 패드를 올려둡니다. ※ 사용 후 패드가 마르지 않도록 뚜껑을 꽉 닫아 밀봉해 줍니다.",maskpack,Pad
[급속진정 / 산뜻촉촉] 오어스 민들레 진정 토너패드 90매,18900,제조일로부터 30개월,"1. 패드를 반으로 분리하여 부드러운 면을 진정과 수분공급이 필요한 양 볼, 이마 등 고민 부위에 마스크팩처럼 올려둡니다. 2. 세안 후 엠보면으로 눈가를 제외한 얼굴 전체에 피부결 방향으로 부드럽게 닦아냅니다. 3. 3-5분 후 떼어내고 남은 에센스는 가볍게 두드려 흡수시켜줍니다.",maskpack,Pad
아리얼 스트레스 릴리빙 데일리 픽 필링 패드 기획 (30매 x 3개입),10900,36개월,"엠보면 : 파우치에서 패드 1장을 꺼내어 엠보 면을 사용해 피부결 방향으로 부드럽게 닦아냅니다. 매끈한면 : 매끈한 면으로 피부결을 정돈합니다. 이마, 턱, 콧볼 옆 등은 한 번 더 꼼꼼하게 피지와 각질을 케어해줍니다.",maskpack,Pad
듀이셀 큐라힐스 히알루로닉 패드 70매,23800,"제조일로부터 (36개월/3년)이내의 상품을 순차적으로 발송, 유통기한 개봉 후 12개월",1) 세안 후 엠보면으로 눈가 주위를 제외한 얼굴부위를 부드럽게 닦아냅니다. 2) 패드의 반대면을 이용해 피부결 방향으로 부드럽게 정리해 줍니다. 필요에 따라 10~20분정도 팩처럼 사용하시면 더욱 좋은 피부 컨디션을 얻을 수 있습니다. 3) 남은 에센스는 가볍게 두드려 흡수시켜 줍니다. * 첨가된 에센스가 마르지 않도록 사용 후 캡을 잘 닫아주세요.,maskpack,Pad
[NEW] 에센허브 티트리 마일드 클리어 패드 60매,35000,"제조일자로 부터 36개월, 개봉 후 12개월 내 사용권장",1) 세안 후 기초 케어 첫 단계에서 거즈홀면을 이용하여 눈과 입가를 제외한 피부 결을 따라 부드럽게 닦아 내어 피부 결을 정돈해 줍니다. 2) 집중 케어가 필요한 부분에 플레인면을 이용하여 10~20분간 팩처럼 붙여서 사용해 줍니다. *사용 후 패드가 마르지 않도록 뚜껑을 닫아 밀봉하여 보관해 줍니다.,maskpack,Pad
이니스프리 레티놀 시카 흔적 패드 60매 (+10매 증정기획),19600,제조일로부터 36개월 / 개봉후 3개월 (상품 발송일 기준으로 사용기한이 1년 이상 남은 상품만을 판매합니다),[사용법] 세안 후 고민 부위에 패드를 부착해 줍니다. 약 10~20분간 집중 케어 후 눈가를 제외한 얼굴 전체를 부드럽게 닦아내고 남아있는 내용물은 가볍게 두드려 흡수시켜 주세요. [효능효과] 피부의 미백에 도움을 준다. 피부의 주름개선에 도움을 준다. [용법용량] 본품을 피부에 붙이고 10~20분 후 지지체를 제거한 다음 남은 제품을 골고루 펴바른다. [보관 및 취급시 주의사항] 1. 패드에 레티놀과 시카 성분이 함유되어 성분 특성상 사용 중 약간의 색상 변화가 있을 수 있으나 제품 품질 및 효능에는 이상이 없습니다. 2. 사용 후 패드가 마르지 않도록 뚜껑을 닫아 밀봉해 줍니다 .3. 실링지 제거 후 보관 방법에 따라 내용물이 샐 수 있으니 세워서 보관해주세요.,maskpack,Pad
아누아 비타민씨 나이아신 톤업 잡티 패드 60매,18500,제조일로부터 30개월 / 개봉 후 12개월,1. 기초 케어 첫 단계에서는 눈과 입가를 제외한 얼굴 전체를 피부결 방향으로 부드럽게 닦아냅니다. 2. 사용 후 패드가 마르지 않도록 뚜껑을 완전히 닫아 밀봉해줍니다.,maskpack,Pad
파이코어 디퍼런씨 블루바이옴 리페어 토너패드 70매,25800,36개월 / 개봉 후 12개월,"""① 세안 후 눈가나 상처부위를 제외한 얼굴 전체를 피부 안쪽에서 바깥쪽 방향으로 부드럽게 닦아내어 정돈시킨 뒤 남아있는 내용물을 두드려 흡수시켜 줍니다. ② 진정 · 보습 관리가 필요한 피부 고민 부위에 패드를 마스크팩처럼 올려 집중 케어해줍니다. * 전용 핀셋으로 1장씩 꺼내어 사용하며, 사용 후 패드가 마르지 않도록 뚜껑을 정확히 닫아 밀봉해주세요.""",maskpack,Pad
아임프롬 라이스 토너 패드 60매,20800,제조일로부터 36개월 / 개봉 후 12개월,세안 후 패드를 꺼내어 양볼 또는 케어가 필요한 부위에 맞게 패드를 늘려서 밀착시켜 줍니다. 약 10~20분 후 눈가를 제외한 얼굴 전체를 피부 결에 따라 부드럽게 닦아내고 피부에 남아있는 내용물을 가볍게 흡수시켜 줍니다.,maskpack,Pad
[인보라PICK] 더마펌 수딩 리페어 토닝 패드 R4 70매 기획 (+리필 70매),27300,제조일로부터 36개월,1. 세안 후 기초 첫 단계에서 눈가를 피해 고민 부위에 잘 밀착시키고 3-5분 정도 팩처럼 올려둡니다. (이마 or 턱밑 등 넓은 부위는 얼굴 면적에 맞춰 패드를 늘려 사용 가능합니다.) 2. 떼어낸 후 남은 에센스는 흡수시켜 피부결을 정돈시켜 줍니다. 3. 사용 후 패드가 마르지 않도록 뚜껑을 완전히 닫아 밀봉해줍니다.,maskpack,Pad
[고현정 PICK] 코이 플로우 인텐시브 크림 패드 50매,30000,제조일자로부터 3년,"세안 후 토너로 피부 결을 정돈한 후, 관리가 필요한 부위에 10~20분 간 부착합니다. 패드를 제거하고 피부 위에 남아있는 에센스를 두드려 흡수시켜줍니다.",maskpack,Pad
[고현정 PICK] 코이 플로우 소프트 코튼 필 패드 70매,30000,제조일자로부터 3년,세안 후 패드를 이용해 피부 결을 정돈하거나 관리가 필요한 부위에 10~20분 간 부착한 후 패드를 제거하고 피부 위에 남아있는 에센스를 두드려 흡수시켜줍니다.,maskpack,Pad
[고현정 PICK] 코이 플로우 셀코드 마스크 패드 50매,30000,제조일자로부터 3년,"세안 후 토너로 피부 결을 정돈한 후, 관리가 필요한 부위에 10~20분 간 부착합니다. 패드를 제거하고 피부 위에 남아있는 에센스를 두드려 흡수시켜줍니다.",maskpack,Pad
[NEW/쌀뜨물 패드] 스킨푸드 라이스 브라이트닝 패드 60매,26000,제조연월 : 발송일로부터 1년이내 제조 / 사용기한 : 제조일로부터 36개월,부드럽게 닦아내거나 케어가 필요한 부위에 팩처럼 사용하세요.,maskpack,Pad
[세븐틴 승관PICK] 그린핑거 포레스트 피톤 수분시카 세럼패드 70매,18200,사용기한 30개월,본품을 피부에 붙이고 10~20분 후 지지체를 제거한 다음 남은 제품을 골고루 펴바른다.,maskpack,Pad
[세븐틴 에스쿱스PICK] 네오젠 나이아신아마이드 글로우 업 데일리 마스크 패드 기획 (40매 + 10매),24900,개봉 전 36m / 개봉 후 12m,"1. 집게로 패드 한장을 꺼내어 양 볼과 이마 등 케어가 필요한 부위에 붙여 줍니다. 2. 약 5분~10분 그대로 둔 후 한번 더 꼼꼼하게 닦아내며 남은 세럼을 흡수시켜 줍니다. 3. 짠! 데일리로도, 스페셜 케어로도 광채 보습 피부 완성!",maskpack,Pad
그라운드플랜 필링패드 50매,29000,제조일로부터 36개월,"세안 후 물기를 제거한 뒤 극세사면으로 부드럽게 각질을 케어해 주고 순면으로 피부 결을 정리해 준 후 스킨은 가볍게 두드려 흡수시켜 줍니다. 1) 페이스 각질 케어 세안 후 물기를 제거한 뒤 극세사 면으로 부드럽게 각질을 케어해 준 후 순면으로 피부 결을 정리해 줍니다. 2) 바디 각질 케어 샤워 후 물기를 제거한 뒤 극세사 면으로 팔꿈치, 무릎, 발꿈치 등 각질이 많은 부위를 닦아주며 각질을 케어해 줍니다. 3) 수정 화장 케어 수정 화장 전 극세사 면으로 메이크업을 닦아낸 후 순면으로 피부 결을 정리해 주면 수정 화장 시 더욱 매끄러운 피부 연출이 가능합니다.",maskpack,Pad
테라비코스 히알루론산 3000 링클 앰플 패드 60매,29900,제조일로부터 36개월.,패드의 엠보면으로 얼굴 전체를 피부결 방향으로 부드럽게 닦아 주거나 패드의 부드러운 면이 피부에 닿게 팩처럼 붙여줍니다. 약 5~10분 후 떼어내고 남은 에센스는 가볍게 두드려 흡수시켜 줍니다.,maskpack,Pad
테라비코스 히알루론산 3000 앰플 패드 70매,28000,제조일로부터 36개월,패드의 엠보면으로 얼굴 전체를 피부결 방향으로 부드럽게 닦아 준 후 패드를 뒤집어 부드러운 면이 피부에 닿게 팩처럼 붙여줍니다. 약 5~10분 후 떼어내고 남은 에센스는 가볍게 두드려 흡수시켜 줍니다.,maskpack,Pad
[깐달걀피부결] 이니스프리 레티놀 시카 흔적 패드 60매 (마이멜로디 스티커 증정기획),19600,사용기한 36개월 / 개봉 후 12개월 (상품 발송일 기준으로 사용기한이 12개월 이상 남은 상품만을 판매합니다),[사용법] 적당량을 덜어 얼굴과 목에 부드럽게 펴발라 줍니다.,maskpack,Pad
[엔하이픈 성훈 PICK] 믹순 히알루론산 토너 패드 80매,23400,제조일로부터 36개월,"피부 결을 따라 안쪽에서 바깥으로 닦아냅니다. 집중 케어가 필요할 때, 관리가 필요한 곳에 10분 정도 올려놓은 후 떼어내어줍니다.",maskpack,Pad
[엔하이픈 선우 PICK] 믹순 콜라겐 토너 패드 110매,23400,제조일로부터 36개월,"피부 결을 따라 안쪽에서 바깥으로 닦아냅니다. 집중 케어가 필요할 때, 관리가 필요한 곳에 10분 정도 올려놓은 후 떼어내어줍니다.",maskpack,Pad
[NEW] 스킨푸드 핑크자몽 아하 토너패드 70매,26000,제조연월 : 발송일로부터 1년이내 제조 / 사용기한 : 제조일로부터 36개월,세안 후 엠보싱면으로 눈가와 입가를 제외한 얼굴 전체를 피부결 방향으로 부드럽게 닦아내줍니다. 패드 반대쪽의 평평한 면으로 한번 더 닦아주어 피부결을 정돈해 줍니다.,maskpack,Pad
[NEW] 스킨푸드 아스파라거스 글루타치온 패드 60매,26000,제조연월 : 발송일로부터 1년이내 제조 / 사용기한 : 제조일로부터 36개월,세안 후 양볼 또는 광채가 필요한 부위에 부착해 줍니다. 약 5~10분 후 눈가를 제외한 얼굴 전체를 부드럽게 닦아내고 남아있는 에센스는 가볍게 두드려 흡수시켜 주세요.,maskpack,Pad
셀로라바이 포텐션 모공 더블케어 패드 70매,24500,제조일로부터 30개월 / 개봉후 12개월,"1. 뚜껑을 열고 실링지를 제거합니다 2. 집게를 사용하여 패드를 꺼낸 후, 피부에 3~5분 정도 붙여둡니다 3. 얼굴 안쪽부터 부드럽게 닦아내며 피부결을 정돈합니다 4. 사용 후 패드가 마르지 않도록 뚜껑을 완전히 닫아 밀봉하여 보관합니다",maskpack,Pad
비욘드 엔젤 티트리올 트러블 토너 패드 130매,20000,"개봉전 제조일로부터 36개월, 유통기한 개봉후 6개월",세안 후 기초 케어 첫 단계에서 눈가를 제외한 얼굴 전체를 피부결 방향으로 (안쪽에서 바깥쪽으로) 부드럽게 닦아내고 남아있는 토너는 가볍게 두드려 흡수시켜 줍니다. 또는 피부 고민이 있는 부위는 마스크팩처럼 올려두고 3~5분간 케어해줍니다.,maskpack,Pad
닥터지 레드 블레미쉬 클리어 더블 결 패드 60매,22000,30개월(개봉 후 12개월),세안 후 #모양 패드면으로 피부결을 따라 부드럽게 닦아줍니다. 집중케어가 필요한 부위에는 패드 뒷면을 활용하여 5~10분 부착 후 남은 에센스는 두드려 흡수시켜 줍니다. TIP! 민감 고민과 얼룩덜룩한 잡티·트러블 흔적 케어가 필요한 부위에는 CICA X VITA를 담은 고밀착 팩토로 집중 관리해주면 효과적으로 케어할 수 있습니다.,maskpack,Pad
[1위패드] 네오젠 나이아신아마이드 글로우업 데일리 마스크 패드 40매 슈야토야 에디션 (+스티커 증정),19900,개봉 전 36m / 개봉 후 12m,"1. 집게로 패드 한장을 꺼내어 양 볼과 이마 등 케어가 필요한 부위에 붙여 줍니다. 2. 약 5분~10분 그대로 둔 후 한번 더 꼼꼼하게 닦아내며 남은 세럼을 흡수시켜 줍니다. 3. 짠! 데일리로도, 스페셜 케어로도 광채 보습 피부 완성!",maskpack,Pad
닥터지 바쿠치올 포어젯 스피큘 패드 30매,22400,36개월(개봉 후 12개월),1. 세안 후 스피큘 엠보 패드면으로 눈가 입가를 제외한 얼굴 전체를 피부 결을 따라 부드럽게 닦아줍니다. 2. 집중 케어가 필요한 부위에는 패드 반대쪽 부드러운 면을 활용하여 1-2분 부착 후 남은 에센스는 두드려 흡수시켜 줍니다. 3. 패드 사용 후 평소 사용하시던 스킨케어 제품을 부드럽게 펴 발라줍니다.,maskpack,Pad
바이오던스 바이오 콜라겐 겔 토너 패드 60매 기획 (+4종 2매 증정),19900,제조일로부터 30개월 / 개봉 후 12개월 이내,사용법) 세안 후 스킨케어 첫 단계에서 눈가를 제외한 얼굴 전체를 피부결 방향으로 부드럽게 닦아냅니다. TIP) 집중 케어가 필요한 부위에 패드를 올리고 3-5분간 케어해 줍니다.,maskpack,Pad
[모공케어/도경수pick] 더마토리 살리시닉 포어 클리어 블랙 모공 토너패드 70매 기획 (+70매 리필),24100,개봉 전 36개월 개봉 후 12개월,'세안 후 첫 단계에서 눈가와 입가를 제외한 얼굴 전체를 피부결 방향으로 부드럽게 닦아줍니다. *패드가 마르지 않도록 뚜껑을 닫아 밀봉하고 세워서 보관해 줍니다.,maskpack,Pad
[8월 올영픽] 더마토리 시카 엑소좀 흔적 진정 거즈 토너패드 70매 기획(+70매 리필),24100,개봉 전 36개월 개봉 후 12개월,'수딩 면을 진정이 필요한 부위에 부착한 후 반대쪽 거즈 면으로 부드럽게 닦아 피부결을 정돈해 줍니다.,maskpack,Pad
밀크터치 서양송악 그린히알루론 6초 수분 진정 패드 60매,30000,"제조일로부터 3년, 개봉 후 12개월","1. 세안 후, 눈가를 제외한 얼굴 전체에 피부결 방향으로 부드럽게 닦아냅니다. 2. 피부가 예민할 땐, 패드를 3겹으로 나누어 붙인 뒤 피부를 진정 시켜 줍니다.",maskpack,Pad
[모공패드]비긴스 바이 정샘물 포어 클리어 패드 70매,18750,개봉 후 6개월 이내 사용 권장,"세안 후 엠보면으로 가볍게 닦아낸 뒤, 집중 케어가 필요한 부위에 플레인면을 사용해 팩처럼 부착합니다.",maskpack,Pad
[잡티집착/화잘먹]SNP 글루타치온 PDRN 잡티 광채 밴딩 토너 패드 60매,26000,제조일로부터 3년(개봉후1년),1. 세안 후 기초 케어 첫 단계에서 눈가와 입가를 제외한 얼굴 전체를 피부 결 방향으로 부드럽게 닦아냅니다. 2. 집중 케어가 필요한 부위에는 팩처럼 올려두면 진정 및 수분 케어 효과가 좋습니다. 3. 사용 후 남아있는 토너는 가볍게 두드려 흡수시켜 줍니다. * 패드가 마르지 않도록 뚜껑을 닫아 밀봉하여 보관합니다.,maskpack,Pad
니들리 데일리 토너 패드 80매 (+80매 리필기획),27900,개봉 후 6개월,"1. 세안 후, 엠보 면으로 피부 결을 정돈합니다. 2. 매끈한 면으로 한 번 더 닦아냅니다. 3. 남아있는 토너를 가볍게 두드려 흡수시켜 줍니다. 4. 사용 후, 패드가 마르지 않도록 뚜껑을 꼭 닫아주세요.",maskpack,Pad
[각질패드/모공청정] 비플레인 녹두 모공 클리어링 필터 패드 70매,18000,"제조일로부터 36개월, 개봉 후 12개월","세안  후, 눈가를 제외한 얼굴 전체를 피부 결 방향으로 부드럽게 닦아냅니다.",maskpack,Pad
스킨푸드 블루 캐모마일 히알루로닉 패드 70매 (온),26000,제조연월 : 발송일로부터 1년이내 제조 / 사용기한 : 제조일로부터 36개월,세안 후 눈가와 입가를 제외한 얼굴 전체를 부드럽게 닦아내고 남아있는 에센스는 가볍게 두드려 흡수시켜 주세요.,maskpack,Pad
스킨푸드 레몬그라스 나이아신아마이드 5 패드 60매 (온),26000,제조연월 : 발송일로부터 1년이내 제조 / 사용기한 : 제조일로부터 36개월,세안 후 양볼 또는 집중 케어가 필요한 부위에 부착해 줍니다. 눈가를 제외한 얼굴 전체를 부드럽게 닦아내고 남아있는 에센스는 가볍게 두드려 흡수시켜 주세요.,maskpack,Pad
[네오젠] 리얼 나이아신아마이드 글로우 업 데일리마스크 40매 (기획/슈야토야 에디션),19900,개봉 전 36m / 개봉 후 12m,스킨케어 마지막 단계에 소량을 덜어 얼굴 전체에 펴 발라줍니다.,maskpack,Pad
[흔적진정] 비플레인 시카테롤 블레미쉬 패드 80매,19500,"제조일로부터 36개월, 개봉 후 12개월","1. 토너 사용 후 양 볼과 이마 등 고민 부위에 패드를 올려둡니다. 2. 약 3~5분 뒤 떼어내고, 떼어낸 패드로 피부 결을 부드럽게 정리해 줍니다. 3. 남은 에센스를 가볍게 두드려 흡수시켜 줍니다. 4. 사용 후 패드가 마르지 않도록 뚜껑을 정확히 닫아 밀봉해 줍니다.",maskpack,Pad
[NEW][모공축소] 한율 보들은행잎 모공탄탄 펩타이드 패드 60매 기획 (+10매) (온),17800,"사용기한 24개월, 개봉후 12개월 이내 사용",세안 후 눈가를 제외한 얼굴 전체에 피부 결을 따라 얼굴 안쪽에서 바깥쪽으로 부드럽게 닦아내면서 흡수시켜줍니다.,maskpack,Pad
[NEW] 토리든 셀메이징 비타C 브라이트닝 토닝 패드 70매,16100,별도표기 / 30개월 (개봉 후 6개월),세안 후 고민 부위에 패드를 부착해 줍니다. 약 3~5분 후 눈가를 피하여 피부 결을 따라 부드럽게 닦아내고 남아있는 에센스는 가볍게 두드려 흡수시켜 줍니다.,maskpack,Pad
[피지 개선 특허성분/가로 모공 개선] 필킨X약손명가 포어솔루션 클리어 패드 70매,35000,제조일로부터 30개월,기초 케어 첫 단계에서 피부에 전체적으로 부착해 줍니다. 패드가 완전히 마르기 전에 떼어낸 후 피부결을 따라 가볍게 닦아내 줍니다.,maskpack,Pad
[올영단독] 스킨푸드 미나리 마스크시트 7매 (+3매 증정기획),21000,제조연월 : 발송일로부터 1년이내 제조 / 사용기한 : 제조일로부터 36개월,"1. 세안 후, 화장수로 피부 결을 정돈해줍니다. 2. 마스크를 얼굴 전체에 고르게 밀착시킵니다. 3. 20~30분 후 시트를 떼어내고, 남은 에센스는 가볍게 두드려 흡수시킵니다.",maskpack,Pad
BRTC V10 비타민 필링패드 더블기획 (80매+80매),29000,36개월 (12개월),1. 세안 후 엠보싱 면으로 눈가를 제외한 얼굴 전체에 피부 결 방향으로 부드럽게 닦아냅니다.  2. 반대쪽 패드를 이용하여 부드러운 면으로 피부 결 방향으로 정돈시켜 줍니다. 3. 사용 후 패드가 마르지 않도록 뚜껑을 닫아 줍니다.,maskpack,Pad
키노닉스 양배추 각질 진정 패드 70매,22000,개봉 전 36개월 / 개봉 후 6개월,"1. 아침, 저녁 세안 후 눈가를 제외한 얼굴 전체에 피부결 방향으로 부드럽게 닦아 냅니다. 2. 각질이 신경쓰이는 부위는 엠보면으로 한 번 더 닦아줍니다. ※ 사용 후 패드가 마르지 않도록 뚜껑을 꼭 닫아주세요",maskpack,Pad
블리블리 핑크 수분 패드 60매,23000,제조일로부터 36개월,①세안 후 물기를 제거한 후 눈가를 제외한 얼굴 전체 피부 결을 따라 부드럽게 닦아내 줍니다. ②피부 위에 남은 수분 에센스를 충분히 두드려 얼굴 전체에 흡수시켜 줍니다,maskpack,Pad
[열감 진정] 아비브 어성초 스팟 패드 카밍터치 140매 대용량 기획,27300,"제조일로부터 36개월, 개봉후 9개월",1. 뚜껑을 열어 내장된 집게로 패드 1장을 꺼냅니다. 2. 눈가를 제외한 얼굴 전체를 피부결을 따라 부드럽게 닦아내어 피부를 진정시켜 줍니다. 3. 사용 후 패드가 마르지 않도록 뚜껑을 정확히 닫아 밀봉해 줍니다. *긴급 진정이 필요한 부위에는 마스크팩처럼 올려두어 사용해주세요.,maskpack,Pad
포밤 문라이트 토너패드 70매,18900,개봉 후 12개월,"세안 후, 엠보 면을 사용하여 피부 결 방향으로 눈가를 제외한 얼굴 전체를 부드럽게 닦아 내주고 반대편 패드 면으로 피부 결을 정돈시켜줍니다.",maskpack,Pad
[10초수분충전] 아비브 수분초 히알루론 패드 하이드레이팅 터치 75매,16800,"제조일로부터 36개월, 개봉후 6개월",1. 뚜껑을 열어 내장된 집게로 패드 1장을 꺼냅니다. 2. 눈가를 제외한 얼굴 전체를 피부결을 따라 부드럽게 닦아내어 수분은 채워주고 매끄럽게 피부결을 정돈해주세요. 3. 사용 후 패드가 마르지 않도록 뚜껑을 정확히 닫아 밀봉해 줍니다. *긴급 수분충전이 필요한 부위에는 마스크팩처럼 올려두어 사용해주세요.,maskpack,Pad
메이크프렘 인테카 수딩 패드 70매,16800,제조일로부터 30개월 (개봉 후 12개월 이내),"뚜껑을 열어 내장된 집게로 패드 1장을 꺼내어 눈가를 제외한 얼굴 전체에 피부결을 따라 부 드럽게 닦아내어 줍니다. TIP 진정 케어가 필요한 부위에는 마스크팩처럼 올려두면 효과가 좋습니다. *패드가 마르지 않도록 뚜껑을 정확히 닫아 밀봉하고, 에센스가 새지 않도록 세워서 보관해 줍니다.",maskpack,Pad
[수분진정] 아드망 마린 켈프 아쿠아 모이스처 토너패드 60매,18800,제조일로부터 2년,1. 세안 후 기초 케어 첫 단계에서 눈가와 입가를 제외한 얼굴 전체를 피부 결 방향으로 부드럽게 닦아줍니다. 2. 패드의 반대쪽으로 더 닦아 주어 피부 결을 정돈해줍니다. 3. 사용 후 얼굴에 남아있는 토너는 가볍게 두드려 흡수시켜줍니다.,maskpack,Pad
[매끈결패드] 시초 딜라이트 토너패드 80매,27000,제조일로부터 24개월(개봉후 6개월),1. 뚜껑을 열어 내장된 집게로 패드를 꺼냅니다. 2. 세안 후 기초 케어 첫 단계에서 엠보싱 면으로 눈가와 입가를 제외한 얼굴 전체를 피부 결 방향으로 부드럽게 닦아냅니다. 3. 패드의 반대쪽 부드러운 면으로 한 번 더 닦아주어 피부 결을 정돈합니다. 4. 사용 후 패드가 마르지 않도록 뚜껑을 정확히 닫아 밀봉해 줍니다. TIP. 진정 케어가 필요한 부위에는 마스크팩처럼 올려두면 더욱 진정 효과가 좋습니다.,maskpack,Pad
바비모 시카 리페어 카밍 패드 60매,19000,제조연월일:20210629 / 유통기한:제조일로부터 3년,"토너패드로 사용시 엠보면을 사용하여, 피부결을 따라 부드럽게 닦아 노폐물을 제거해 줍니다. 팩으로 사용 시 순면 방향의 면을 사용하여, 집중케어가 필요한 부분에 패드를 10~20분정도 올려둡니다. 사용 후, 원터치 캡을 꼭 닫아 주세요.",maskpack,Pad
뉴트리스톰 23초 토탈 퀵 케어 패드 10매,18800,"""1.제조일로부터36개월 2.개봉후 바로 사용""","""1. 세안후 토너로 피부결을 정돈한후 글로브 패드를 꺼내어 손가락에 끼워줍니다. 2. 순면 패드 부분으로 23초간 피부결을 따라 부드럽게 두드리며 문지릅니다. 3. 가볍게 두드려 피부에 남아있는 에센스를 흡수시켜 줍니다.""",maskpack,Pad
헤이네이처 어성초 카밍 토너 패드 65매,30000,제조일로부터 2년 6개월,"1) 세안 후 양 볼과 이마 등 진정이 필요한 부위에 부착해 줍니다. 2) 약 5~10분 후 눈가를 제외한 얼굴 전체를 부드럽게 닦아낸 후, 남아있는 에센스를 가볍게 두드려 흡수시켜 줍니다.",maskpack,Pad
앱솔룹 원샷 포어 클리어 패드 60매,32000,제조일로부터 36개월 /개봉 후 6개월 이내 사용 권장,"스킨케어 마지막 단계에서 적당량을 취해, 피부에 가볍게 펴 발라줍니다.",maskpack,Pad
파넬 애플비니거 포어 패드 60매,24000,"개봉 전 30개월, 개봉 후 6개월 (사용기한 : 최소 2025년 3월 27일 이후까지인 상품만을 취급)","세안 후 내장된 집게로 패드를 꺼내 눈가를 제외한 얼굴 전체를 피부 결 방향에 따라 부드럽게 닦아낸 뒤, 가볍게 두드려 흡수시켜 줍니다.",maskpack,Pad
메디앤서 포어 콜라겐 클리어 패드 80매,26000,제조일로부터36개월 개봉 후 12개월,"""1. 피부 결 방향으로 부드럽게 닦아낸 후 남은 내용물은 가볍게 두드려 흡수시켜 줍니다. 2. 고민 부위에는 마스크팩처럼 올려 사용해 줍니다.""",maskpack,Pad
메디앤서 비타 콜라겐 글로우 패드 기획 80매 기획 (+10매),26000,제조일로부터 24개월 개봉 후 12개,"""1. 피부 결 방향으로 부드럽게 닦아낸 후 남은 내용물은 가볍게 두드려 흡수시켜 줍니다. 2. 고민 부위에는 마스크팩처럼 올려 사용해 줍니다.""",maskpack,Pad
메디앤서 포어 콜라겐 클리어 패드 기획 80매 기획 (+10매),26000,제조일로부터 24개월 개봉 후12개,"""1. 피부 결 방향으로 부드럽게 닦아낸 후 남은 내용물은 가볍게 두드려 흡수시켜 줍니다. 2. 고민 부위에는 마스크팩처럼 올려 사용해 줍니다.""",maskpack,Pad
메디앤서 콜라겐 글로우 패드 80매(+10매 기획) [비타/포어] 2종 중 택1,26000,제조일로부터 24개월 개봉 후 12개월,"""1. 피부 결 방향으로 부드럽게 닦아낸 후 남은 내용물은 가볍게 두드려 흡수시켜 줍니다. 2. 고민 부위에는 마스크팩처럼 올려 사용해 줍니다.""",maskpack,Pad
오휘 미라클 토닝 워터 패드 70매,28000,"개봉전 제조일로부터 36개월, 유통기한 개봉후 12개월",양면패드의 엠보 패턴면으로 눈가를 제외한 얼굴 전체에 피부결 방향을 따라 부드럽게 닦아 주세요. 진정이 필요한 부위에는 부드러운 매끈면을 부착하여 약 10~ 20분 후 패드를 제거한 뒤 피부 위에 남은 내용물을 가볍게 손으로 두드려 흡수시켜 줍니다.,maskpack,Pad
[모공청소] 한율 부들밤 모공수축 패드 60매(+10매 기획),17800,개봉 전 36개월  개봉 후 12개월,세안 후 눈가를 제외한 얼굴 전체에 피부 결을 따라 부드럽게 닦아냅니다. 나비존 등 모공 고민이 되는 부위에 5~10분간 올려두고 집중 케어 해줍니다,maskpack,Pad
니들리 안티 트러블 패드 60매 (+10매 증정기획),19900,제조일로부터 36개월 개봉후 12개월,1. 세안 후 첫 단계에서 격자무늬 엠보면으로 피부결을 따라 피지 및 노폐물을 닦아내 줍니다. 2. 패드를 뒤집어 매끈한 면으로 피부 고민 부위에 팩처럼 붙여준 후 남아있는 에센스를 두드려 흡수시켜줍니다.,maskpack,Pad
밀크터치 서양송악 진정 점보 패드 60매,21500,제조일로부터 36개월,"세안 후, 엠보싱 처리된 면을 피부에 달게 하여 닦아낸 다음 피부를 부드럽게 마사지해줍니다. 일반적으로 세럼이나 크림 사용전에 이용을 추천드립니다.",maskpack,Pad
[10분장벽탄력] 아비브 부활초 콜라겐 패드 퍼밍 터치 60매 기획 (+10매 추가 증정),24000,개봉 전 36개월/개봉 후 12개월,1. 뚜껑을 열어 내장된 집게로 패드 1장을 꺼냅니다. 2. 도톰한 솜패드를 반으로 갈라 자극없이 부드럽게 닦아내며 피부결을 정돈해 줍니다. 3. 사용 후 패드가 마르지 않도록 뚜껑을 정확히 닫아 밀봉해 줍니다. *집중 보습이 필요한 부위엔 팩처럼 5-10분 정도 붙여 솜패드의 에센스가 충분히 흡수될 수 있도록 해주세요.,maskpack,Pad
[흔적진정] 비플레인 시카테롤 블레미쉬 패드 70매(+20매 증정기획),26000,제조일로부터 36개월,"1. 토너 사용 후 양 볼과 이마 등 고민 부위에 패드를 올려둡니다. 2. 약 3~5분 뒤 떼어내고, 떼어낸 패드로 피부 결을 부드럽게 정리해 줍니다. 3. 남은 에센스를 가볍게 두드려 흡수시켜 줍니다. 4. 사용 후 패드가 마르지 않도록 뚜껑을 정확히 닫아 밀봉해 줍니다.",maskpack,Pad
리얼베리어 익스트림 판테놀 토너 패드 80매 (+10매 증정기획),25000,"개봉 전 제조일로부터 30개월간, 개봉 후 12개월 이내","세안 후, 눈가를 제외한 얼굴 전체에 피부결 방향으로 부드럽게 닦아냅니다. 건조로 푸석해진 고민 부위에 패드를 마스크 팩처럼 약3-5분 정도 올려둔 뒤 피부에 남은 에센스를 가볍게 두드려 흡수시켜 주면 더욱 좋습니다.",maskpack,Pad
[빙하수쿨링패드/화잘먹치트키] 셀퓨전씨 포스트 알파 쿨링 패드 70매 더블세트,29900,사용기한 30개월 / 개봉후 사용기한 6개월,"쿨링 패드는 쿨링 및 진정 효과가 필요한 부위에 팩부터 토너패드까지 다양하게 사용 가능합니다. *쿨링패드로 사용 시, 열감으로 달아오른 고민 부위에 패드를 올려둔 뒤, 약 5~10분 후 떼어내고 피부에 남은 에센스를 가볍게 두드려 흡수시켜 줍니다. 이마, 코 등 국소 부위는 시트를 반으로 나누어 사용해도 좋습니다.",maskpack,Pad
[열감진정] 아비브 어성초 스팟 패드 카밍터치 80매 (+10매 증정기획),24000,제조일로부터 36개월/개봉 후 12개월,1. 뚜껑을 열어 내장된 집게로 패드 1장을 꺼냅니다. 2. 눈가를 제외한 얼굴 전체를 피부결을 따라 부드럽게 닦아내어 피부를 진정시켜 줍니다. 3. 사용 후 패드가 마르지 않도록 뚜껑을 정확히 닫아 밀봉해 줍니다. *긴급 진정이 필요한 부위에는 마스크팩처럼 올려두어 사용해주세요.,maskpack,Pad
니들리 데일리 토너 패드 60매 (+10매 증정기획) (OY단독),24900,개봉후 사용기한 6개월,"1. 세안 후, 엠보면으로 부드럽게 닦아내어 피부결을 정돈합니다. 2. 매끈한 면으로 한 번 더 닦아낸 뒤 가볍게 두드려 흡수시켜 줍니다.",maskpack,Pad
바이오던스 세라놀 겔 토너 패드 60매 기획 (+6매 증정) (OY단독),19900,제조일로부터 30개월 / 개봉 후 12개월 이내,세안 후 스킨케어 첫 단계에서 눈가를 제외한 얼굴 전체를 피부결 방향으로 부드럽게 닦아냅니다.,maskpack,Pad
[이즈앤트리X몰티즈] 이즈앤트리 어니언 뉴페어 클리어 패드 60매 기획 (+리필 20매+키링),26000,개봉전 30개월 개봉후 6개월,세안 후 눈가를 제외한 얼굴 전체에 피부 결 방향으로 부드럽게 닦아 낸 뒤 피부에 남은 에센세는 가볍게 두드려 흡수시켜줍니다. 집중 케어가 필요한 부위에는 마스크팩처럼 올려 사용해 줍니다,maskpack,Pad
[잡티톤업]이니스프리 비타민C 잡티 톤업 패드 60매 기획 (+트위티 스티커),19600,제조일로부터 24개월 / 개봉후 3개월,세안 후 고민 부위에 패드를 부착해 줍니다. 약 10~20분간 집중 케어 후 눈가를 제외한 얼굴 전체를 부드럽게 닦아내고 남아있는 에센스는 가볍게 두드려 흡수시켜 주세요.,maskpack,Pad
[민감진정/리얼시카패드] 셀퓨전씨 포스트 알파 시카 쿨링 패드 70매 더블기획,28400,30개월 (개봉후 6개월),"시카 쿨링 패드는 쿨링 및 진정 효과가 필요한 부위에 팩부터 토너패드까지 다양하게 사용 가능합니다. *쿨링팩으로 사용 시, 열감으로 달아오른 고민 부위에 패드를 올려둔 뒤, 약 5~10분 후 떼어내고 피부에 남은 에센스를 가볍게 두드려 흡수시켜 줍니다. *토너패드로 사용 시, 세안 후 눈 주위를 제외한 얼굴 전체를 피부 결을 따라 부드럽게 닦아줍니다.",maskpack,Pad
[25ml 추가증정] 휩드 비건 팩클렌저 130g 기획 3종 (머그트리/무화버터/유자몽),29000,개봉 전 제조일로부터 24개월  / 개봉 후 6개월,"1. 워시오프팩으로 사용 시 마른 얼굴에 도톰하게 펴 바르고 1분 뒤 씻어주세요 TIP. 고민부위에 스팟케어용 팩으로 사용해보세요. 2. 데일리 클렌저 손톱만큼 떠서 거품을 낸 후, 젖은 얼굴에 롤링하고 씻어주세요.",Cleansing,Cleansing Foam Gel
[7월 올영픽/단독기획] 풀리 비건 팩클렌저 기획 3종 (그린토마토/레드토마토/쌀반죽),17300,제조일자로부터 3년,"클렌저 : 세안 시에 적당량을 덜어 거품을 낸 후, 젖은 얼굴에 롤링하며 마사지 후 씻어냅니다. 워시오프팩 : 마른 얼굴에 도톰하게 펴바른 후, 1분 팩으로 올려두고 씻어냅니다. *클레이 팩 클렌저는 피지 흡착을 위해 3-5분 뒤 씻어내는 것이 좋습니다.",Cleansing,Cleansing Foam Gel
[말끔모공/피지순삭] 아누아 어성초 클렌징 듀오 기획 (오일 200ml+폼 150ml),25500,제조 후 30개월 (개봉 후 12개월),물기 없는 손에 오일을 적당량 덜어 얼굴 전체를 마사지하듯이 부드럽게 롤링 한 후 미온수로 여러 번 씻어냅니다.,Cleansing,Cleansing Foam Gel
[써니채널pick/더블기획] 마녀공장 퓨어&딥 클렌징폼 160mlx2 더블기획,12400,"제조일로부터 3년, 개봉 후 1년",세안 시 적당량을 덜어 물로 충분히 거품을 낸 후 얼굴 전체에 마사지하듯 가볍게 문지르고 미온수로 깨끗하게 헹구어 냅니다,Cleansing,Cleansing Foam Gel
비플레인 녹두 약산성 클렌징폼 160ml 기획 (+40ml),21900,"제조일로부터 36개월 (1,095일)","세안시 적당량을 손에 덜어 물과 함께 거품을 내 피부를 부드럽게 마사지해주고, 미온수로 깨끗하게 씻어냅니다.",Cleansing,Cleansing Foam Gel
아렌시아 찹쌀떡솝 LHA 클렌저 150g 2종(그린티/라이스),17600,"제조일로부터 36개월, 개봉 후 6개월",세안 시 적당량을 덜어 거품을 낸 후 얼굴 전체를 부드럽게 마사지하며 깨끗이 씻어냅니다.,Cleansing,Cleansing Foam Gel
[모공세정] 아렌시아 떡솝 프레시 클렌저 120g 기획 3종 (그린/로즈힙/블루히솝),16100,"제조일로부터 36개월, 개봉 후 6개월",(STEP1) 데일리 클렌저 / 50원 정도를 손바닥에 덜어내어 물과 함께 부드럽게 롤링 후 얼굴을 세정해주시면 됩니다.(STEP2) 클렌징 팩 / 떡솝으로 가볍게 거품을 내어 얼굴에 도포해줍니다. 1-2분 기다렸다가 부드럽게 세정해주신다면 모공 속 노폐물은 말끔하게 세정되고 모공은 타이트닝해주는 클렌징 팩으로 활용 가능합니다.,Cleansing,Cleansing Foam Gel
[7월 올영픽/손목세안밴드 증정] 휩드 머그트리 비건 쿠키 클레이 팩클렌저 180ml 단독기획,21900,개봉 전 제조일로부터 30개월 / 개봉 후 12개월,워시오프팩 : 얼굴에 도톰하게 발라 차콜 파우더가 깨질 때 까지 롤링한 후 1분 뒤 씻어주세요. 데일리 클렌저  : 마른 얼굴에 적당량 덜어 물을 묻혀가며 거품내어 씻어주세요.,Cleansing,Cleansing Foam Gel
[핑거모공브러시증정] 한율 쑥시카 쑥떡 팩폼 120ml 기획 (+15ml 미니어처),19900,개봉후12개월 개봉전30개월,1.클렌징폼 활용법 내용물을 취하여 손바닥에서 충분히 거품을 내고 손끝으로 얼굴 안쪽에서 바깥쪽으로 부드럽게 문지른 후 물로 헹궈줍니다. 2.팩폼 활용법 내용물을 얼굴에 골고루 바른 후 1~2분 기다려줍니다. 컬러가 변할 때까지 부드럽게 롤링해준 후 미온수로 헹궈냅니다.,Cleansing,Cleansing Foam Gel
[7월 올영픽] [클렌징폼] 에스트라 아토베리어365 버블클렌저 150ml,13400,36개월(개봉후 1년),제품을 손에 적당량 덜어 얼굴과 몸에 가볍게 문지른 후 깨끗이 헹구어 냅니다. 샤워 시 부드러운 목욕용 스펀지를 사용하셔도 좋습니다. 물기를 제거한 후에는 보습제를 충분히 발라줍니다.,Cleansing,Cleansing Foam Gel
[온라인 단독기획] 센카 퍼펙트 휩 페이셜 워시 120g* 3입 기획,18500,제조일로부터 3년 이내 상품을 발송합니다. (개봉전 36개월 이내 사용가능),"젖은 손바닥에 적당량(약2cm)을 덜어 물과 함께 풍성한 거품을 내어 세안하고, 미온수로 헹구어 냅니다.",Cleansing,Cleansing Foam Gel
[7월올영픽/최대용량증정] 프리메라 마일드 앤 퍼펙트 오일 투 폼 200ml 기획(+200ml리필+30ml),19800,"개봉전 36개월, 개봉후12개월",Step 1 양 볼과 이마에 1펌프씩 덜어 부드럽게 롤링하며 메이크업을 녹여줍니다. Step 2 손에 물을 묻혀 거품을 생성하여 2차 세안까지 마무리해줍니다. Tips. 1) 메이크업을 하지 않은 경우에는 적당량을 덜어 바로 물을 묻힌 후 거품을 생성하여 가볍게 세안하여 줍니다. 2) 워터프루프 마스카라와 같은 헤비 메이크업은 립앤아이 리무버로 먼저 지워주세요,Cleansing,Cleansing Foam Gel
[7월 올영픽] 메디필 레드 락토 콜라겐 클리어 폼 2.0 300ml 기획 (+테디베어 키링),13200,36개월(12개월),적당량을 덜어 거품을 충분히 낸 후 얼굴 전체를 부드럽게 마사지 하고 미온수로 깨끗이 헹구어 냅니다.,Cleansing,Cleansing Foam Gel
[호텔 숙박권&팩클렌저+듀얼브러쉬 증정 | 리뷰이벤트] 아임프롬 팩클렌저 120g 3종 (허니/피그/애프리콧),16800,제조 후 36개월 / 개봉 후 12개월,"[허니 시럽 팩클렌저] 적당량을 덜어 물로 충분히 거품을 내 후, 얼굴 전체를 부드럽게 마사지하고 미온수로 깨끗하게 행구어냅니다. *팩으로 사용 시 눈가, 입가를 제외한 얼굴에 펴 바르고 1분 뒤 미온수로 마사지하며 깨끗하게 헹구어 냅니다. [피그 젤라또 팩클렌저] 적당량을 덜어 물로 충분히 거품을 내 후, 얼굴 전체를 부드럽게 마사지하고 미온수로 깨끗하게 행구어냅니다. *팩으로 사용 시 눈가, 입가를 제외한 얼굴에 펴 바르고 1분 뒤 미온수로 마사지하며 깨끗하게 헹구어 냅니다. [애프리콧 셔벗 팩클렌저] 적당량을 덜어 얼굴 전체를 부드럽게 마사지하여 시원한 쿨링감을 느낀 후, 물로 충분히 거품을 내어 미온수로 깨끗하게 헹구어 냅니다.",Cleansing,Cleansing Foam Gel
메이크프렘 세이프 미 릴리프 모이스처 클렌징폼 150ml 1+1 기획,14540,제조일로부터 30개월(개봉 후 12개월),적당량을 덜어 거품을 충분히 낸 후 얼굴 전체를 부드럽게 마사지하고 미온수로 깨끗이 헹구어 냅니다.,Cleansing,Cleansing Foam Gel
[트러블진정] 메디필 그린 시카 콜라겐 클리어 폼 2.0 기획,14800,제조일로부터 36개월 (개봉 후 12개월),적당량을 덜어 거품을 충분히 낸 후 얼굴 전체를 부드럽게 마사지 하고 미온수로 깨끗이 헹구어 냅니다.,Cleansing,Cleansing Foam Gel
[촉촉말끔/화해1위] 에스네이처 아쿠아 라이스 약산성 클렌징폼 160ml 기획(+20ml),15110,제조일로부터 3년,손 또는 거품망에 적당량을 덜어 거품을 충분히 낸 후 젖은 얼굴을 부드럽게 클렌징해줍니다. 적당량을 피부에 도포하여 클렌징크림처럼 마사지하듯 롤링 후 미지근한 물로 세안하면 딥클렌징 효과를 느낄 수 있습니다.,Cleansing,Cleansing Foam Gel
[단독기획] 토리든 다이브인 저분자 히알루론산 클렌징폼 150ml 기획 (+30ml 증정),10500,제조일로부터 36개월 (개봉 후 12개월),적당량을 덜어 거품을 충분히 낸 후 얼굴에 부드럽게 마사지한 다음 미온수로 깨끗하게 헹구어 냅니다.,Cleansing,Cleansing Foam Gel
[약산성 피부결] 비건이펙트 청보리 LHA 젤클렌저 205ml 기획,20000,제조일로 부터 36개월 / 개봉 후 12개월,"적당량을 덜어 물로 충분히 거품을 낸 후, 얼굴을 부드럽게 마사지하듯 문지르고 미온수로 깨끗이 헹구어 주세요.",Cleansing,Cleansing Foam Gel
[7월 올영픽] 라로슈포제 똘러리앙 포밍 클렌저 125ml 기획 (+시카밤 3ml 증정),21680,18개월 이상 남아있는 제품부터 순차적으로 발송 / 개봉 후 12개월,"똘러리앙 퓨리파잉 포밍 크림 미지근한 물로 적신 피부에 부드럽게 마사지 한 후 깨끗이 씻어냅니다. 시카플라스트 밤 B5+ 3ml 세안 후, 크림 단계에서 피부에 부드럽게 펴 발라 줍니다. 자기 전, 피부에 듬뿍 발라 슬리핑 팩 처럼 사용해주셔도 됩니다. 민감피부 바디케어에 활용 가능하며 끈적입 없이 케어 가능합니다",Cleansing,Cleansing Foam Gel
[증정/약산성] 닥터지 약산성 레드 블레미쉬 클리어 수딩 폼 기획2종 택 1(150ml+75ml/150ml+150ml),14500,30개월(개봉후 12개월 이내 사용을 권장드립니다.),내용물 적당량을 취해 소량의 물로 충분히 거품을 낸 다음 얼굴에 마사지하듯 부드럽게 클렌징 후 미온수로 깨끗이 헹구어 냅니다.,Cleansing,Cleansing Foam Gel
아누아 어성초 피지쏙 모공 폼 150ml 2입 기획,22500,30개월 (개봉 후 1년),세안 시 적당량을 덜어 충분히 거품을 낸 후 얼굴 전체를 부드럽게 마사지하며 깨끗이 씻어냅니다.,Cleansing,Cleansing Foam Gel
에스트라 테라크네365 클리어 딥 클렌징 폼 200g,16500,36개월 (개봉후 1년),젖은 손에 적당량을 토출하여 거품을 내줍니다. 얼굴에 부드럽게 롤링하여 노폐물을 녹여낸 후 미온수로 깨끗이 씻어줍니다.,Cleansing,Cleansing Foam Gel
[7월 올영픽/라부부이벤트] 바이오던스 콜라겐 팩 투 폼 클렌저 150ml 기획,16500,제조일로부터 2년 6개월년,"1. 적당량을 손에 덜어 물로 거품을 낸 후 얼굴 전체에 마사지하듯 부드럽게 롤링하며 미온수로 깨끗하게 씻어냅니다. 2. 팩으로 사용 시 눈가, 입가를 제외한 얼굴에 적당량을 바르고 약 1-3분 건조 후 미온수로 깨끗하게 세안해줍니다.",Cleansing,Cleansing Foam Gel
비플레인 녹두 약산성 클렌징폼 80ml,9900,30개월,1. 세안시 적당량을 손에 덜어 물과 함께 거품을 냅니다. 2. 부드럽게 롤링하여 피붓결을 마시지해줍니다. 3. 미온수로 깨끗하게 씻어냅니다.,Cleansing,Cleansing Foam Gel
[NEW] 브링그린 티트리시카딥클렌징폼 120mL / 2개입,6600,"■ 제조일로부터 30개월, 개봉 후 12개월","■ 세안 시 적당량을 손에 덜어 물과 함께 풍성한 거품을 내 피부를 부드럽게 마사지해주고, 미온수로 깨끗하게 씻어냅니다.",Cleansing,Cleansing Foam Gel
라로슈포제 에빠끌라 딥클렌징 포밍크림 125ml 기획 (+15ml),27000,제조일로부터 35개월 이내 / 개봉후 12개월 이내,적당량을 젖은 손에 덜어 충분히 거품을 낸 후 젖은 얼굴과 목에 마사지한 후 미지근한 물로 말끔히 헹구어 내줍니다.,Cleansing,Cleansing Foam Gel
제로이드 포밍 클렌저 240ml,19800,"개봉 전 제조일로부터 36개월간,  개봉 후에는 12개월 이내",적당량을 펌핑하여 얼굴 등에 골고루 마사지하듯 충분히 문지르고 미온수로 깨끗이 헹구어 냅니다.,Cleansing,Cleansing Foam Gel
[모공딥세정] 아렌시아 떡솝 프레시 그린 클렌저 120g 기획 (+로즈힙 클렌저 15g),16100,"제조일로부터 36개월, 개봉 후 6개월",(STEP1) 데일리 클렌저 / 50원 정도를 손바닥에 덜어내어 물과 함께 부드럽게 롤링 후 얼굴을 세정해주시면 됩니다.(STEP2) 클렌징 팩 / 떡솝으로 가볍게 거품을 내어 얼굴에 도포해줍니다. 1-2분 기다렸다가 부드럽게 세정해주신다면 모공 속 노폐물은 말끔하게 세정되고 모공은 타이트닝해주는 클렌징 팩으로 활용 가능합니다.,Cleansing,Cleansing Foam Gel
[저자극] 닥터지 약산성 클렌징 젤 폼 200ml 기획 2종 택 1 (200ml+100ml / 200ml+200ml),25000,36개월(개봉 후 12개월),내용물 적당량을 취해 소량의 물로 충분히 거품을 낸 다음 얼굴에 마사지 하듯 부드럽게 클렌징 후 미온수로 깨끗이 헹구어 냅니다.,Cleansing,Cleansing Foam Gel
[약산성저자극] 아비브 아크네 폼 클렌저 어성초 폼 150ml,11200,"제조일로부터 24개월, 개봉 후 12개월",손에 적당량 내용물을 취하여 충분히 거품을 낸 후 마사지하듯 문지른 다음 물로 깨끗이 씻어 냅니다.,Cleansing,Cleansing Foam Gel
아벤느 클리낭스 클렌징 젤 200ml*피지잡는 *약산성클렌저 *클렌징폼,17000,"개봉전 3년, 개봉 후 1년이내 사용권장","아침, 저녁 세안 시 물로 얼굴을 충분히 적신 후 적당량을 덜어 거품을 낸 다음, 마사지하듯 부드럽게 클렌징하고 깨끗하게 헹궈줍니다. 가슴과 등 트러블 케어를 위하여 샤워젤로 사용해도 좋습니다.",Cleansing,Cleansing Foam Gel
[민가든PICK/단독기획] 듀댑 팩클렌저 150ml 2종 (시카티/듀톡스),17900,제조일로부터 3년,"클렌저로 사용 시 적당량을 덜어 물과 함께 충분한 거품을 내어 롤링 후 미온수로 씻어 줍니다. 팩으로 사용 시 1차 세안 뒤, 물기를 제거한 얼굴에 펴 바르고 1분이상 올려둔 후 미온수로 씻어줍니다.",Cleansing,Cleansing Foam Gel
[여드름기능성] 뉴트로지나 딥클린 아크네 포밍 클렌저 150g 기획(+100g),13900,3년,"아침 저녁 세안시, 적당량을 손에 덜어 충분히 거품을 내서 얼굴에 마사지하듯 문지른 후 물로 씻어냅니다.",Cleansing,Cleansing Foam Gel
[1+1/쫀쫀버블] 마녀공장 퓨어&딥 클렌징폼 120ml 1+1 기획,14000,"제조일로부터 3년, 개봉 후 18개월",세안 시 적당량을 덜어 물로 충분히 거품을 낸 후 얼굴 전체에 마사지하듯 가볍게 문지르고 미온수로 깨끗하게 헹구어 냅니다,Cleansing,Cleansing Foam Gel
식물나라 제주 탄산수 딥 모공 클렌징 폼 120ml (단품/1+1기획),4900,"■제조일로부터 30개월, 개봉 후 12개월","내용물 적당량을 덜어 물을 소량 묻힌 후, 거품을 충분히 냅니다. 풍성한 거품이 형성되면 얼굴에 부드럽게 마사지 하듯 문지르고 미온수로 깨끗이 헹구어냅니다.",Cleansing,Cleansing Foam Gel
[핀란드여행권] 토르홉 카모스 블랙 소금거품 클렌저 130g 기획 (+5g 미니어처),14220,제조일로부터 3년.,"1. 물기 있는 얼굴에 제품 적당량을 손에 덜어내어 소금 입자를 녹여 거품을 충분히 내어 세안해주세요. 2. 눈가, 입가를 제외한 피부 전체적으로 부드럽게 살살 롤링해주고, 특히나 블랙헤드, 피지 케어가 필요한 부위 구석구석 확실하게 롤링해주고 미온수에 씻어내줍니다. 3. 거친 피부결이 고민인 날은 소금 입자를 다 녹이지 말고 적당량만 녹여 피부 위 부드럽게 롤링하며 모공 노폐물 고민 부위를 구석구석 씻어내주세요.",Cleansing,Cleansing Foam Gel
[100ml 추가증정]바이오더마 세비엄 젤무쌍 500ml (+ 100ml) 기획,24000,제조일로부터 3년 이내의 상품을 순차적으로 발송/ 개봉 후 6개월 사용 권장,"물로 얼굴과 몸을 충분히 적신 후, 적당량을 덜어 피부에 부드럽게 마사지한 후 씻어냅니다. 면도 및 왁싱 시, 사용하여도 좋습니다. 거품망을 이용해서 거품을 내면 더 풍성하고 쫀쫀한 거품으로 세안이 가능합니다.",Cleansing,Cleansing Foam Gel
아누아 어성초 피지쏙 모공 폼 150ml 기획 (+25ml 증정),13000,30개월 (개봉 후 1년),세안 시 적당량을 덜어 충분히 거품을 낸 후 얼굴 전체를 부드럽게 마사지하며 깨끗이 씻어냅니다.,Cleansing,Cleansing Foam Gel
[화제의가성비템/모공클렌징] 이니스프리 화산송이 바하 모공 클렌징폼 150g,9070,사용기한 36개월 / 개봉 후 12개월 (상품 발송일 기준으로 사용 기한이 1년 이상 남은 상품만을 판매 합니다),세안 시 적당량을 손에 덜어 충분히 거품을 낸 뒤 얼굴에 마사지하듯 문지른 후 미온수로 씻어냅니다.,Cleansing,Cleansing Foam Gel
스트라이덱스 약알칼리성 저자극 클렌징폼 150mlx2,11900,사용기한: 제조일로부터 3년(패키지 하단 별도 표기),젖은 손바닥에 적당량을 덜어 충분히 거품을 내고 얼굴에 마사지하듯 가볍게 문지른 후 충분히 헹구어 냅니다.,Cleansing,Cleansing Foam Gel
[NEW] 아렌시아 라이스 LHA 포어 컨트롤 떡솝 클렌저 150g,17600,"제조일로부터 36개월, 개봉 후 6개월",세안 시 적당량을 덜어 거품을 낸 후 얼굴 전체를 부드럽게 마사지하며 깨끗이 씻어냅니다.,Cleansing,Cleansing Foam Gel
[단품] 풀리 비건 팩클렌저 3종 (그린토마토/레드토마토/쌀반죽),17300,제조일로부터 3년,"클렌저 : 세안 시에 적당량을 덜어 거품을 낸 후, 젖은 얼굴에 롤링하며 마사지 후 씻어냅니다. 워시오프팩 : 마른 얼굴에 도톰하게 펴바른 후, 1분 팩으로 올려두고 씻어냅니다. *클레이 팩 클렌저는 피지 흡착을 위해 3-5분 뒤 씻어내는 것이 좋습니다.",Cleansing,Cleansing Foam Gel
[지젤 PICK]센카 퍼펙트 휩 페이셜 워시 120g,7400,제조일로부터 3년 이내 상품을 발송합니다. (제조일로부터 36개월 이내 사용가능),"젖은 손바닥에 적당량(약2cm)을 덜어 물과 함께 풍성한 거품을 내어 세안하고, 미온수로 헹구어 냅니다.",Cleansing,Cleansing Foam Gel
휩드 유자몽 비건 팩클렌저 80g 기획(+모공 브러쉬),20400,개봉 전 제조일로부터 24개월 / 개봉 후 6개월,"1. 워시오프팩으로 사용 시 마른 얼굴에 도톰하게 펴 바르고 1분 뒤 씻어주세요 TIP. 고민부위에 스팟케어용 팩으로 사용해보세요. 2. 데일리 클렌저 손톱만큼 떠서 거품을 낸 후, 젖은 얼굴에 롤링하고 씻어주세요.",Cleansing,Cleansing Foam Gel
[더블기획]마녀공장 약산성 퓨리파잉 소다폼 150ml X2 기획,13500,"제조일로부터 3년, 개봉 후 18개월",세안 시 적당량을 덜어 물로 충분히 거품을 낸 후 얼굴 전체에 마사지하듯 가볍게 문지르고 미온수로 깨끗하게 헹구어 냅니다,Cleansing,Cleansing Foam Gel
[50ml 추가증정] 몰바니 저자극 LHA 율피 젤 클렌저 200ml,19800,개봉 전 36개월 / 개봉 후 12개월,"맨얼굴 세안 시 젖은 손에 적당량을 덜어, 얼굴 전체를 부드럽게 마사지하고 미온수로 깨끗이 헹구어 냅니다. 메이크업 세안 시 물기 없는 손에 적당량을 덜어낸 뒤, 얼굴 전체를 마사지하듯 부드럽게 클렌징하고, 미온수로 거품을 낸 후 깨끗히 헹구어 냅니다.",Cleansing,Cleansing Foam Gel
[스킨케어링클렌저/모공축소] 디어도어 비건 팩클렌저 100ml 2종 택1,16900,"제조일로부터 36개월, 개봉 후 12개월 이내 사용",워시오프 팩)마른 얼굴에 도톰하게 펴 바르고 약 1분 뒤 롤링하여 씻어냅니다. 클렌저)세안 시 적당량을 덜어 충분히 거품을 낸 후 젖은 얼굴에 롤링하여 씻어냅니다.,Cleansing,Cleansing Foam Gel
[모공세정] 바닐라코 클린잇제로 포어 클래리파잉 폼 클렌저 150ml 더블기획,12640,제조일로부터 36개월/개봉 후 12개월,세안 시 물기 있는 손에 덜어 충분히 거품을 낸 후 얼굴 전체를 부드럽게 마사지 한 다음 미온수로 깨끗이 씻어냅니다.,Cleansing,Cleansing Foam Gel
[매끈결광] 아렌시아 떡솝 프레시 로얄 로즈힙 클렌저 120g 기획 (+블루 클렌저 15g),16100,"제조일로부터 36개월, 개봉 후 6개월",(STEP1) 데일리 클렌저 / 50원 정도를 손바닥에 덜어내어 물과 함께 부드럽게 롤링 후 얼굴을 세정해주시면 됩니다.(STEP2) 클렌징 팩 / 떡솝으로 가볍게 거품을 내어 얼굴에 도포해줍니다. 1-2분 기다렸다가 부드럽게 세정해주신다면 모공 속 노폐물은 말끔하게 세정되고 모공은 타이트닝해주는 클렌징 팩으로 활용 가능합니다.,Cleansing,Cleansing Foam Gel
[여행용 단독증정/저자극 촉촉]일리윤 젠틀 딥 페이셜 클렌저 기획(250ml+30ml),16800,"제조일로부터 36개월, 개봉 후 24개월 이내 사용.","적당량을 덜어 물로 충분히 거품을 낸 후, 얼굴을 부드럽게 마사지하듯 문지르고 미온수로 깨끗이 헹구어 주세요.",Cleansing,Cleansing Foam Gel
[피지감소] 이즈앤트리 어니언 뉴페어 클렌징폼 150ml,10900,개봉전 36개월/개봉후 12개월,"적당량을 덜어 거품을 충분히 낸 후, 얼굴 전체를 부드럽게 마사지하고 미온수로 깨끗이 헹구어 냅니다.",Cleansing,Cleansing Foam Gel
[1+1] 넘버즈인 2번 딥클린 생크림 클렌징폼 더블 기획 (120ml+120ml),10200,제조일로부터 30개월 / 개봉 후 12개월,손바닥에 적당량을 덜어 거품을 낸 후 부드럽게 피부에 롤링하며 마사지해 줍니다. 사용 후 미온수로 씻어냅니다.,Cleansing,Cleansing Foam Gel
아벤느 클리낭스 클렌징 젤 100ml *피지잡는 *약산성클렌저 *클렌징폼,12000,제조일로부터 3년 개봉 후 1년이내,"아침, 저녁 세안 시 물로 얼굴을 충분히 적신 후 적당량을 덜어 거품을 낸 다음, 마사지하듯 부드럽게 클렌징하고 깨끗하게 헹궈줍니다. 등과 가슴 트러블* 케어를 위하여 샤워젤로 사용해도 좋습니다.",Cleansing,Cleansing Foam Gel
[피지말끔] 라운드랩 소나무 진정 시카 클렌저 150ml,12900,"제조일로부터 36개월, 개봉 후 12개월",세안 시 적당량을 덜어 충분히 거품을 낸 후 얼굴 전체를 부드럽게 마사지하며 깨끗이 씻어냅니다.,Cleansing,Cleansing Foam Gel
[블랙헤드 흡착] 에이프릴스킨 트라넥삼산 딥클렌저 120g,16500,"개봉 전 30개월 | 개봉 후 12개월 *본 제품은 입고일 별 사용기한이 상이하므로, 필요시 문의주시면 상담원이 확인해드리겠습니다.",1. 적당량을 손 바닥에 덜어낸 뒤 물과 함께 거품을 내줍니다.흡수가 완료된 후 수분감이 있는 제형을 덧발라 마무리해 줍니다. 2. 얼굴에 마사지하듯 롤링 후 헹구어 줍니다.,Cleansing,Cleansing Foam Gel
[증정기획] 라운드랩 1025 독도 클렌저 200ml 기획 (+독도클렌징워터 80ml),13900,"[본품] 제조일로부터 36개월, 개봉 후 12개월 [구성품] 제조일로부터 36개월, 개봉 후 12개월",적당량을 덜어 거품을 낸 후 얼굴 전체를 부드럽게 마사지하고 미온수로 깨끗이 씻어냅니다.,Cleansing,Cleansing Foam Gel
[리뷰이벤트/수분진정] 메디큐브 PDRN 젤투폼 클렌저 200ml 기획(+클렌징브러쉬 증정),18900,개봉 전 30개월 | 개봉 후 12개월,[아침 세안 시] 물기 있는 얼굴에 적당량을 덜어 얼굴 전체를 부드럽게 마사지하고 미온수로 깨끗이 헹구어 줍니다. [베이스 메이크업 세안 시] 마른 얼굴에 적당량을 덜어 얼굴 전체를 부드럽게 마사지하고 미온수로 깨끗이 헹구어 줍니다.,Cleansing,Cleansing Foam Gel
라로슈포제 시카플라스트 라방 B5 저자극 클렌저,18360,18개월 이상 남은 제품부터 순차적 배송 / 개봉후 6개월,"적당량을 덜어 손에서 거품을 낸 후, 젖은 피부를 부드럽게 마사지하듯이 클렌징 하고 물로 헹구어 내줍니다.",Cleansing,Cleansing Foam Gel
센카 올 클리어 더블 워시 폼 150ml,10900,제조일로부터 3년 이내 상품을 발송합니다. (제조일로부터 36개월 이내 사용가능),"첫 사용 시에는 내용물이 나올 때까지 펌프를 여러 번 눌러 주십시오.  젖은 손바닥에 적당량(펌프 3~4번 정도)을 덜어 세안하고, 물로 헹구어 냅니다. 워터프루프 마스카라는 센카 올 클리어 오일과 같이 사용하는 것을 추천합니다.",Cleansing,Cleansing Foam Gel
마루는강쥐 콜라보X아크네스 모공 클리어 젤 클렌저 125ml 기획(+마루파우치 2종 랜덤),12600,개봉 전 36개월 / 개봉 후 12개월,본 품 적당량을 취하여 충분히 거품을 낸 후 얼굴 및 기타 부위에 부드럽게 문지르고 물로 깨끗이 씻어냅니다.,Cleansing,Cleansing Foam Gel
[NEW/쫀쫀탱글] 라운드랩 동백 딥 콜라겐 젤리 팩 클렌저 150ml 기획 (+클렌징퍼프),17900,"제조일로부터 36개월, 개봉 후 12개월",눈가와 입가를 제외한 마른 얼굴에 도톰하게 펴 바르고 1~2분 후 부드럽게 문지르며 씻어냅니다. *데일리 클렌저로 사용할 경우 적당량 덜어 충분히 거품을 낸 후 부드럽게 마사지하며 깨끗이 씻어냅니다.,Cleansing,Cleansing Foam Gel
[수분아침 클렌징] 라곰 셀럽 젤 투 워터 아침 클렌저 170ml,14400,개봉후 12개월,"- 아침 클렌저 사용시:마른 얼굴 또는 물기가 있는 얼굴에 내용물을 적당량 덜어내어 눈과 입 주위를 제외한 얼굴에 바른 다음 밤사이 쌓인 노페물과 과도한 피지 등이 제거되도록 피부결을 따라 부드럽게 마사지 후 미온수로 헹구어 냅니다. - 1차 클렌저 사용시:내용물을 적당량 덜어내어 마른 얼굴에 부드럽게 마사지하듯 문지른 후 미온수로 헹구어내거나, 부드러운 티슈나 화장 솜으로 닦아냅니다.",Cleansing,Cleansing Foam Gel
아벤느 클리낭스 클렌징 젤 400ml *피지잡는 *약산성클렌저 *클렌징폼,30000,제조일로부터 3년 개봉 후 1년이내,"아침, 저녁 세안 시 물로 얼굴을 충분히 적신 후 적당량을 덜어 거품을 낸 다음, 마사지하듯 부드럽게 클렌징하고 깨끗하게 헹궈줍니다. 등과 가슴 트러블* 케어를 위하여 샤워젤로 사용해도 좋습니다.",Cleansing,Cleansing Foam Gel
센카 퍼펙트 휩 스피디 150mL+150mL 2입,21900,제조일로부터 3년 이내 상품을 발송합니다. (제조일로부터 36개월 이내 사용가능),"젖은 손바닥에 적당량(펌프 2~3회분 정도)을 덜어 클렌징 후, 미온수로 가볍게 헹구어 냅니다. 첫 사용 시에는 내용물이 나올 때까지 펌프를 여러 번 눌러주십시오.",Cleansing,Cleansing Foam Gel
[핑구방수팩 증정] 뉴트로지나 딥클린 포밍 클렌저 150g 더블기획,15700,3년,세안 시 적당량을 손에 덜어 충분히 거품을 내서 얼굴에 마사지하듯이 문지른 후 물로 씻어냅니다.,Cleansing,Cleansing Foam Gel
제로이드 인텐시브 페이셜 크림 클렌저 180ml,27000,"개봉 전 제조일로부터 36개월간,  개봉 후에는 12개월 이내",적당량을 펌핑하여 거품을 낸 후 얼굴 등에 골고루 마사지하듯 클렌징 후 미온수로 깨끗이 헹구어 냅니다.,Cleansing,Cleansing Foam Gel
스트라이덱스 약알칼리성 저자극 클렌징폼 기획(150ml+50ml),8900,사용기한: 제조일로부터 3년(패키지 뒷면 사용기한 별도 표기),젖은 손바닥에 적당량을 덜어 충분히 거품을 내고 얼굴에 마사지하듯 가볍게 문지른 후 충분히 헹구어 냅니다.,Cleansing,Cleansing Foam Gel
[진정/민감성] 닥터지 레드 블레미쉬 포맨 젠틀 클렌징 폼 150ml,12000,3년(개봉후 12개월 이내 사용 권장),내용물 적당량을 취해 소량의 물로 충분히 거품을 낸 다음 얼굴에 마사지하듯 부드럽게 클렌징 후 미온수로 깨끗이 헹구어 냅니다.,Cleansing,Cleansing Foam Gel
아크네스 데일리 딥클렌저,9400,"■ 제조일로부터 6개월이내의 상품을 순차적으로 발송, 유통기한 개봉 후 12개월",■ 손바닥에 적당량을 덜어 거품을 낸후 사용합니다.,Cleansing,Cleansing Foam Gel
[저자극/약산성] 라운드랩 1025 독도 클렌저 200ml+200ml,23500,"제조일로부터 36개월, 개봉 후 12개월","아침, 저녁 세안 시 적당량을 덜어 충분히 거품을 낸 후 얼굴 전체를 부드럽게 마사지하고 미온수로 깨끗이 씻어냅니다.",Cleansing,Cleansing Foam Gel
센카 퍼펙트 휩 콜라겐 인 120g,8600,제조일로부터 3년 이내 상품을 발송합니다. (제조일로부터 36개월 이내 사용가능),"젖은 손바닥에 적당량(약2cm)을 덜어 물과 함께 풍성한 거품을 내어 세안하고, 미온수로 헹구어 냅니다.",Cleansing,Cleansing Foam Gel
[아침세안] 바닐라코 클린 잇 제로 카밍 젤 클렌저 200ml (+카밍 클렌징밤 7ml 증정),16060,제조일로부터 36개월/개봉 후 12개월,세안 시 물기 있는 손에 덜어 충분히 거품을 낸 후 얼굴 전체를 부드럽게 마사지한 다음 미온수로 깨끗이 씻어냅니다.,Cleansing,Cleansing Foam Gel
[NEW] 브링그린 사철쑥카밍EX모델링팩투폼클렌저 120mL 더블기획,15900,"■ 제조일로부터 30개월, 개봉 후 12개월","""■ 마른 얼굴에 적당량을 손에 덜어 펴 바른 후 3~5분 기다려줍니다. 물과 함께 거품을 내 피부를 부드럽게 마사지해주고, 미온수로 깨끗하게 씻어냅니다. (*TIP. 고민 부위에 도톰하게 올려 집중 진정 모델링 팩으로 사용해보세요.) """,Cleansing,Cleansing Foam Gel
랩시리즈 멀티 액션 훼이스 워시 200ml,78000,제조일로부터 36개월,젖은 얼굴과 목에 마사지하듯 발라주고 온수로 잘 씻어낸 후 가볍게 두드리며 말려줍니다.,Cleansing,Cleansing Foam Gel
[약산성] 센카 퍼펙트 휩 로우 pH 카밍 시카 100g,10800,제조일로부터 3년 이내 상품을 발송합니다. (개봉전 36개월 이내 사용가능),"젖은 손바닥에 적당량(약2cm)을 덜어 물과 함께 풍성한 거품을 내어 세안하고, 미온수로 헹구어 냅니다.",Cleansing,Cleansing Foam Gel
[단독기획] 에뛰드 순정약산성6.5휩클렌저 250ml 대용량기획(250ml+리필250ml),18900,개봉전 36개월 / 개봉후 12개월,"[사용방법] 물기 있는 얼굴에 2~3회 펌핑하여 부드럽게 마사지 한 후, 미온수로 깨끗이 씻어주세요. [리필방법] 1) 순정 약산성 6.5 휩 클렌저 용기의 펌프를 돌려 엽니다. 2) 리필 팩을 개봉하여 내용물을 용기에 따르고, 펌프를 다시 잠가 주세요. * 반드시 순정 약산성 6.5 휩클렌저 본품 용기를 사용하세요. * 리필 시 내용물이 쏟아질 수 있으니 천천히 따라 주세요.",Cleansing,Cleansing Foam Gel
[관리 전후 데일리 시카 클렌저]SVR 시카비트+ 젤무쌍 200ml,28800,제조일로부터 3년(개봉 후 12개월),아침·저녁 세안 단계에서 물로 얼굴을 충분히 적신 후 적당량을 덜어 거품을 낸 다음 마사지하듯 부드럽게 클렌징하고 깨끗하게 헹궈줍니다.,Cleansing,Cleansing Foam Gel
[모공브러쉬 단독기획] 런드리유 클린 페이스 가글 젤투폼 클렌저 스트롱 기획 (+여행용*2ea),18700,제조일로부터 3년,소량의 젤을 덜어 손바닥에서 거품을 내어 마사지하듯이 눈 주위를 피해 부드럽게 피부를 롤링 해 준 뒤 미온수로 깨끗이 헹구어 냅니다.,Cleansing,Cleansing Foam Gel
[+200ml 추가증정] 설화수 순행 클렌징폼 400ml,56950,"제조일로부터 36개월, 개봉 후 12개월","적당량을 덜어 손에서 거품을 낸 후, 젖은 피부를 부드럽게 마사지하듯이 클렌징 하고 물로 헹구어 내줍니다.",Cleansing,Cleansing Foam Gel
[미세먼지 세정]식물나라 제주 탄산수 휩 파워 클렌징 폼 120ml (단품/1+1),4900,"■제조일로부터 30개월, 개봉 후 12개월","내용물 적당량을 덜어 물을 소량 묻힌 후, 거품을 충분히 냅니다. 풍성한 거품이 형성되면 얼굴에 부드럽게 마사지하듯 문지르고 미온수로 깨끗이 헹구어냅니다",Cleansing,Cleansing Foam Gel
라운드랩 자작나무 수분 클렌저 150ml 기획 (+크림 20ml),12900,"제조일로부터 36개월, 개봉 후 12개월",세안 시 적당량을 덜어 충분히 거품을 낸 후 얼굴 전체를 부드럽게 마사지하고 미온수로 깨끗이 씻어냅니다.,Cleansing,Cleansing Foam Gel
센카 퍼펙트 휩 아크네 케어 100g,7800,제조일로부터 3년 이내 상품을 발송합니다. (제조일로부터 36개월 이내 사용가능),"젖은 손바닥에 적당량(약2cm)을 덜어 물과 함께 풍성한 거품을 내어 세안하고, 미온수로 헹구어 냅니다.",Cleansing,Cleansing Foam Gel
[1+1] 토리든 다이브인 저분자 히알루론산 클렌징폼 더블기획 (150ml+150ml),26000,제조일로부터 36개월 (개봉 후 12개월),적당량을 덜어 거품을 충분히 낸 후 얼굴에 부드럽게 마사지한 다음 미온수로 깨끗하게 헹구어 냅니다.,Cleansing,Cleansing Foam Gel
[1+1/저자극 유분케어] 유세린 더모퓨리파이어 폼클렌저 150g 기획(150g+150g),24700,제조일로부터 900일,적당량을 손에 덜어 충분히 거품을 낸 후 얼굴과 목에 마사지한 후 미지근한 물로 말끔히 헹구어 줍니다.,Cleansing,Cleansing Foam Gel
[재유PICK] 딘시 프리미엄 비건 약산성 히알루론산 폼클렌저 150ml,9900,개봉후 12개월,손에 적당량의 내용물을 취하여 충분히 거품을 낸 후 얼굴 전체에 부드럽게 문지르고 물로 깨끗이 씻어 낸다.,Cleansing,Cleansing Foam Gel
센카 퍼펙트 휩 화이트 클레이 120g,10800,제조일로부터 3년 이내 상품을 발송합니다. (제조일로부터 36개월 이내 사용가능),"젖은 손바닥에 적당량(약2cm)을 덜어 물과 함께 풍성한 거품을 내어 세안하고, 미온수로 헹구어 냅니다.",Cleansing,Cleansing Foam Gel
[아미노산/약산성/기획] 아크네스 더마릴리프 모이스처 폼클렌저 더블기획 (125ml+125ml),14800,■ 개봉후 12개월 / 개봉전 36개월,손에 물을 적신 후 적당량을 손에 덜어 부드럽게 세안하고 깨끗이 씻어냅니다.,Cleansing,Cleansing Foam Gel
[온라인 단독기획] 센카 퍼펙트 휩 콜라겐 인 120g+120g 더블기획 (+클렌징오일 20ml),14500,제조일로부터 3년 이내 상품을 발송합니다. (제조일로부터 36개월 이내 사용가능),"젖은 손바닥에 적당량(약2cm)을 덜어 물과 함께 풍성한 거품을 내어 세안하고, 미온수로 헹구어 냅니다.",Cleansing,Cleansing Foam Gel
이지듀 클리어 BHA 페이셜 클렌저 100ml,22400,36개월,1. 적당량을 덜어 거품을 충분히 냅니다. 2. 얼굴 전체를 꼼꼼히 부드럽게 마사지하듯 문지릅니다. 3. 미온수로 깨끗이 헹구어 냅니다.,Cleansing,Cleansing Foam Gel
[김진경PICK/화해1위] 땡큐파머 피토 릴리풀 시카 약산성 젤클렌저 120ml,14400,제조일로부터 3년,"적당량을 손에 덜어 물과 함께 충분히 거품을 낸 후, 피부 결을 따라 마사지해주고 미온수로 깨끗하게 씻어냅니다. TIP. 병풀 원물을 이용하여 노폐물(피지) 및 각질 부위를 롤링해주시면 더 좋습니다.",Cleansing,Cleansing Foam Gel
제로이드 포밍 클렌저 240ml,19800,"개봉 전 제조일로부터 36개월간,  개봉 후에는 12개월 이내",적당량을 펌핑하여 얼굴 등에 골고루 마사지하듯 충분히 문지르고 미온수로 깨끗이 헹구어 냅니다.,Cleansing,Cleansing Foam Gel
토리든 밸런스풀 시카 클렌징 젤 200ml,14000,제조일로부터 36개월 (개봉 후 12개월),적당량을 덜어 거품을 충분히 낸 후 얼굴에 부드럽게 마사지한 다음 미온수로 깨끗하게 헹구어 냅니다.,Cleansing,Cleansing Foam Gel
센카 퍼펙트 휩 아크네 케어 100g,7800,제조일로부터 3년 이내 상품을 발송합니다. (개봉전 36개월 이내 사용가능),"젖은 손바닥에 적당량(약2cm)을 덜어 물과 함께 풍성한 거품을 내어 세안하고, 미온수로 헹구어 냅니다.",Cleansing,Cleansing Foam Gel
[약알칼리] 비플레인 핑크솔트 아하 바하 클렌징폼,21000,개봉 전 30개월/개봉 후 12개월,"세안시 적당량을 손에 덜어 물과 함께 거품을 내 피부를 부드럽게 마사지해주고, 미온수로 깨끗하게 씻어냅니다.",Cleansing,Cleansing Foam Gel
센카 퍼펙트 휩 화이트 클레이 50g,4900,제조일로부터 3년 이내 상품을 발송합니다. (제조일로부터 36개월 이내 사용가능),"젖은 손바닥에 적당량(약2cm)을 덜어 물과 함께 풍성한 거품을 내어 세안하고, 미온수로 헹구어 냅니다.",Cleansing,Cleansing Foam Gel
센카 퍼펙트 휩 비타민C 포어리스 글로우 100g,7400,제조일로부터 3년 이내 상품을 발송합니다. (개봉전 36개월 이내 사용가능),"젖은 손바닥에 적당량(약2cm)을 덜어 물과 함께 풍성한 거품을 내어 세안하고, 미온수로 헹구어 냅니다.",Cleansing,Cleansing Foam Gel
마루는강쥐 콜라보X아크네스 포밍워시 200ml 기획 (+마루키링 2종 랜덤),13200,개봉 전 36개월 / 개봉 후 12개월,"손을 물에 적신 후, 적당량 (2~3회 펌프)을 손에 덜어 부드럽게 세안하고 깨끗이 씻어냅니다.",Cleansing,Cleansing Foam Gel
[저자극/약산성] 라운드랩 1025 독도 클렌저 150ml,13000,"제조일로부터 36개월, 개봉 후 12개월 이내 사용","아침,저녁 세안 시 적당량을 덜어 충분히 거품을 낸 후 얼굴 전체를 부드럽게 마사지하고 미온수로 깨끗이 씻어냅니다.",Cleansing,Cleansing Foam Gel
[온라인 단독] 뉴트로지나 딥클린 포밍 클렌저 100g 2입,12900,3년,세안 시 적당량을 손에 덜어 충분히 거품을 내서 얼굴에 마사지하듯이 문지른 후 물로 씻어냅니다.,Cleansing,Cleansing Foam Gel
[약알칼리성] 마몽드 어메이징 딥 민트 클렌징 폼 120ml 기획 (+30ml),12750,제조후 36개월 / 개봉후 12개월,세안 시 적당량을 덜어 얼굴 전체에 마사지하듯 가볍게 문지르고 미온수로 깨끗하게 헹구어 냅니다.,Cleansing,Cleansing Foam Gel
[증정]우르오스 페이스워시 더블 기획,19800,■ 제조일로부터 (36개월/3년)이내의 상품을 순차적으로 발송,"사용 전에 제품을 잘 흔들어 사용합니다. 얼굴을 물로 가볍게 적신 후에 탁구공 크기만큼 손에 덜어 세안하고, 물로 잘 헹궈줍니다.",Cleansing,Cleansing Foam Gel
[여드름기능성/피지케어] 주미소 포어 퓨리파잉 살리실산 클렌징폼 120g기획(+20g),12600,개봉 전 36개월 / 개봉 후 12개월,세안 시 적당량을 덜어 거품을 충분히 낸 뒤 마사지하듯 부드럽게 문지른 후 미온수로 깨끗하게 씻어 냅니다.,Cleansing,Cleansing Foam Gel
바이오더마 센시비오 젤 무쌍 200ml,19500,"제조일로부터 3년 이내의 상품을 순차적으로 발송,  개봉 후 6개월 사용권장","물로 얼굴과 몸을 충분히 적신 후, 적당량을 덜어 피부에 부드럽게 마사지 한 후 씻어냅니다.",Cleansing,Cleansing Foam Gel
해피바스 마이크로 클린 버블 클렌징폼 300ml [솝베리/딥] 택1,8900,"제조일로부터 36개월, 개봉 후 24개월 이내 사용",2~3회 펌핑하여 나온 거품을 얼굴 전체에 마사지 하듯 가볍게 문지른 후 물로 깨끗이 씻어냅니다.,Cleansing,Cleansing Foam Gel
[단독기획/속수분케어] 뉴트로지나 딥클린 젠틀 포밍 클렌저 150g 기획(+100g),18900,3,"아침 저녁 세안시, 적당량을 손에 덜어 충분히 거품을 내서 얼굴에 마사지하듯 문지른 후 물로 씻어냅니다.",Cleansing,Cleansing Foam Gel
코스알엑스 살리실산 데일리 젠틀 클렌저 150ml,8420,상품 발송일 기준으로 사용기한이 15개월 이상 남아있는 제품부터 순차적으로 판매 (유통 기한 30개월 / 개봉 후 12개월 이내 사용 권장),적당량을 손바닥에 덜어 거품을 충분히 낸 후 마사지하듯 부드럽게 세안하고 미지근한 물로 깨끗이 헹구어 냅니다. 피지 분비가 많은 T존 부위는 더욱 세심하게 닦아 줍니다.,Cleansing,Cleansing Foam Gel
아크네스 퍼펙트 솔루션 폼클렌저 125ml 1+1 기획,18000,개봉 전 30개월 / 개봉 후 12개월,본 품 적당량을 취하여 충분히 거품을 낸 뒤 얼굴 전체에 부드럽게 문지르고 물로 깨끗이 씻어낸다.,Cleansing,Cleansing Foam Gel
아크네스 클리어&화이트 포밍워시150ml,11500,"■ 제조일로부터 6개월이내의 상품을 순차적으로 발송, 유통기한 개봉 후 12개월",■ 적당량을 손바닥에 덜어 거품을낸후 사용합니다.,Cleansing,Cleansing Foam Gel
[1등 클렌징폼] 센카 퍼펙트 휩 페이셜 워시 120g 2입 세트 (120g+120g),17600,제조일로부터 3년 이내 상품을 발송합니다. (제조일로부터 36개월 이내 사용가능),"젖은 손바닥에 적당량(약2cm)을 덜어 물과 함께 풍성한 거품을 내어 세안하고, 미온수로 헹구어 냅니",Cleansing,Cleansing Foam Gel
[단독기획] 에뛰드 순정 약산성 5.5 폼클렌저 1+1 기획 (150ml+150ml),10890,개봉 전 24개월/개봉 후 12개월,"젖은 손에 적당량을 덜어 충분히 거품을 낸 후, 얼굴에 마사지 하듯 부드럽게 문지르고 물로 깨끗이 씻어냅니다.",Cleansing,Cleansing Foam Gel
러븀 대나무 히알루론산 수분 젤 클렌저 200ml,17000,"제조년월일로부터 36개월, 개봉 후 12개월 이내",1) 수분 젤 세안 : 마른 얼굴에 내용물을 적당량 덜어 메이크업을 녹여내듯 문질러 줍니다. 2)수분 폼 세안 : 메이크업을 충분히 녹여낸 뒤 미온수로 거품을 내며 깨끗이 헹궈줍니다.,Cleansing,Cleansing Foam Gel
[균제거 클렌저] 디마르3 DX 시타 듀 젤 클렌저 2.0 225g,34000,제조일자로 부터 3년,"젤 클렌저를 손에 5ml(500원크기) 덜어 거품을 낸 후, 얼굴 전체에 가볍게 문질러주세요. 그 후, 유분이 과한 곳 위주로 부드럽게 롤링한 후, 미온수로 전체를 가볍게 씻어내세요. (메이크업을 한 경우, 1차 세안 후 사용해주세요)",Cleansing,Cleansing Foam Gel
[각질케어] 아렌시아 떡솝 프레시 로얄 블루 히솝 클렌저 120g 기획 (+그린 클렌저 15g),16100,"제조일로부터 36개월, 개봉 후 6개월",적당량을 덜어 물과 함께 손바닥에 롤링 후 사용해주세요.,Cleansing,Cleansing Foam Gel
듀이트리 하이 아미노 올 클렌저 150ml (기획/단품),9940,제조일로부터 3년,적당량을 덜어 소량의 물로 충분히 거품을 낸 다음 얼굴에 마사지하듯 부드럽게 문지른 후 미온수로 깨끗이 씻어줍니다.,Cleansing,Cleansing Foam Gel
[모공딥클렌징] 마미케어 바다포도 클렌징폼 120ml,9900,"제조일로부터 36개월, 개봉 후 12개월",세안시 손에 적당량을 덜어 물과 함께 풍성한 거품을 내어 세안한 뒤 미온수로 깨끗이 헹구어냅니다.,Cleansing,Cleansing Foam Gel
바이오힐 보 판테셀 리페어시카 수딩 클렌저 160ml+160ml 기획 / 단품,9000,제조일로부터 36개월,세안 시 적당량을 취해 충분히 거품을 낸 다음 얼굴에 마사지 하듯 문지른 다음 물로 깨끗이 씻어 냅니다.,Cleansing,Cleansing Foam Gel
[선크림세정] 아이디얼포맨 퍼펙트 클렌징 올인원 폼 150ml,6900,제조일로부터 30개월 / 개봉후 12개월,"세안 시 젖은 피부에 적당량을 덜어 거품을 내고 부드럽게 마사지 한 다음, 미온수로 깨끗이 씻어냅니다. *거품을 낸 다음 쉐이빙을 하면 밀착 면도를 할 수 있습니다.",Cleansing,Cleansing Foam Gel
[선크림클렌징/모공딥클렌징] 셀퓨전씨 포어 썬 클렌징 폼 150ml,9400,제조일로부터 36개월 / 개봉 후 12개월,본품 적당량을 취하여 충분히 거품을 낸 후 얼굴 전체에 부드럽게 문지르고 물로 깨끗이 씻어냅니다.,Cleansing,Cleansing Foam Gel
[NEW]헤라 리프레싱 클렌징 폼 160g,28200,제조일로부터 36개월 개봉 후 12개월,"미지근한 물로 얼굴을 가볍게 헹군 상태에서 내용물을 손에 덜어 거품을 냅니다. 이 때, 핑크빛 셀룰로오스 비드가 손에서 깨지게 됩니다. 거품으로 얼굴을 마사지하듯 핸들링합니다. 미지근한 물로 충분히 헹군 다음 찬물로 헹궈 마무리합니다.",Cleansing,Cleansing Foam Gel
라로슈포제 똘러리앙 퓨리파잉 포밍 클렌저 125ml,21680,제조일로부터 3년 이내 / 개봉 후 12개월,"손에서 거품을 낸 후, 미지근한 물로 적신 피부에 부드럽게 작은 원을 그리듯이 마사지하고 물로 헹구어 냅니다.",Cleansing,Cleansing Foam Gel
[NEW/약산성] 라네즈 워터뱅크 젠틀 젤 클렌저 250ml,21600,"제조일로부터 36개월, 개봉 후 12개월 이내 사용",1. 데일리 클렌징: 젖은 얼굴에 1-2펌프를 사용하여 거품을 내 마사지한 후 깨끗한 물로 헹궈서 마무리해줍니다. 2. 베이스 메이크업 클렌징: 마른 얼굴에 2-3펌프를 사용하여 마사지한 후 물을 묻혀 거품을 낸 후 깨끗한 물로 헹궈서 마무리해줍니다.,Cleansing,Cleansing Foam Gel
[약산성저자극] 아비브 아크네 폼 클렌저 어성초 폼 대용량 250ml,21000,"제조일로부터 24개월, 개봉후 12개월",손에 적당량 내용물을 취하여 충분히 거품을 낸 후 마사지하듯 문지른 다음 물로 깨끗이 씻어 냅니다.,Cleansing,Cleansing Foam Gel
[NEW] 숨37 시크릿 라이스 누룩 필링 투 폼 클렌저 120g 단품/기획,21000,"개봉전 제조일로부터 36개월, 유통기한 개봉후 12개월","데일리/ 아침 세안 시 세안 중 손바닥에 적당량(동전 100원 크기) 덜어 거품을 낸 후 부드럽게 피부에 롤링하며 마사지한 후 미온수로 헹궈냅니다. 스페셜/ 딥 클렌징 시 세안 중 손바닥에 적당량 덜어 젖은 얼굴에 부드럽게 롤링 해주고, 손에 물을 묻혀 거품을 생성하여 얼굴 구석구석 부드럽게 롤링한 후 미온수로 헹궈냅니다.",Cleansing,Cleansing Foam Gel
[샘플증정] 세타필 젠틀 클리어 여드름 폼클렌저 124ml,20900,개봉 전 36개월 / 개봉 후 18개월,물기없는 손에 적당량의 제형을 펴 바르듯 문지른 후 조금씩 물을 묻혀 거품을 냅니다.,Cleansing,Cleansing Foam Gel
풀리 그린 토마토 젤라또 팩 클렌저 100ml,21800,제조일자로부터 3년,1)팩 : 마른 얼굴에 도톰하게 펴 바르고 1분 뒤 씻어냅니다. 2) 클렌저 거품을 낸 후 젖은 얼굴에 문지른 후 씻어냅니다.,Cleansing,Cleansing Foam Gel
[피부당김NO/수분세안] 셀퓨전씨 약산성 패리어 클렌징 폼 165ml,9400,"제조일로부터 1년6개월 이내의 상품을 순차적으로 발송, 유통기한 개봉후 12개월",본품 적당량을 취하여 충분히 거품을 낸 후 얼굴 전체에 부드럽게 문지르고 물로 깨끗이 씻어냅니다.,Cleansing,Cleansing Foam Gel
[피지조절&모공정화 클렌징 젤]눅스 아쿠아벨라 젤 클렌저 150ml,20000,제조일로부터 1년 6개월 이내의 제품 발송 / 개봉후 12개월,"매일 아침 저녁 적당량을 덜어 블랙헤드나 모공이 걱정되는 T존 부위(눈가 주변 제외)를 부드럽게 마사지해줍니다. 내추럴 블루 슈가 알갱이가 적당히 녹으면 U존을 부드럽게 마사지 한 뒤, 미온수로 헹궈줍니다.",Cleansing,Cleansing Foam Gel
살사랑 라이스 밸런스 클렌저 120ml,20000,36개월(개봉 후 6개월),적당량을 덜어 적당량을 덜어 물과 함께 손바닥에 거품을 내어 얼굴 전체를 가볍게 마사지하듯 부드럽게 문지른 후 미온수로 깨끗하게 씻어 냅니다.물과 함께 손바닥에 거품을 내어 얼굴 전체를 가볍게 마사지하듯 부드럽게 문지른 후 미온수로 깨끗하게 씻어 냅니다.,Cleansing,Cleansing Foam Gel
리얼베리어 세라마이드 모이스처 클렌징폼 150ml 2개입,19500,"개봉 전 제조일로부터 36개월간, 개봉 후 12개월 이내","젖은 손에 적당량을 덜어 거품을 낸 후, 얼굴에 마사지하듯 부드럽게 문지르고 미온수로 깨끗이 헹구어 냅니다",Cleansing,Cleansing Foam Gel
아렌시아 떡솝 라이스 뮤신 클렌저 120g 기획 (+그린 클렌저 15g),18400,"제조일로부터 36개월, 개봉 후 6개월",적당량을 덜어 물과 함께 손바닥에 롤링 후 사용해주세요.,Cleansing,Cleansing Foam Gel
런드리유 클린 페이스 가글 젤 투 폼 클렌저 스트롱 160ml 기획 (+30ml),18700,제조일로부터 36개월,소량의 젤을 덜어 손바닥에서 거품을 내어 마사지하듯 눈 주위를 피해 부드럽게 피부를 롤릴해준 뒤 미온수로 깨끗이 헹구어 줍니다.,Cleansing,Cleansing Foam Gel
모나이트 제주녹차 블렌디드 크림 클렌저 100g,18500,제조일로부터 2년 6개월,"피부를 물로 적신 뒤, 적당량의 제품을 덜어 거품을 내어 세안을 즐기신 후, 따 뜻한 물로 충분히 헹구어 주세요. 팩 효과를 원하시는 경우, 제품을 피부에 얇게 펴 바르 고약 1분간 방치하신 뒤, 세안하며 헹구어 주세요.",Cleansing,Cleansing Foam Gel
아크네스 퍼펙트 솔루션 폼클렌저 200ml 대용량 기획 (+60ml 증정),18000,개봉 전 30개월 / 개봉 후 12개월,손에 물을 적신 후 적당량을 손에 덜어 부드럽게 세안하고 깨끗이 씻어냅니다.,Cleansing,Cleansing Foam Gel
[NEW/말끔흡착] 라운드랩 소나무 시카 딥 포어 클레이 팩 클렌저 150ml 기획 (+클렌징퍼프),17900,"제조일로부터 36개월, 개봉 후 12개월 이내 사용",눈가와 입가를 제외한 마른 얼굴에 도톰하게 펴 바르고 1~2분 후 부드럽게 문지르며 씻어냅니다. *데일리 클렌저로 사용할 경우 적당량 덜어 충분히 거품을 낸 후 부드럽게 마사지하며 깨끗이 씻어냅니다.,Cleansing,Cleansing Foam Gel
(단품/1+1)식물나라 제주 탄산수 딥 모공 클렌징폼 120mL [단품/1+1 기획],4900,"■ 제조일로부터 30개월, 개봉 후 12개월","내용물 적당량을 덜어 물을 소량 묻힌 후, 거품을 충분히 냅니다. 풍성한 거품이 형성되면 얼굴에 부드럽게 마사지 하듯 문지르고 미온수로 깨끗이 헹구어냅니다.",Cleansing,Cleansing Foam Gel
[트러블케어] 프리메라 바하 버블 필링 클렌저 200ml,16500,"제조일로부터 36개월, 개봉 후 12개월 이내 사용","아침,저녁 세안 시, 물기있는 얼굴에 1~2회 펌핑하여 부드럽게 마사자 한 후 물로 깨끗이 씻어냅니다.",Cleansing,Cleansing Foam Gel
코스알엑스 약산성 굿모닝 젤 클렌저 150ml,7900,상품 발송일 기준으로 사용기한이 15개월 이상 남아있는 제품부터 순차적으로 판매 (유통 기한 30개월 / 개봉 후 12개월 이내 사용 권장),"아침 세안용 : 굿모닝 젤 클렌저를 젖은 얼굴에 마사지하듯 가볍게 문지른 후, 미온수로 헹구어 낸 다음 상쾌한 아침을 맞이합니다. 일반 사용 : 1차 클렌징 후, 굿모닝 젤 클렌저를 충분히 거품을 내어 얼굴에 마사힞하듯 부드럽게 문질러 준 후, 미온수로 깨끗이 헹구어 줍니다.",Cleansing,Cleansing Foam Gel
한스킨 클렌징폼&블랙헤드 120ml,7900,"개봉 후 12개월, 제조 후 36개월","젖은 손에 적당량을 덜어 거품을 충분히 낸 후, 얼굴 전체를 꼼꼼하게 마사지하고 미온수로 헹구어 냅니다.",Cleansing,Cleansing Foam Gel
[피지/모공케어] 피캄 언더포어 바테카 폼 클렌징 150ml,16900,"제조일로 부터 30개월, 개봉 후 12개월 이내 사용 권장","손바닥에 적당량을 덜어 충분히 거품을 내 세안 후, 미온수로 깨끗이 씻어낸다.",Cleansing,Cleansing Foam Gel
[3분모공개선/팩투폼] 블라이드 버블링 스플래쉬 머드 마스크 팩투폼 120ml,16800,제조일로부터 36개월 (개봉후 12개월이내),"1) 팩으로 사용시 >  마른 얼굴에 눈가, 입가를 제외하여 적당량을 도포한 뒤, 3~5분 후 미온수로 부드럽게 마사지하여 헹구어 마무리 합니다. 2) 폼클렌저로 사용시 >  적당량을 덜어 흐르는 물에 충분히 거품을 낸 후, 얼굴에 마사지 하듯 부드럽게 헹구어 마무리 합니다.",Cleansing,Cleansing Foam Gel
[약알칼리성] 아비브 딥 클린 폼 클렌저 수분초 히알루론 폼 250ml,16800,"제조일로부터 24개월, 개봉 후 12개월",1. 적당량을 덜어 충분히 거품을 내줍니다. 2. 얼굴 전체에 마사지 하듯이 부드럽게 문질러 줍니다. 3. 미온수로 깨끗하게 헹구어냅니다.,Cleansing,Cleansing Foam Gel
[촉촉버블클렌저] 아크네스 포밍워시 200㎖,16500,■ 제조일로 부터 3년 이내 상품 발송됩니다.■ 사용기간 : 제조일로 부터 3년,■ 손에 적당량을 덜어 세안 합니다.,Cleansing,Cleansing Foam Gel
[아미노산/약산성] 아크네스 더마릴리프 모이스처 폼클렌져 200ml,16500,개봉 전 30개월 / 개봉 후 12개월,손에 물을 적신 후 적당량을 손에 덜어 부드럽게 세안하고 깨끗이 씻어냅니다.,Cleansing,Cleansing Foam Gel
비레디 시카페인 트러블리셋 클렌징폼 150g 기획 (1+1),16490,"개봉전 36개월, 개봉후 12개월 이내 사용",손에 적당량의 내용물을 취하여 충분히 거품을 낸 후 마사지하듯 문지른 다음 물로 깨끗이 씻어냅니다.,Cleansing,Cleansing Foam Gel
[트러블] 닥터지 에이클리어 밸런싱 버블 폼 150ml,16000,36개월(개봉 후 12개월),내용물을 적당량 펌핑하여 부드럽게 마사지 하고 미온수로 깨끗이 헹구어 냅니다,Cleansing,Cleansing Foam Gel
[약알칼리성] 아비브 딥 클린 폼 클렌저 수분초 히알루론 폼 150ml,16000,"제조일로부터 24개월, 개봉 후 12개월",1. 적당량을 덜어 충분히 거품을 내줍니다. 2. 얼굴 전체에 마사지 하듯이 부드럽게 문질러 줍니다. 3. 미온수로 깨끗하게 헹구어냅니다.,Cleansing,Cleansing Foam Gel
[당근수분폼] 스킨푸드 캐롯 카로틴 밸런싱 클렌징폼,16000,제조일로부터 36개월,본품 적당량을 덜어 거품을 내어 마사지한 후 미온수로 씻어 냅니다.,Cleansing,Cleansing Foam Gel
[올리브영 단독] 아렌시아 프레시 클렌저 15g 3종 기프트 세트 (그린+로즈힙+블루),14400,"제조일로부터 36개월, 개봉 후 6개월",(STEP1) 데일리 클렌저 / 50원 정도를 손바닥에 덜어내어 물과 함께 부드럽게 롤링 후 얼굴을 세정해주시면 됩니다.(STEP2) 클렌징 팩 / 떡솝으로 가볍게 거품을 내어 얼굴에 도포해줍니다. 1-2분 기다렸다가 부드럽게 세정해주신다면 모공 속 노폐물은 말끔하게 세정되고 모공은 타이트닝해주는 클렌징 팩으로 활용 가능합니다.,Cleansing,Cleansing Foam Gel
[피지각질+선크림 말끔세정] 일리윤 젠틀 딥 페이셜 클렌저 250ml,16800,"제조일로부터 36개월, 개봉 후 24개월 이내 사용","적당량을 덜어 물로 충분히 거품을 낸 후, 얼굴을 부드럽게 마사지하듯 문지르고 미온수로 깨끗이 헹구어 주세요.",Cleansing,Cleansing Foam Gel
[단독/대용량] 라운드랩 1025 독도 클렌저 250ml,15900,"제조일로부터 36개월 , 개봉 후 12개월 이내 사용","아침, 저녁 세안 시 적당량을 덜어 충분히 거품을 낸 후 얼굴 전체를 부드럽게 마사지하고 미온수로 꺠끗이 씻어냅니다.",Cleansing,Cleansing Foam Gel
[한정기획] 센카 올 클리어 더블 워시 120g 기획 (+15g),7000,제조일로부터 3년 이내 상품을 발송합니다. (제조일로부터 36개월 이내 사용가능),"젖은 손바닥에 적당량(약2~3cm)을 덜어 약간의 물과 함께 풍성한 거품을 내어 세안하고, 물로 헹구어 냅니다. · 메이크업을 지울 때에는 물 없이 문지른 후, 미온수로 헹구어 냅니다. (진한 포인트 메이크업은 전용 클렌저를 사용해 주십시오.)",Cleansing,Cleansing Foam Gel
파티온 노스카나인 클렌징 젤 200ml,15400,"제조일로부터 36개월, 개봉 후 12개월 (2022년 06월 14일 이후 제조된 상품만을 취급)",세안 시 적당량을 덜어 거품을 낸 다음 얼굴에 마사지하듯 부드럽게 클렌징 후 미온수로 깨끗이 헹구어 냅니다.,Cleansing,Cleansing Foam Gel
[지성피부추천]해피바스 마이크로 클린 딥 클렌징 폼 150g,6900,"제조일로부터 36개월, 개봉 후 24개월 이내 사용","적당량을 손에 덜어 소량의 물로 충분히 거품을 낸 다음, 얼굴 전체를 부드럽게 마사지하듯 클렌징한 후 미온수로 깨끗이 씻어냅니다.",Cleansing,Cleansing Foam Gel
[약산성/화해1위] 에스네이처 아쿠아 라이스 약산성 클렌징폼 160ml,15110,"제조일로부터 36개월(1,095일) / 개봉 후 12개월",손 또는 거품망에 적당량을 덜어 거품을 충분히 낸 후 젖은 얼굴을 부드럽게 클렌징해줍니다. 적당량을 피부에 도포하여 클렌징크림처럼 마사지하듯 롤링 후 미지근한 물로 세안하면 딥클렌징 효과를 느낄 수 있습니다.,Cleansing,Cleansing Foam Gel
[NEW] 토리든 밸런스풀 시카 포어 클렌징폼 150ml,15000,별도표기 / 30개월 (개봉 후 12개월),"적당량을 덜어 소량의 물로 충분히 거품을 낸 다음 얼굴에 마사지 하듯 부드럽게 문지른 후, 미온수로 깨끗이 씻어냅니다.",Cleansing,Cleansing Foam Gel
[샘플증정] 세타필 하이드레이팅 폼 클렌저 236ml,14320,제조일로부터 36개월,간편하게 제형을 펌핑 후 물을 묻혀 거품을 풍성하게 내어 세안,Cleansing,Cleansing Foam Gel
[핀란드여행권] 토르홉 카모스 블랙 소금거품 클렌저 130g,14220,제조일로부터 3년.,"1. 물기 있는 얼굴에 제품 적당량을 손에 덜어내어 소금 입자를 녹여 거품을 충분히 내어 세안해주세요. 2. 눈가, 입가를 제외한 피부 전체적으로 부드럽게 살살 롤링해주고, 특히나 블랙헤드, 피지 케어가 필요한 부위 구석구석 확실하게 롤링해주고 미온수에 씻어내줍니다. 3. 거친 피부결이 고민인 날은 소금 입자를 다 녹이지 말고 적당량만 녹여 피부 위 부드럽게 롤링하며 모공 노폐물 고민 부위를 구석구석 씻어내주세요.",Cleansing,Cleansing Foam Gel
어바웃미 쌀 막걸리 클렌징 폼 120ml,14000,"개봉전 36개월, 개봉후 12개월",물기 있는 손에 적당량을 덜어 충분히 거품을 내 얼굴을 부드럽게 마사지하듯 문지른 다음 미온수로 깨끗하게 헹구어냅니다.,Cleansing,Cleansing Foam Gel
[세수 밸런스] 뉴트로지나 딥클린 포밍 클렌저 150g 기획 (+100g),13900,3년,세안 시 적당량을 손에 덜어 충분히 거품을 내서 얼굴에 마사지하듯이 문지른 후 물로 씻어냅니다.,Cleansing,Cleansing Foam Gel
[여드름기능성/약알카리성] 비건이펙트 청보리 LHA 딥클렌징 폼 165ml,13900,제조이로부터 36개월,"적당량을 덜어 물로 충분히 거품을 낸 후, 얼굴을 부드럽게 마사지 하듯 문지르고 미온수로 깨끗이 헹구어 주세요.",Cleansing,Cleansing Foam Gel
센카 퍼펙트 휩 스피디 150mL,13800,제조일로부터 3년 이내 상품을 발송합니다. (제조일로부터 36개월 이내 사용가능),"젖은 손바닥에 적당량(펌프 2~3회분 정도)을 덜어 클렌징 후, 미온수로 가볍게 헹구어 냅니다. 첫 사용 시에는 내용물이 나올 때까지 펌프를 여러 번 눌러주십시오.",Cleansing,Cleansing Foam Gel
해피바스 티트리 아크네 클렌징폼 150g,5900,"제조일로부터 36개월, 개봉 후 24개월 이내 사용","""손에 적당량의 내용물을 취하여 충분히 거품을 낸 후 마사지 하듯 문지른 다음 물로 깨끗이 씻어 냅니다""",Cleansing,Cleansing Foam Gel
[신현지Pick] 비페스타 클렌징폼 퍼펙트 컨트롤 더블기획 (130g+130g),12900,제조일로부터 3년,적당량을 덜어내어 충분히 거품을 낸 후 얼굴 전체에 마사지하듯 부드럽게 롤링 한 뒤 미온수로 깨끗이 행구어 냅니다.,Cleansing,Cleansing Foam Gel
해피바스 마이크로 클린 딥 클렌징 폼 150g*2 더블기획,12800,"제조일로부터 36개월, 개봉 후 24개월 이내 사용","""적당량을 손에 덜어 소량의 물로 충분히 거품을 낸 다음, 얼굴 전체를 부드럽게 마사지하듯 클렌징한 후 미온수로 깨끗이 씻어 줍니다.""",Cleansing,Cleansing Foam Gel
[트러블/민감/기획] 아크네스 모공 클리어 젤 클렌저 125ml 기획 (+50ml),12600,개봉 전 36개월 / 개봉 후 12개월,본 품 적당량을 취하여 충분히 거품을 낸 후 얼굴 및 기타 부위에 부드럽게 문지르고 물로 깨끗이 씻어냅니다.,Cleansing,Cleansing Foam Gel
더랩바이블랑두 저분자 히알루론산 폼클렌저 120ml,12500,제조일로부터 2년 6개월,"1) 아침 저녁 세안 시, 젖은 손바닥 위에 적당량을 짜내어 거품을 내고 언굴 전체를 부드럽게 마사지해 줍니다. 2) 미온수로 여러번 깨끗하게 헹구어 냅니다.",Cleansing,Cleansing Foam Gel
마녀공장 퓨어 아쿠아 필링 젤 120ml,12000,"제조일로부터 2년, 개봉 후 12개월",세안 후 물기가 없는 얼굴에 적당량 덜어 눈과 입술을 제외한 얼굴 전체에 골고루 펴 바른 다음 부드럽게 롤링 하면서 마사지 과정을 통해 피부의 묵은 각질이 충분히 나온 후 물 세안을 통해 노폐물을 제거해 줍니다,Cleansing,Cleansing Foam Gel
밀크터치 서양자두 비타캡슐 클렌징폼 300ml,11900,개봉전 36개월 / 개봉 후 12 개월 이내,내용물을 적당량 취해 소량의 물로 충분히 거품을 낸 다음 얼굴에 마사지하듯 부드럽게 클렌징 후 미온수로 깨끗이 헹구어 줍니다.,Cleansing,Cleansing Foam Gel
[여드름기능성] 뉴트로지나 아미노 약산성 아크네 포밍 클렌져 100g,11800,3년,"아침 저녁 세안시, 적당량을 손에 덜어 충분히 거품을 내서 얼굴에 마사지하듯 문지른 후 물로 씻어냅니다.",Cleansing,Cleansing Foam Gel
[말끔세안] 라운드랩 포 맨 자작나무 쉐이빙 클렌징 폼 120ml,11900,"제조일로부터 36개월, 개봉후 12개월","세안 시 적당량을 덜어 충분히 거품을 낸 후 얼굴 전체를 부드럽게 마사지하고 미온수로 깨끗이 씻어냅니다. 거품을 내어 쉐이빙 시, 자극 걱정 없이 부드러운 면도를 할 수 있습니다.",Cleansing,Cleansing Foam Gel
우르오스 페이스워시 100g,10600,730일,"사용 전에 제품을 잘 흔들어 사용합니다. 얼굴을 물로 가볍게 적신 후에 탁구공 크기만큼 손에 덜어 세안하고, 물로 잘 헹궈줍니다.",Cleansing,Cleansing Foam Gel
코스알엑스 에이씨 컬렉션 카밍 폼 클렌저 150ml,10400,상품 발송일 기준으로 사용기한이 18개월 이상 남아있는 제품부터 순차적으로 판매 (유통 기한 36개월 / 개봉 후 12개월 이내 사용 권장),"젖은 얼굴에 마사지하듯 가볍게 문지른 후, 미온수로 헹구어 냅니다.",Cleansing,Cleansing Foam Gel
비욘드 엔젤아쿠아 모이스처 클렌징폼 300ml,9900,"개봉전 제조일로부터 36개월, 유통기한 개봉후 9개월",적당량을 취해 소량의 물로 충분히 거품을 낸 다음 얼굴에 마사지 하듯 부드럽게 클렌징 후 미온수로 깨끗이 헹구어 냅니다.,Cleansing,Cleansing Foam Gel
톤28 얼굴씻을거리 세안바 S9 (어성초&병풀) 100g,9900,생산일로부터 36개월,본품에 물을 묻혀 거품을 내어 얼굴에 가볍게 문질러 씻은 후 깨끗하게 헹궈주세요.,Cleansing,Cleansing Foam Gel
[NEW/약산성] 식물나라 어린녹차 산뜻 클렌징 폼 120ml (단품/1+1기획),4900,"■제조일로부터 30개월, 개봉 후 12개월","적당량을 덜어 물을 소량 묻힌 후, 거품을 충분히 냅니다. 풍성한 거품이 형성되면 얼굴에 부드럽게 마사지하듯 문지르고 미온수로 깨끗이 헹구어냅니다.",Cleansing,Cleansing Foam Gel
[NEW] 스킨푸드 블랙슈가 퍼펙트 스크럽 폼 180g,9100,제조일로부터 36개월,손바닥에 내용물을 덜어 거품을 내어 얼굴 전체에 마사지한 후 씻어 냅니다. 들뜬 각질이나 블랙헤드가 도드라진 부위는 내용물을 국소 부위에 직접 덜어 부드럽게 마사지한 후 씻어내면 더욱 효과적입니다.,Cleansing,Cleansing Foam Gel
[채소 Pick] 온그리디언츠 버터플라이피 클렌징 볼,9000,제조 후 36개월 (개봉 후 1개월),물에 적신 후 거품망을 이용하여 손으로 조물조물 비벼 거품을 충분히 냅니다. 마사지하듯 클렌징 후 미온수로 깨끗이 헹구어 냅니다.,Cleansing,Cleansing Foam Gel
오브제 클라우드 딥 클렌징폼 150ml,8900,"제조일로부터 24개월, 개봉 후 12개월",적당량을 덜어 거품을 낸 뒤 얼굴 전체에 가볍게 마사지 하듯 문지른 후 미온수로 충분히 헹궈줍니다.,Cleansing,Cleansing Foam Gel
마녀공장 약산성 퓨리파잉 소다폼 150ml,8700,"제조일로부터 3년, 개봉 후 18개월",세안 시 적당량을 덜어 물로 충분히 거품을 낸 후 얼굴 전체에 마사지하듯 가볍게 문지르고 미온수로 깨끗하게 헹구어 냅니다,Cleansing,Cleansing Foam Gel
[속수분케어] 뉴트로지나 아미노 약산성 젠틀 포밍 클렌져 100g,6900,3년,"아침 저녁 세안시, 적당량을 손에 덜어 충분히 거품을 내서 얼굴에 마사지하듯 문지른 후 물로 씻어냅니다.",Cleansing,Cleansing Foam Gel
[약알칼리성]해피바스 마이크로 클린 솝베리 클렌징 폼 150g,6900,"제조일로부터 36개월, 개봉 후 24개월 이내 사용","적당량을 손에 덜어 소량의 물로 충분히 거품을 낸 다음, 얼굴 전체를 부드럽게 마사지하듯 클렌징한 후 미온수로 깨끗이 씻어 줍니다.",Cleansing,Cleansing Foam Gel
브링그린 대나무히알루수분클렌징폼 120mL,6900,"■ 제조일로부터 30개월, 개봉 후 12개월","■ 세안 시 적당량을 손에 덜어 물과 함께 풍성한 거품을 내 피부를 부드럽게 마사지해주고, 미온수로 깨끗하게 씻어냅니다.",Cleansing,Cleansing Foam Gel
[신현지Pick] 비페스타 클렌징폼 퍼펙트 컨트롤 130g (민감복합성),6900,제조일로부터 3년,적당량을 덜어내어 충분히 거품을 낸 후 얼굴 전체에 마사지하듯 부드럽게 롤링 한 뒤 미온수로 깨끗이 행구어 냅니다.,Cleansing,Cleansing Foam Gel
[저자극/각질케어] 뉴트로지나 딥클린 페이셜 젤 클렌저 100g,5900,3년,"아침 저녁 세안시, 적당량을 손에 덜어 충분히 거품을 내서 얼굴에 마사지하듯 문지른 후 물로 씻어냅니다.",Cleansing,Cleansing Foam Gel
포인트앤 딥 클린 미니 클렌징 트래블 키트 (립앤아이 리무버 롱패드 3ea+오일 15ml+폼15ml),5600,[롱패드] 제조일로부터 24개월/ 개봉 후 12개월 [클렌징오일/클렌징폼] 개봉 전 36개월/개봉 후 12개월,"포인트앤 딥클린 립앤아이 리무버 롱패드 1. 용도 이외에는 사용하지 마십시오. 2.눈에 들어갔을 경우, 흐르는 물로 씻어낸 후 이상이 있는 경우에는 전문의와 상담하십시오. 3.화장품 사용 시 또는 사용 후 직사광선에 의하여 사용부위가 붉은 반점, 부어오 또는 가려움증 등의 이상 증상이나 부작용이 있는 경우에는 전문의 등과 상담하십시오. 4.상처가 있는 부위 등에는 사용을 자제하십시오. 5.보관 및 취급 시 주의사항 가)어린이의 손이 닿지 않는 곳에 보관하십시오. 나)직사광선을 피해서 보관하십시오. *개봉을 한 후 내용물 건조 방지를 위해 빠른 시일 내에 사용하는 것이 좋습니다. 티슈가 용해되지 않으므로 반드시 휴지통에 버려주십시오. 포인트앤 딥클린 포어 클렌징 오일/ 포인트앤 딥 클린 휩 클렌징 폼 1용도 이외에는 사용하지 마십시오. 2화장품 사용 시 또는 사용 후 직사광선에 의하여 사용부위가 붉은 반점, 부어오름 또는 가려움증 등의 이상 증상이나 부작용이 있는 경우 전문의 등과 상담하십시오. 3.상처가 있는 부위 등에는 사용을 자제하십시오. 4.보관 및 취급 시의 주의사항 가)어린이의 손이 닿지 않는 곳에 보관하십시오. 나)직사광선을 피해서 보관하십시오.",Cleansing,Cleansing Foam Gel
케어존 약산성폼 30ml,2000,"개봉전 제조일로부터 36개월, 유통기한 개봉후 12개월",적당량을 손에 덜어 미세한 거품을 생성시키고 얼굴에 마사지하듯 문지른 후 물로 씻어냅니다.,Cleansing,Cleansing Foam Gel
센카 퍼펙트 휩 아크네 케어 50g,4900,제조일로부터 3년 이내 상품을 발송합니다. (제조일로부터 36개월 이내 사용가능),"젖은 손바닥에 적당량(약2cm)을 덜어 물과 함께 풍성한 거품을 내어 세안하고, 미온수로 헹구어 냅니다.",Cleansing,Cleansing Foam Gel
센카 퍼펙트 휩 비타민C 포어리스 글로우 50g,4900,제조일로부터 3년 이내 상품을 발송합니다. (개봉전 36개월 이내 사용가능),"젖은 손바닥에 적당량(약2cm)을 덜어 물과 함께 풍성한 거품을 내어 세안하고, 미온수로 헹구어 냅니다.",Cleansing,Cleansing Foam Gel
닥터이아소 스킨케어 포 맨 멀티 액션 폼 클렌저,22000,개봉후(또는 개봉일로부터) 12개월 내에 최적으로 사용할 수 있습니다. (보관조건: 10~30℃. 직사광선은 피하세요.),물에 적신 손에 적당량을 덜어 거품을 낸 다음 눈가를 피해 얼굴에 고루 마사지 한 후 깨끗하게 헹구어 냅니다.,Cleansing,Cleansing Foam Gel
바이오더마 세비엄 젤무쌍 100ml,9600,"제조일로부터 3년 이내의 상품을 순차적으로 발송,  개봉 후 6개월","물로 얼굴과 몸을 충분히 적신 후, 적당량을 덜어 피부에 부드럽게 마사지 한 후 씻어낸다.",Cleansing,Cleansing Foam Gel
[반얀트리 스파 테라피스트 PICK]눅스 레브드미엘 원스텝 클렌징 젤 200ml,26100,제조일로부터 2년 이내의 상품을 순차적으로 발송/개봉후 12개월,"아침과, 저녁 물기가 있는 피부에 부드럽게 마사지 한 후 씻어냅니다.",Cleansing,Cleansing Foam Gel
바이오더마 세비엄 젤무쌍 500ml,24000,"제조일로부터 3년 이내의 상품을 순차적으로 발송,  개봉 후 6개월","물로 얼굴과 몸을 충분히 적신 후, 적당량을 덜어 피부에 부드럽게 마사지 한 후 씻어낸다.",Cleansing,Cleansing Foam Gel
[리뷰이벤트]데저트에센스 클린 페이스워시 - 오리지널,15900,■ 제조일로부터 30개월 이내 제품 순차 발송 / 개봉 후 9개월,"■ 세안 시 적당량을 거품을 내어 젖은 얼굴에 마사지하듯 세정한 후, 미온수로 깨끗이 씻어내세요.",Cleansing,Cleansing Foam Gel
비페스타 클렌징 무스폼 브라이트닝 200g (모공&각질),8900,제조일로부터 4년,"사용 전 노즐 부분에 스토퍼를 제거해 주세요. 용기를 충분히 흔든 후, 눕히지 말고 수직으로 세워 손바닥에 적당량(탁구공 크기)를 펌핑합니다. 얼굴 전체에 도포 후 마사지하듯 문지르고 미온수로 충분히 헹구어냅니다.",Cleansing,Cleansing Foam Gel
비페스타 클렌징 무스폼 세럼 모이스트 200g (촉촉 보습),13000,제조일로부터 4년,"사용 전 노즐 부분에 스토퍼를 제거해 주세요. 용기를 충분히 흔든 후, 눕히지 말고 수직으로 세워 손바닥에 적당량(탁구공 크기)를 펌핑합니다. 얼굴 전체에 도포 후 마사지하듯 문지르고 미온수로 충분히 헹구어냅니다.",Cleansing,Cleansing Foam Gel
불독 오리지널 페이스워시 150ml,15900,제조일로부터 3년,손에 내용물을 적당량 덜어 거품을 낸 후 피부에 마사지하듯 세안을 한 후 물로 깨끗이 씻어냅니다.,Cleansing,Cleansing Foam Gel
우노 휩 스피디 150ml,13800,■ 제조일로부터 3년 이내 상품을 발송합니다. (제조일로부터 36개월 이내 사용가능),"※ 사용방법 ● 첫 사용시에는 내용물이 나올 때까지 펌프를 여러 번 눌러주십시오. ● 젖은 손바닥에 적당량(2~3회정도 펌핑)을 덜어, 얼굴 구석구석까지 꼼꼼히 세안 후, 충분히 헹궈냅니다",Cleansing,Cleansing Foam Gel
우노 휩 워시 블랙 130g,6400,■ 제조일로부터 3년 이내 상품을 발송합니다. (제조일로부터 36개월 이내 사용가능),"※ 사용방법 ● 젖은 손바닥위에 적당량(약 2cm)를 덜어내어, 미지근한 물로 잘 거품내어 세안한 후, 충분히 헹궈냅니다.",Cleansing,Cleansing Foam Gel
[녹차수60%함유] 네오젠 리얼 프레쉬 클렌징폼 그린티 160g,15900,"■ 제조일로부터 (24개월/2년)이내의 상품을 순차적으로 발송, 유통기한 개봉후(또는 제조일로부터) 8개월","■ 세안시, 1~2회 정도 펌핑 후 나온 거품을 얼굴 전체에 부드럽게 마사지하듯 문질러 준 다음, 미온수로 깨끗하게 헹구어 냅니다.",Cleansing,Cleansing Foam Gel
크리니크 안티-블레미쉬 솔루션 클렌징 폼 125ml,45000,제조일로부터 36개월,"- 메이크업 클렌징 후 세안 시 사용합니다. - 2~3회 펌프하여 나온 거품으로 눈가를 제외한 얼굴 전체에 부드럽게 마사지 해줍니다. - 미지근한 물로 깨끗이 헹군 후, 다음 단계의 안티-블레미쉬 제품을 사용합니다.",Cleansing,Cleansing Foam Gel
[수분탱글/쫀득거품] 로벡틴 아쿠아 젠틀 클렌징 젤 175ml,12060,개봉후 1년/개봉전 3년,"1차 클렌징으로 메이크업을 제거한 후, 폼 단계에서 물기가 있는 손에 2~3회 펌핑한 후, 미세한 거품을 냅니다. 거품을 이용하여 물기 있는 얼굴에 가볍게 마사지한 후, 미온수로 세안하여 줍니다. (*강한 메이크업 및 아이/립 메이크업은 전용 리무버로 1차 클렌징 해주시기 바랍니다.)",Cleansing,Cleansing Foam Gel
라로슈포제 에빠끌라 딥 클렌징 포밍 크림,27000,제조일로부터 3년 이내 / 개봉후 12개월 이내,"손에서 거품을 낸 후, 미지근한 물로 적신 피부에 부드럽게 작은 원을 그리듯이 마사지하고 물로 헹구어 냅니다.",Cleansing,Cleansing Foam Gel
[대용량] 케어존 약산성 폼 330ml,15000,"제조일로부터 (36개월/3년) 이내의 상품을 순차적으로 발송, 유통기한 개봉후 12개월",적당량을 손에 덜어 미세한 거품을 생성시키고 얼굴에 마사지하듯 문지른 후 물로 씻어냅니다.,Cleansing,Cleansing Foam Gel
[대용량] 케어존 CK 딥클린 포밍클렌저 330ml,12000,제조일로부터 36개월 개봉 후 12개월,적당량을 손에 덜어 충분히 거품을 낸 후 얼굴에 마사지하듯 문지른 후 미온수로 닦아내 줍니다.,Cleansing,Cleansing Foam Gel
다슈 맨즈 아쿠아 딥 씨워터 폼 클렌징 150ml,8400,■ 제조일로부터 3년,■ 미온수로 얼굴을 적신 뒤 적당량을 덜어 거품을 냅니다. 부드럽게 마사지 하듯 문지른후 미온수로 깨끗하게 씻고 차가운 물로 마무리합니다.,Cleansing,Cleansing Foam Gel
[저자극폼] 바닐라코 클린잇제로 폼클렌저 150ml,8400,제조일로부터 36개월/개봉 후 12개월,"세안시 물기 있는 손에 충분히 거품을 낸 후, 얼굴 전체를 부드럽게 마사지 한 다음 미온수로 깨끗이 씻어냅니다.",Cleansing,Cleansing Foam Gel
닥터자르트 컨트롤에이 티트리먼트 클렌징 폼 120ml,23000,36개월(상품 발송 시 기준으로 사용기간 12개월 이상 제품을 발송),1) 젖은 손에 적당량을 덜어주어 조밀한 거품을 만들어 줍니다. 2) 피부를 마사지하듯 부드럽게 문질러 줍니다. 3) 미온수로 깨끗하게 행궈 줍니다.,Cleansing,Cleansing Foam Gel
그레이멜린 차콜 크레이지폼 클렌저 500ml,15000,"제품별도표기(개봉 전 36개월,개봉 후 12개월 내 사용)","아침 저녁으로 세안 시, 젖은 피부에 내용물을 적당량 덜어 내어 거품을 냅니다. 눈가를 피해 얼굴 전체를 위쪽과 바깥쪽으로 원을 그리면서 마사지 하듯 미온수로 씻어 줍니다.",Cleansing,Cleansing Foam Gel
그레이멜린 아스타잔틴 크레이지 폼 클렌저 500ml,10600,"제품별도표기(개봉 전 36개월,개봉 후 12개월 내 사용)","아침 저녁으로 세안 시, 젖은 피부에 내용물을 적당량 덜어 내어 거품을 냅니다. 눈가를 피해 얼굴 전체를 위쪽과 바깥쪽으로 원을 그리면서 마사지 하듯 미온수로 씻어 줍니다.",Cleansing,Cleansing Foam Gel
그레이멜린 센텔라 크레이지 폼 클렌저 500ml,15000,"제품별도표기(개봉 전 36개월,개봉 후 12개월 내 사용)","아침 저녁으로 세안 시, 젖은 피부에 내용물을 적당량 덜어 내어 거품을 냅니다. 눈가를 피해 얼굴 전체를 위쪽과 바깥쪽으로 원을 그리면서 마사지 하듯 미온수로 씻어 줍니다.",Cleansing,Cleansing Foam Gel
케어존 약산성폼 더블 기획 (200ml+200ml),22000,"개봉전 제조일로부터 36개월, 유통기한 개봉후 12개월",적당량을 손에 덜어 미세한 거품을 생성시키고 얼굴에 마사지하듯 문지른 후 물로 씻어냅니다.,Cleansing,Cleansing Foam Gel
엠도씨 세붐 스트라이크 안티 아크네 폼 150g,12000,"2년이내 생산된 제품을 순차적으로 발송, 개봉 후 1년",① 미지근한 물을 얼굴에 물을 묻힌 후 적당량을 손바닥에 덜어 거품을 냅니다. ② 거품을 이용해 얼굴에 부드럽게 마사지 합니다. (피지분비가 많은 코와 이마주변은 좀 더 세심하게 마사지하시면 노폐물 제거에 더욱 효과적입니다.) ③ 미지근한 물로 깨끗하게 헹구어 냅니다.,Cleansing,Cleansing Foam Gel
비오템 옴므 아쿠아파워 클렌져 125ml,42500,제조일로부터 36개월,"아침 저녁 세안시, 적당량을 덜어 충분히 거품을 낸 후, 눈가와 입가를 제외한 얼굴에 가볍게 마사지하듯 원을 그리면서 세안을 하고 미온수로 깨끗이 씻어냅니다.",Cleansing,Cleansing Foam Gel
바르테라 클렌징 폼,11900,제조일로부터36개월,"젖은 손에 적당량을 덜어 충분히 거품을 낸 후, 눈가를 제외한 얼굴 전체를 부드럽게 마사지한 다음 미 온수로 깨끗이 헹구어 냅니다.",Cleansing,Cleansing Foam Gel
[더블기획] 눅스 베리로즈 멜팅 클렌징 밀크 200ml 더블 기획,39000,제조일로부터 2년 이내의 상품 발송/개봉후 6개월,"얼굴 전체에 펴 바르고 부드럽게 롤링하여 노폐물과 메이크업을 녹여낸 후, 미온수로 가볍게 헹구어 냅니다. 필요 시 클렌징 폼으로 이중 세안 해주세요. Tip: 손 끝에 적당량을 덜어낸 후, 밀크 제형이 오일 제형으로 바뀔 때까지 부드럽게 마사지해주세요.",Cleansing,Cleansing Foam Gel
[약산성] 네오젠 카밍 시카&티트리 클렌징폼 200ml,14000,"개봉 전 36개월, 개봉 후 12개월","내용물 적당량을 손바닥에 덜어 소량의 물로 충분히 거품을 낸 다음, 얼굴 전체를 부드럽게 롤링하며 마사지하듯 클렌징하고 미온수로 깨끗이 헹구어줍니다.",Cleansing,Cleansing Foam Gel
미프 비타에너지 클렌징폼 150ml,9400,3년,"물기 있는 피부에 마사지하듯 문지른 후, 깨끗한 물로 헹구어 냅니다.",Cleansing,Cleansing Foam Gel
코스알엑스 하이드리움 트리플 히알루로닉 모이스처라이징 클렌저 150ml,9750,상품 발송일 기준으로 사용기한이 18개월 이상 남아있는 제품부터 순차적으로 판매 (유통 기한 36개월 / 개봉 후 12개월 이내 사용 권장),"젖은 손에 문질러 풍성한 거품을 낸 후, 얼굴에 마사지하듯 가볍게 문질러 미온수로 헹구어 냅니다.",Cleansing,Cleansing Foam Gel
아크네스 포맨 퍼펙트 폼클렌저 더블 기획 (150g+150g),15200,제조일로부터 30개월 (개봉후 1년),"적당량을 물기 있는 손에 덜어 충분히 거품을 낸 뒤, 얼굴에 마사지하듯 부드럽게 문질러 줍니다. 미온수로 헹궈 마무리합니다.",Cleansing,Cleansing Foam Gel
폴라초이스 스킨 발란싱 클렌저 237ml,24480,36개월 / 12개월,"적당량을 덜어 마사지하듯 부드럽게 문지른 후, 미온수로 깨끗이 헹구어 냅니다.",Cleansing,Cleansing Foam Gel
아비브 카밍 페이셜 솝 어성초 스톤 100g,14000,개봉전 24개월 / 개봉후 12개월,손에 적당량 내용물을 취하여 충분히 거품을 낸 후 마사지하듯 문지른 다음 물로 깨끗이 씻어 냅니다.,Cleansing,Cleansing Foam Gel
헤이미쉬 올클린 화이트 클레이폼 150g,9900,개봉후 12개월,"세안 시 적당량을 손에 덜어 충분히 거품을 낸 뒤, 얼굴에 마사지하듯 문지르고 미온수로 씻어냅니다.",Cleansing,Cleansing Foam Gel
에이트루 오리진 퓨어 밸런싱 클렌징폼 150ml,8900,* 제조일로부터 30개월 / * 개봉 후 12개월 사용권장,"- 손에 클렌징 폼을 적당량 취해 풍부한 거품을 내어 얼굴 전체를 마사지 하듯 문지른 후, 미온수로 깨끗하게 헹궈 냅니다.",Cleansing,Cleansing Foam Gel
[약산성/젤타입] 닥터디퍼런트 퍼스트클렌저 200ml,16340,"개봉 전 30개월, 개봉 후 12개월",물기 없는 손으로 적당량을 덜어 메이크업 등을 지운 뒤 물로 헹구어 줍니다.,Cleansing,Cleansing Foam Gel
[당김제로/폼타입] 닥터디퍼런트 제로 클렌저 200ml (중건성),21380,"개봉 전 30개월, 개봉 후 12개월",2~3회 펌핑하여 나온 거품을 얼굴 전체에 마사지 하듯 가볍게 문지른 후 물로 깨끗히 씻어줍니다.,Cleansing,Cleansing Foam Gel
[말끔피지/폼타입] 닥터디퍼런트 제로 클렌저 200ml (지성),21280,"개봉점 30개월, 개봉 후 12개월",2~3회 펌핑하여 나온 거품을 얼굴 전체에 마사지 하듯 가볍게 문지른 후 물로 깨끗히 씻어줍니다.,Cleansing,Cleansing Foam Gel
피지오겔 DMT 클렌징 젤 150ml,19500,"제조일자로부터 36개월, 개봉 후 12개월 권장",적당량을 덜어 충분히 거품을 낸 후 얼굴 전체를 부드럽게 마사지하고 미온수로 깨끗이 헹구어 냅니다.,Cleansing,Cleansing Foam Gel
엠도씨 블랙헤드 퍼펙트 스크럽 폼 150g,12000,"2년이내 생산된 제품을 순차적으로 발송, 개봉 후 1년",① 얼굴에 물을 묻힌 후 손바닥에 적당량을 덜어 거품을 냅니다. ② 충분히 거품을 낸 다음 얼굴에 마사지 하듯 손놀림하고 미온수로 깨끗하게 헹구어 냅니다. ③ 피지분비가 심한 코주변은 꼼꼼하게 마사지하여 세안하시면 더욱 깔끔한 클렌징이 가능합니다.,Cleansing,Cleansing Foam Gel
리우젤 아스트리젠트 폼 6.76oz (200ml),19900,제조일로부터 3년 / 개봉후 1년,"다음 중 어떤 방법으로 써도 좋을 남자를 위한 기초 만능템! 1. 면도 후, 에프터쉐이브 대용으로 면도부위를 중심적으로 도포! 따갑지 않으면서도 천연 아스트리젠트 성분으로 모공항염, 수렴작용. 2. 세안 후, 토너대용! 모공수렴, 세안제잔여물 제거. 발라서 흡수시켜도 좋고, 닦아내는 토너로 써도 좋습니다. 3. 1차 세안제! 황사, 미세먼지 등으로 찝찝한 날, 외부에서 휴대용으로 얼굴에 도포하고 화장솜 등으로 슥 닦아내주세요! 천연아스트리젠트 성분으로 항염 및 피부진정에 도움을 줍니다.",Cleansing,Cleansing Foam Gel
아크네스 퍼펙트 솔루션 폼클렌저 125ml+75ml 증량기획,18000,개봉 전 30개월 / 개봉 후 12개월,손에 물을 적신 후 적당량을 손에 덜어 부드럽게 세안하고 깨끗이 씻어냅니다.,Cleansing,Cleansing Foam Gel
비페스타 클렌징 무스폼 브라이트닝 트리플기획 (200gX3),33000,제조일로부터 4년,"사용 전 노즐 부분에 스토퍼를 제거해 주세요. 용기를 충분히 흔든 후, 눕히지 말고 수직으로 세워 손바닥에 적당량(탁구공 크기)를 펌핑합니다. 얼굴 전체에 도포 후 마사지하듯 문지르고 미온수로 충분히 헹구어냅니다.",Cleansing,Cleansing Foam Gel
메디필 더치 티 버블클렌저 160ml,16800,36개월,적당량을 덜어 거품을 충분히 낸 후 얼굴 전체를 부드럽게 마사지 하고 미온수로 깨끗이 헹구어 냅니다.,Cleansing,Cleansing Foam Gel
라네즈옴므 액티브워터 폼클렌저_150ml,12000,개봉 후 12개월 내 사용,"아침, 저녁 세안 시 손바닥에 내용물을 덜어 소량의 물로 충분히 거품을 낸 후 얼굴에 마사지하듯 가볍게 문지른 후 물로 깨끗이 씻어냅니다.",Cleansing,Cleansing Foam Gel
셀리맥스 베이킹 소다 딥 포어 지우개 폼 클렌징 150ml,9000,제조일로 부터 30개월 / 제품 개봉일로부터 12개월,1) 거품을 내어 마사지 하듯 문질러주세요. 2) 미온수로 거품을 헹구어 준 뒤 수건으로 물기를 톡톡 제거해주세요.,Cleansing,Cleansing Foam Gel
휘게 약산성 히알루론 젤 클렌저 400ml,14800,제조일로부터 36개월,"맨 얼굴 세안 시: 소량의 물과 함께 거품을 낸 다음, 얼굴에 부드럽게 클렌징 후 미온수로 깨끗하게 헹구어 냅니다. 메이크업 세안 시: 적당량을 덜어, 물기 있는 얼굴에 부드럽게 롤링 후 미온수로 깨끗하게 헹구어 냅니다.",Cleansing,Cleansing Foam Gel
땡큐파머 강화 교동쌀 맑음 팩 폼 클렌저 150ml,11700,제조일로부터 3년,손바닥에 적당량 덜어 물을 묻혀 충분한 거품을 낸 다음 피부결을 따라 마사지 한 뒤 미온수로 깨끗하게 헹구어 냅니다.,Cleansing,Cleansing Foam Gel
[단독기획] 코스알엑스 퓨어핏 시카 크리미 폼 클렌저 더블 기획 (150ml+150ml),13000,상품 발송일 기준으로 사용기한이 18개월 이상 남아있는 제품부터 순차적으로 판매 (유통 기한 36개월 / 개봉 후 12개월 이내 사용 권장),"손에 적당량을 덜어 거품을 충분히 낸 후, 얼굴 전체에 마사지하듯 가볍게 문질러 미온수로 헹구어 냅니다.",Cleansing,Cleansing Foam Gel
아크웰 피에이치 밸런싱 버블 프리 클렌징 젤 160ml,16200,개봉전 36개월 / 개봉후 12개월,"1, 2차 올 스텝 클렌징 : 물기 없는 얼굴에 적당량을 덜어 부드럽게 롤링한 후 미온수로 깨끗이 씻어냅니다. 메이크업을 한 경우에는 한 번 더 부드럽게 롤링하여 메이크업 및 노폐물을 녹여낸 후 미온수로 깨끗하게 씻어냅니다.",Cleansing,Cleansing Foam Gel
니들리 마일드 클렌징 젤 235ml,18900,개봉 전 36개월 / 개봉 후 12개월,손에 적당량의 내용물을 취하여 충분히 거품을 낸 후 마사지하듯 문지른 다음 물로 깨끗이 씻어 냅니다.,Cleansing,Cleansing Foam Gel
나이팅게일 데일리더마 클렌징폼 마일드 애씨드 1+1,13500,제조일부터 36개월,세안 시 적당량을 손에 덜어 물과 함께 거품을 낸 후 피부결을 따라 부드럽게 문지르고 미온수로 깨끗하게 씻어냅니다.,Cleansing,Cleansing Foam Gel
플리프 시카-알로에 클렌징 젤 폼 200ml (여드름기능성/약산성/저자극테스트완료),11500,■ 제조일로부터 3년,■ 미온수로 얼굴을 적신 뒤 적당량을 덜어 거품을 냅니다. 부드럽게 마사지 하듯 문지른후 미온수로 깨끗하게 씻고 차가운 물로 마무리합니다.,Cleansing,Cleansing Foam Gel
아크네스 클리어&화이트 크리미 워시 100g,13500,"제조일로부터 (36개월/3년)이내, 개봉 후 12개월","손바닥에 적당량을 덜어 물 또는 미온수로 잘 거품을 낸 후, 얼굴 구석구석 마사지 하듯이 씻어 준 뒤 미온수로 깨끗하게 행쿼주십시오",Cleansing,Cleansing Foam Gel
하다라보 히아풀베리어 포어 클렌징 폼 150g,7500,"제조일로부터 (36개월)이내, 개봉 후 12개월",적당량 덜어 물기 있는 얼굴에 도포하여 롤링한 후 깨끗한 물로 헹궈줍니다.,Cleansing,Cleansing Foam Gel
폴라초이스 클리어 포어 노말라이징 클렌저 177ml,23720,24개월 / 12개월,"미온수로 얼굴을 적신 후, 적당량을 덜어 부드럽게 세안합니다. 진한 메이크업을 한 경우, 한 번 더 세안하거나 세안용 수건을 함께 사용하세요.",Cleansing,Cleansing Foam Gel
[당김제로/수분세안] 더말로지카 젤투폼 스페셜 클렌징 젤 50ml,13500,별도 표기 / 개봉 후 12개월,"100원짜리 동전 크기만큼 손에 덜어, 약간의 물을 묻혀 거품을 낸 후, 얼굴과 목에 가볍게 마사지해줍니다. 마사지 후 미온수로 깨끗이 헹궈줍니다.",Cleansing,Cleansing Foam Gel
차앤박(CNP) 안티더스트 클레이 폼클렌저 150ml,12900,36개월/개봉후 12개월,"적당량의 내용물을 덜어 거품을 충분히 낸 후, 얼굴전체를 마사지 하듯 가볍게 문지른 후 깨끗이 헹구어 냅니다.",Cleansing,Cleansing Foam Gel
[당김제로/수분세안] 더말로지카 젤투폼 스페셜 클렌징 젤 250ml,44000,별도 표기 / 개봉 후 12개월,"100원짜리 동전 크기만큼 손에 덜어, 약간의 물을 묻혀 거품을 낸 후, 얼굴과 목에 가볍게 마사지해줍니다. 마사지 후 미온수로 깨끗이 헹궈줍니다.",Cleansing,Cleansing Foam Gel
[온가족클렌저/화해1위] 에스네이처 블랑쉬 클렌저 260ml,26000,"1,095일","아침에는 순한 수분 클렌저, 메이크업 시에는 개운하고 편안한 촉촉진정 2차 클렌저",Cleansing,Cleansing Foam Gel
바이오더마 세비엄 젤무쌍 200ml (튜브타입),19000,제조일로부터 3년 이내의 상품을 순차적으로 발송/ 개봉 후 6개월 사용 권장,"물로 얼굴과 몸을 충분히 적신 후, 적당량을 덜어 피부에 부드럽게 마사지 한 후 씻어냅니다. 쉐이빙 폼으로 사용 가능합니다.",Cleansing,Cleansing Foam Gel
수이스킨 맑은 아보밥 비누 100g,16000,30개월 / 개봉 후 12개월,"거품을 충분히 내어 사용해준 뒤, 미온수로 깨끗하게 헹구어 주세요.",Cleansing,Cleansing Foam Gel
랩시리즈 멀티액션 훼이스 워시 100ml,50000,제조일로부터 36개월,젖은 얼굴과 목에 마사지하듯 발라주고 온수로 잘 씻어낸 후 가볍게 두드리며 말려줍니다.,Cleansing,Cleansing Foam Gel
[미산성 세안제] 클레어스 젠틀 블랙 페이셜 클렌저 140ml,13500,제조일로부터 30개월 개봉 후 1년 내 사용,적당량을 손에 덜어 거품을 낸 뒤 세안합니다.,Cleansing,Cleansing Foam Gel
온더바디 라이스테라피 사철쑥약산성폼 150ml 1+1 기획,11900,"제조일자로부터 36개월, 개봉 후 12개월 권장",적당량을 덜어 충분히 거품을 낸 후 얼굴 피부를 부드럽게 마사지하고 미온수로 깨끗이 씻어냅니다.,Cleansing,Cleansing Foam Gel
온더바디 라이스테라피 쌀겨스크럽폼 150ml 1+1 기획,12900,"제조일자로부터 36개월, 개봉 후 12개월 권장",적당량을 덜어 충분히 거품을 낸 후 얼굴 피부를 부드럽게 마사지하고 미온수로 깨끗이 씻어냅니다.,Cleansing,Cleansing Foam Gel
유세린 더머토클린 리프레싱 클렌징젤 200ml,28000,"주문일로부터 1년 6개월 이내의 제조 상품 배송, 제조일로부터 36개월 이내 사용(상품에는 '제품 사용 기한' 표기)","손바닥에 적당량을 덜어 살짝 거품을 낸 후, 부드럽게 롤링하여 미온수로 씻어 냅니다.",Cleansing,Cleansing Foam Gel
[1+1/올영단독]아크웰 피에이치 밸런싱 수딩 클렌징 폼 더블 기획 (150ml+150ml),18000,개봉전 36개월 / 개봉후 12개월,"젖은 손에 적당량을 덜어 충분히 거품을 낸 후, 얼굴 전체에 부드럽게 마사지하듯 문지른 뒤 미온수로 깨끗이 씻어냅니다.",Cleansing,Cleansing Foam Gel
[저자극/1+1] 아크웰 피에이치 밸런싱 버블 프리 클렌징 젤 더블기획 (160ml+160ml),18000,개봉전 36개월 / 개봉후 12개월,"1, 2차 올 스텝 클렌징 : 물기 없는 얼굴에 적당량을 덜어 부드럽게 롤링한 후 미온수로 깨끗이 씻어냅니다. 메이크업을 한 경우에는 한 번 더 부드럽게 롤링하여 메이크업 및 노폐물을 녹여낸 후 미온수로 깨끗하게 씻어냅니다.",Cleansing,Cleansing Foam Gel
[디렉터파이 MADE] 더파이 시카베타 앰플투폼 클렌저 200ml,21000,제조일로부터 24개월 / 개봉 후 12개월,1. 데일리 클렌징 : 물을 묻힌 손에 클렌저를 적당량 덜어 충분히 거품을 내어 얼굴을 마사지 하 듯 부드럽게 클렌징 한 후 미온수로 헹궈내 주세요. 2. 선크림 혹은 베이스 메이크업 시 : 물을 묻히지 않은 상태의 피부에 클렌저를 적당량 발라 부드럽게 마사지하여 노폐물과 메이크업을 녹여낸 후 소량의 물을 묻혀 거품을 내 세안해주세요.,Cleansing,Cleansing Foam Gel
BRTC 시카 바이옴 블랙헤드 클렌징 폼 150ml,21000,제조일로부터 36개월,"본 품 적당량을 덜어 소량의 물로 충분히 거품을 낸 후, 얼굴 전체를 가볍게 마사지 하듯 문질러 준 후 미온수로 깨끗이 헹구어 냅니다.",Cleansing,Cleansing Foam Gel
온그리디언츠 제주 그린티 클렌징 볼,9000,제조 후 36개월 (개봉 후 1개월),물에 적신 후 거품망을 이용하여 손으로 조물조물 비벼 거품을 충분히 냅니다. 마사지하듯 클렌징 후 미온수로 깨끗이 헹구어 냅니다.,Cleansing,Cleansing Foam Gel
크리니크 포맨 페이스 워시 오일리 스킨 포뮬라 200ml,45000,제조일로부터 36개월,"- 아침, 저녁 하루에 두번, 미지근한 물로 얼굴을 적신 후 손에서 충분히 거품을 내어 세안하세요.",Cleansing,Cleansing Foam Gel
닥터자르트 포어레미디 리뉴잉 폼 클렌저 150ml,30000,36개월(상품 발송 시 기준으로 사용기간 12개월 이상 제품을 발송),"아침, 저녁으로 세안 시 포도알 크기만큼 덜어 사용합니다. 미지근한 물로 헹궈줍니다.",Cleansing,Cleansing Foam Gel
랩시리즈 데일리 레스큐 젤 클렌저,51000,제조일로부터 36개월,"아침, 저녁에 젖은 얼굴과 목에 마사지하듯 발라주고 잘 씻어낸다.",Cleansing,Cleansing Foam Gel
[약산성] 웰라쥬 리얼 히알루로닉 아미노 클렌징 폼 150ml,16000,제조 후 사용기한 36개월 / 개봉 후 12개월,"세안 시 적당량을 취해 충분히 거품을 낸 다음 얼굴에 마사지 하듯 가볍게 롤링한 뒤, 미온수로 깨끗하게 헹구어 냅니다.",Cleansing,Cleansing Foam Gel
피지오겔 레드수딩 시카밸런스 +AC 클렌징폼 120ml,23000,제조일자로부터 36개월,본 품 적당량을 취해 피부에 사용한 후 물로 바로 깨끗이 씻어낸다.,Cleansing,Cleansing Foam Gel
[에이티즈 PICK] 비알머드 릴리프 머드 팩투폼 클렌저 110ml,10400,제조후 36개월,세안 시 적당량을 덜어 충분히 거품을 낸 뒤 얼굴 전체를 부드럽게 마사지하여 미온수로 깨끗이 씻어냅니다.,Cleansing,Cleansing Foam Gel
케어존 아크네 폼클렌저 1+1 기획(130ml+130ml),22000,"개봉전 제조일로부터 36개월, 유통기한 개봉후 12개월",손에 적당량의 내용물을 취하여 충분히 거품을 낸 후  마사지하듯 문지른 다음 물로 깨끗이 씻어냅니다.,Cleansing,Cleansing Foam Gel
크리니크 올 어바웃 클린 린스-오프 포밍 클렌저 150ml,45000,제조일로부터 36개월,- 젖은 손바닥에 소량을 짜내어 거품을 낸 후 거품으로 젖은 얼굴을 부드럽게 마사지 하고 미지근한 물로 깨끗이 헹궈줍니다. - 피부타입에 맞는 페이셜 솝으로 마무리 세안해주고 클래리파잉 로션이나 클래리파잉 모이스춰 로션을 사용합니다.,Cleansing,Cleansing Foam Gel
크리니크 올 어바웃 클린 2-in-1 클렌징 + 엑스폴리에이팅 젤리 안티 폴루션 150ml,50000,제조일로부터 36개월,"- 하루에 2번 동전 크기만큼 손에 덜어내어, 눈가를 제외한 얼굴 전체에 사용합니다. - 메이크업을 지운 피부에 거품을 내며 마사지하며, 미지근한 물로 여러 번 잘 헹굽니다.",Cleansing,Cleansing Foam Gel
"[대용량, 피지/모공케어] 피캄 언더포어 바테카 폼 클렌징 250ml",30000,"제조일로부터 30개월, 개봉 후 12개월 이내 사용 권장","손바닥에 적당량을 덜어 충분히 거품을 내 세안 후, 미온수로 깨끗이 씻어낸다.",Cleansing,Cleansing Foam Gel
[약알칼리성 폼클렌징] 아토뮤 아크리스 폼클렌저 120ml,14800,"제조일자 2022.06.23 / 유통기한 2025.06.22, 제조일로부터 3년, 개봉일로부터 1년",본 품 적당량을 취하여 충분히 거품을 낸 후 얼굴 전체에 부드럽게 문지르고 미지근한 물로 완전히 헹구어 줍니다.,Cleansing,Cleansing Foam Gel
피지오겔 레드수딩 AI 젠틀 포밍젤 180ml,22000,제조일로부터 36개월,적당량을 덜어 충분히 거품을 낸 후 얼굴 전체를 부드럽게 마사지하고 미온수로 깨끗이 씻어냅니다.,Cleansing,Cleansing Foam Gel
시드물 닥터트럽 트러블 클렌져 300ml,15600,제조년월일: 2022년 08월 16일(730일),적당량의 내용물을 취하여 충분히 거품을 낸 후 마사지하듯 문지른 다음 물로 깨끗이 씻어 냅니다.,Cleansing,Cleansing Foam Gel
[19.56% 모공축소] 로벡틴 포어케어 타이트닝 클렌징폼 150ml,9900,개봉일로부터 1년 내,물기가 있는 손에 덜어 가볍게 문지른 뒤 생성된 거품을 물기 있는 얼굴에 대고 마사지 하듯 세안합니다. 세안이 끝난 후 물 또는 미온수로 깨끗하게 헹구어 줍니다.,Cleansing,Cleansing Foam Gel
원데이즈유 피지쓱싹 딥 클렌징 폼 150ml,12800,제조일로부터 36개월 (개봉후 12개월),"내용물을 적당량 덜어 물을 소량 묻힌 후, 거품을 충분히 냅니다. 풍성한 거품이 형성되면 얼굴에 부드럽게 마사지 하듯 문지르고 미온수로 깨끗이 헹구어 냅니다.",Cleansing,Cleansing Foam Gel
라로슈포제 똘러리앙 포밍클렌저 125ml 더블 기획,60000,제조일로부터 3년 이내 / 개봉 후 12개월,미지근한 물로 적신 피부에 부드럽게 마사지 한 후 깨끗이 씻어냅니다.,Cleansing,Cleansing Foam Gel
[저자극] 유리아쥬 미셀라 클렌징 폼 150ml (N),16800,개봉 전 제조일로부터 3년/개봉 후 6개월,1~2회 펌핑하여 얼굴 전체에 부드럽게 마사지 한 후 미온수로 깨끗이 씻어냅니다. 사용전 흔들지 마십시오,Cleansing,Cleansing Foam Gel
투비건 컬러푸드시리즈 블루 밸런싱 폼클렌저 150ml,15200,36개월(개봉 후 12개월),"""1. 물기 있는 손에 내용물을 적당량 덜어 충분히 거품을 내주어 얼굴을 부드럽게 마사지하듯 문질러줍니다. 2. 미온수로 깨끗이 씻어줍니다.""",Cleansing,Cleansing Foam Gel
클라뷰 피톤치드 마일드 클렌징 폼 150ml,9800,"제조일로부터 36개월(1,095일) / 개봉 후 12개월","제품을 적당량 덜어 거품을 충분히 내준 뒤, 부드럽게 얼굴을 마사지하면서 씻어내 주세요.",Cleansing,Cleansing Foam Gel
디오디너리 글루코사이드 포밍 클렌저 150ml,19000,개봉 후 12개월(제조연월 별도표기),"제품을 손에 짜낸 뒤, 물기 있는 얼굴에 마사지하듯 잘 발라준 뒤 따듯한 물로 세안하세요.",Cleansing,Cleansing Foam Gel
[저자극클렌징/여드름기능성클렌저] 셀퓨전씨 트리악 데일리 트러블 케어 폼 클렌저 130ml,24000,30개월,본품 적당량을 취하여 충분히 거품을 낸 후 얼굴 전체에 부드럽게 문지르고 물로 깨끗이 씻어냅니다.,Cleansing,Cleansing Foam Gel
[모공딥클렌저] 메디필 레드 락토 콜라겐 클리어 폼 2.0,24000,36개월,적당량을 덜어 거품을 충분히 낸 후 얼굴 전체를 부드럽게 마사지 하고 미온수로 깨끗이 헹구어 냅니다.,Cleansing,Cleansing Foam Gel
차앤박(CNP) 인비져블 필링 클렌징 젤 170ml(2304),11900,36개월/개봉 후 12개월,손바닥에 내용물을 적당량을 덜어낸 후 마사지하듯 구석구석 세안 후 미온수로 깨끗이 헹구어 냅니다.,Cleansing,Cleansing Foam Gel
[모든 원료 비건]  포인트앤 딥 클린 휩 클렌징 폼 100g,5990,개봉 전 36개월/개봉 후 12개월,젖은 손에 적당량을 덜어 풍성한 거품을 만들어 줍니다. 만들어진 거품으로 물기 있는 얼굴에 부드럽게 마사지하듯 문지른 후 미온수로 깨끗하게 헹구어 냅니다.,Cleansing,Cleansing Foam Gel
몰바니 저자극 LHA 율피 젤 클렌저 200ml,19800,개봉전 36개월 / 개봉 후 12 개월,"맨얼굴 세안 시 젖은 손에 적당량을 덜어, 얼굴 전체를 부드럽게 마사지하고 미온수로 깨끗이 헹구어 냅니다.                                        메이크업 세안 시 물기 없는 손에 적당량을 덜어낸 뒤, 얼굴 전체를 마사지하듯 부드럽게 클렌징하고, 미온수로 거품을 낸 후 깨끗히 헹구어 냅니다.",Cleansing,Cleansing Foam Gel
[약산성] 닥터디퍼런트 비타아크날 트러블 클렌징 폼 200ml(기획/단품),16390,"개봉 전 36개월, 개봉 후 12개월","적당량을 물기 있는 손에 덜어 부드럽게 거품을 낸 뒤, 얼굴 전체에 마사지 하듯 가볍게 문지른 후 물로 깨끗이 씻어냅니다.",Cleansing,Cleansing Foam Gel
[데일리필링] 프리메라 오가니언스 필링 투 폼 클렌저 120ml 기획/단품,15000,"사용기한 36개월, 개봉후 12개월 이내 사용","젖은 얼굴에 적당량을 덜어 부드럽게 롤링하여 각질을 케어한 후, 물을 묻혀 풍성한 거품을 내어 세안해 줍니다.",Cleansing,Cleansing Foam Gel
오휘 미라클 토닝 젤리 클렌저 180ml,24950,"개봉전 제조일로부터 36개월, 유통기한 개봉후 12개월","세안 시 손바닥에 적당량의 내용물을취한 후 물에 적시어 풍성한 거품을 만들어주고, 얼굴 전체에 마사지 하듯 골고루 문지른뒤 미온수로 충분히 헹구어 줍니다.",Cleansing,Cleansing Foam Gel
프리메라 오가니언스 BR 컴포트 아미노 리치 폼 150ml,17200,"개봉 전 36개월, 개봉 후 12개월 이내 사용","적당량을 덜어 충분히 거품을 낸 후, 얼굴을 부드럽게 마사지하고 미온수로 깨끗하게 씻어냅니다.",Cleansing,Cleansing Foam Gel
에스티 로더 뉴트리셔스 2-in-1 폼 클렌저,52000,제조일로부터 36개월,"- 클렌저로 사용할 경우: 아침과 저녁, 물을 묻힌 얼굴에 동전 사이즈 만큼 바르고 거품을 낸 후 씻어 냅니다. - 위클리 마스크로 사용할 경우: 티존에 집중하여 피부에 얇게 펴 바릅니다. 1분간 기다렸다가 씻어 냅니다",Cleansing,Cleansing Foam Gel
[1+1/모든 원료 비건] 포인트앤 딥 클린 휩 클렌징 폼 120g 1+1 기획,9500,개봉 전 36개월/개봉 후 12개월,젖은 손에 적당량을 덜어 풍성한 거품을 만들어 줍니다. 만들어진 거품으로 물기 있는 얼굴에 부드럽게 마사지하듯 문지른 후 미온수로 깨끗하게 헹구어 냅니다.,Cleansing,Cleansing Foam Gel
포맨트 시그니처 폼클렌저 120ml,18000,제조일로부터 3년,▪ 가볍게 피부를 씻어내고 손에 적당량을 덜어주세요. ▪  피부결을 따라 마사지하듯 발라주세요. ▪ 얼굴 전체의 잔여물을 씻어내어 줍니다.,Cleansing,Cleansing Foam Gel
씨드비 이슬로 페이셜 이슬솝 100g,9500,제조일로부터 24개월/ 개봉 후 바로 사용 권장,비누로 충분히 거품을 낸 후 얼굴 전체를 부드럽게 마사지하고 미온수로 깨끗이 씻어 내줍니다.,Cleansing,Cleansing Foam Gel
조선미녀 산뜻청매실클렌저 100ml,10400,제조일부터36개월/개봉후12개월이내,물기가 있는 피부에 적당량을 덜어 거품을 낸 뒤 얼굴 전체를 부드럽게 마사지하고 미지근한 물로 깨끗이 씻어냅니다.,Cleansing,Cleansing Foam Gel
[저자극 유분케어] 유세린 더모퓨리파이어 딥 클렌징폼 150g,26000,제조일로부터 900일,적당량을 손에 덜어 충분히 거품을 낸 후 얼굴과 목에 마사지한 후 미지근한 물로 말끔히 헹구어 줍니다.,Cleansing,Cleansing Foam Gel
후시다인 더마 트러블 버블 클렌저 155g,22000,36개월,"아침, 저녁 손에 적당량의 내용물을 취하여 조밀한 거품으로 피부에 마사지하듯 문지른 다음 물 또는 미온수로 깨끗이 씻어 냅니다.",Cleansing,Cleansing Foam Gel
[여드름기능성] 스킨푸드 미나리 리프레쉬 클렌징폼,16000,제조일로부터 36개월,적당량을 덜어 거품을 내어 마사지한 후 미온수로 씻어냅니다.,Cleansing,Cleansing Foam Gel
[트러블]듀이트리 AC컨트롤 딥 그린 카밍 트러블 폼 클렌저 150ml,16000,36개월,적당량을 덜어 소량의 물로 충분히 거품을 낸 다음 얼굴에 마사지하듯 부드럽게 무지른 후 미온수로 깨끗이 씻어줍니다.,Cleansing,Cleansing Foam Gel
[피지폼] 아이소이 아크니 닥터 1st 블랙 딥 클렌징 폼 75ml,19900,제조일자로부터 3년 개봉 후 6개월 사용권장,얼굴에 물기가 있는 상태에서 2~3회 펌핑하여 얼굴을부드럽게 마사지하고 미온수로 헹구어 냅니다.,Cleansing,Cleansing Foam Gel
살사랑 라이스 밸런스 클렌저 4ml*20포,11400,36개월(개봉 후 6개월),적당량을 덜어 물과 함께 손바닥에 거품을 내어 얼굴 전체를 가볍게 마사지하듯 부드럽게 문지른 후 미온수로 깨끗하게 씻어 냅니다.,Cleansing,Cleansing Foam Gel
[수분클렌징] 이니스프리 그린티 아미노 수분 클렌징 폼 150g,9360,"개봉전 36개월, 개봉후 12개월 (상품 발송일 기준으로 사용 기한이 1년 이상 남은 상품만을 판매 합니다)",세안 시 적당량을 손에 덜어 충분히 거품을 낸 뒤 마사지하듯 롤링한 후 미온수로 헹구어 냅니다.,Cleansing,Cleansing Foam Gel
[엔하이픈 희승 PICK] 믹순 병풀 클렌징 폼 150ml,18000,제조일로부터 3,세안 시 적당량을 덜어 물로 충분히 거품을 낸 후 얼굴 전체에 가볍게 문지르고 미온수로 깨긋하게 헹구어 냅니다.,Cleansing,Cleansing Foam Gel
[NEW]바이오힐 보 판테셀 리페어시카 논터치 버블 클렌저,12000,제조일로부터 30개월,"세안 시 적당량을 손바닥에 펌핑하여 얼굴에 도포 후 피부결에 따라 부드럽게 롤링한 후, 미온수로 깨끗이 헹구어 줍니다. TIP : 2차 세안 혹은 아침 세안으로 추천해요!",Cleansing,Cleansing Foam Gel
[NEW] 스킨푸드 블랙슈가 퍼펙트 버블 폼 200ml,9100,제조일로부터 36개월,물기 있는 손에 적당량을 펌핑해 마사지하듯 부드럽고 세심하게 문지른 뒤 미온수로 충분히 씻어낸 후 차가운 물로 마무리해 줍니다.,Cleansing,Cleansing Foam Gel
달팡 인트랄 에어 무스 클렌저 125ml,47000,제조일로부터 36개월,"1. 아침과 저녁에 사용합니다. 2. 얼굴과 손에 물을 묻혀준 후, 제품의 거품을 손바닥에 올려놓습니다. 3. 눈 주위를 조심하고 얼굴 전체에 마사지 해준 후 미온수로 깨끗이 헹궈주세요.",Cleansing,Cleansing Foam Gel
코스알엑스 어드벤스드 스네일 뮤신 젤 클렌저 150ml,16200,상품 발송일 기준으로 사용기한이 12개월 이상 남아있는 제품부터 순차적으로 판매 (유통 기한 24개월 / 개봉 후 6개월 이내 사용 권장),"젤 클렌저를 젖은 얼굴에 마사지하듯 가볍게 문지른 후, 미온수로 헹구어 낸 다음 상쾌한 아침을 맞이합니다.",Cleansing,Cleansing Foam Gel
런드리유 클린 페이스 가글 젤투폼 클렌저 마일드,22000,제조일로부터 3년,소량의 젤을 덜어 손바닥에서 거품을 내어 마사지하듯이 눈 주위를 피해 부드럽게 피부를 롤링 해 준 뒤 미온수로 깨끗이 헹구어 냅니다.,Cleansing,Cleansing Foam Gel
런드리유 클린 페이스 가글 젤투폼 클렌저 스트롱,22000,제조일로부터 3년,소량의 젤을 덜어 손바닥에서 거품을 내어 마사지하듯이 눈 주위를 피해 부드럽게 피부를 롤링 해 준 뒤 미온수로 깨끗이 헹구어 냅니다.,Cleansing,Cleansing Foam Gel
라라레서피 유자 셀프포밍 3in1 클렌저 200ml,19800,개봉전 3년/ 개봉후 1년이내,"마른얼굴에 2ml를 펴바른후 부드럽게 롤링하며 메이크업을 지워낸후,  풍성한 미세버블이 생성되면, 미온수로 헹구어 줍니다",Cleansing,Cleansing Foam Gel
식물나라 뽀얀쌀 맑은 클렌징폼 150mL 1+1기획,12800,"■ 제조일로부터 30개월, 개봉 후 12개월","내용물 적당량을 덜어 물을 소량 묻힌 후, 거품을 충분히 냅니다. 풍성한 거품이 형성되면 얼굴에 부드럽게 마사지 하듯 문지르고 미온수로 깨끗이 헹구어냅니다.",Cleansing,Cleansing Foam Gel
콴디 퓨어 어니스티 모닝 클렌저 150ml,25000,"제조일로부터 36개월, 개봉 후 12개월","2~3회 펌핑하여 손에 적당량의 거품을 묻혀, 얼굴 전체에 마사지 하듯 가볍게 롤링한 후 물로 깨끗이 헹구어냅니다.",Cleansing,Cleansing Foam Gel
콴디 플러피 클라우드 버블팩 클렌저 200ml,25000,"제조일로부터 36개월, 개봉 후 12개월",적당량을 손에 덜어 피부에 펴 바른 후 버블이 올라오면 소량의 물을 묻혀 부드럽게 마사지 하듯 문질러 준 뒤 미온수로 깨끗이 씻어냅니다.,Cleansing,Cleansing Foam Gel
[모공축소/1+1] 아크웰 감초수 피에이치 밸런싱 포어 클렌징 젤 폼 더블기획 (160ml+160ml),18000,개봉 전 36M/개봉 후 12M,"젖은 손에 적당량을 덜어 충분히 거품을 낸 후, 얼굴 전체에 부드럽게 마사지하듯 문지른 뒤 미온수로 깨끗이 씻어냅니다.",Cleansing,Cleansing Foam Gel
비레디 시카페인 트러블리셋 클렌징폼 150g,16490,"개봉전 36개월, 개봉후 12개월 이내 사용",손에 적당량의 내용물을 취하여 충분히 거품을 낸 후 마사지하듯 문지른 다음 물로 깨끗이 씻어냅니다.,Cleansing,Cleansing Foam Gel
달팡 인트랄 클렌징밀크 200ml,51000,대부분 사용기한 1년 이상 남은 제품을 배송해드립니다.,"얼굴과 목에 부드럽게 원을 그리듯 마사지한 후, 물 또는 티슈로 제거합니다.",Cleansing,Cleansing Foam Gel
닥터벨머 아미노클리어 아크네 버블 폼 클렌저 150ml,9100,제조일로부터 36개월/ 개봉 후 12개월,적당량의 거품을 손에 덜어내어 얼굴에 사용한 후 깨끗이 씻어냅니다.,Cleansing,Cleansing Foam Gel
[원우PICK]닥터벨머 아미노클리어 아크네 클렌징폼 150ml,14000,제조일로부터 36개월/ 개봉 후 12개월,"세안 시 적당량을 덜어 미세한 거품을 낸 후, 얼굴에 마사지하듯 문지르고 미온수로 깨끗이 씻어냅니다.",Cleansing,Cleansing Foam Gel
[원우PICK] 더페이스샵 미감수 브라이트 클렌징폼 150ml,9500,제조일로부터 36개월/ 개봉 후 12개월,"깨끗한 손에 클렌징 폼을 적당량 짜내어 거품을 내고, 얼굴 전체와 목까지 마사지해 줍니다. 미지근한 물로 충분히 헹군 다음, 찬물로 헹궈 마무리 합니다.",Cleansing,Cleansing Foam Gel
[피지감소] 리얼베리어 컨트롤-T 클렌징폼 200ml 기획 (+80ml),16900,"개봉 전 제조일로부터 36개월간, 개봉 후에는 12개월 이내",적당량 손에 덜어 충분히 거품을 낸 후 젖은 얼굴에 마사지하듯 부드럽게 문지르고 미온수로 깨끗이 헹구어냅니다.,Cleansing,Cleansing Foam Gel
아이오페 바이오 컨디셔닝 에센스 클렌징 폼 180ml,24000,개봉 전 36개월  개봉 후 12개월,적당량을 덜어 물과 함께 충분히 거품을 낸 후 얼굴에 마사지 하듯 클렌징 미온수로 헹궈냅니다,Cleansing,Cleansing Foam Gel
[U자모공 말끔 흡착케어] 피캄 레티놀라겐 앰플샷 폼클렌저 120ml,20000,"제조일로부터 36개월, 개봉 후 12개월 이내 사용 권장","손바닥에 적당량을 덜어 충분히 거품을 내 세안 후, 미온수로 깨끗이 씻어냅니다.",Cleansing,Cleansing Foam Gel
[NCT 재민PICK] 이즈앤트리 어니언 뉴페어 클렌징폼 150ml 2입,18700,개봉전 36개월/개봉후 12개월,"적당량을 덜어 거품을 충분히 낸 후, 얼굴 전체를 부드럽게 마사지하고 미온수로 깨끗이 헹구어 냅니다.",Cleansing,Cleansing Foam Gel
VT 리들샷 클렌저 80ml,16100,개봉 전 36개월,"세안 시 적당량을 손에 덜어 충분히 거품을 낸 뒤, 얼굴에 문지르고 미지근한 물로 씻어 냅니다.",Cleansing,Cleansing Foam Gel
[NEW/모공청정] 스킨푸드 도토리 모공 탄력 클렌징폼 150ml,16000,사용기한 : 제조일로부터 36개월 / 제조연월 : 발송일로부터 1년이내 제조,"세안 시 적당량을 손에 덜어 물과 함께 거품을 내 피부를 부드럽게 마사지해 주고, 미온수로 깨끗하게 씻어냅니다.",Cleansing,Cleansing Foam Gel
멜린앤게츠 페이스 클렌저 236ml 그레이프프룻,61000,제조일로부터 3년,"손에 소량의 거품을 내어 젖은 피부에 부드럽게 마사지한 뒤, 물로 깨끗이 헹구어 줍니다.",Cleansing,Cleansing Foam Gel
[하루특가/반용량 추가증정] 설화수 순행 클렌징폼 (100ml/200ml/400ml),23800,"제조일로부터 36개월, 개봉 후 12개월","적당량을 덜어 손에서 거품을 낸 후, 젖은 피부를 부드럽게 마사지하듯이 클렌징 하고 물로 헹구어 내줍니다.",Cleansing,Cleansing Foam Gel
더후 공진향 클렌징 폼 180ml,36550,"개봉전 제조일로부터 36개월, 유통기한 개봉후 12개월",손에 적당량을 취해 풍부한 거품을 만들어 준 후 얼굴에 마사지하듯 문지른 다음 물로 깨끗하게 씻어냅니다.,Cleansing,Cleansing Foam Gel
[블랙헤드개선] 수이스킨 어린 새싹 딥 클렌징 폼 150ml,16000,개봉전 30개월 / 개봉후 12개월,세안 시 적당량을 덜어 충분히 거품을 낸 후 얼굴 전체를 부드럽게 마사지하고 미온수로 깨끗이 씻어냅니다.,Cleansing,Cleansing Foam Gel
[모공딥클렌징] 성분에디터 그린토마토 딥 포어 클렌징 울트라 휘핑 폼 120g,9600,제조일로부터 3년,세안시 손에 적당량을 덜어 물과 함께 풍성한 거품을 내어 세안한 뒤 미온수로 깨끗이 헹구어 냅니다.,Cleansing,Cleansing Foam Gel
[피지말끔] 라운드랩 소나무 진정 시카 클렌저 100ml+100ml,28000,"제조일로부터 36개월, 개봉 후 12개월",세안 시 적당량을 덜어 충분히 거품을 낸 후 얼굴 전체를 부드럽게 마사지하며 깨끗이 씻어냅니다.,Cleansing,Cleansing Foam Gel
[온라인 단독기획]센카 퍼펙트 휩 화이트 클레이 120g+120g 더블 기획 (+클렌징오일 20ml),19400,제조일로부터 3년 이내 상품을 발송합니다. (제조일로부터 36개월 이내 사용가능),"젖은 손바닥에 적당량(약2cm)을 덜어 물과 함께 풍성한 거품을 내어 세안하고, 미온수로 헹구어 냅니다.",Cleansing,Cleansing Foam Gel
닥터자르트 더마클리어 피에이치 폼 클렌저 120ml,25000,36개월(상품 발송 시 기준으로 사용기간 12개월 이상 제품을 발송),"젖은 손에 적당량을 덜어 조밀한 거품을 만들어줍니다. 피부를 마사지하듯 부드럽게 문지른 뒤, 미온수로 깨끗이 헹궈줍니다",Cleansing,Cleansing Foam Gel
[NEW/매끈결] 스킨푸드 파인애플 바하 필링 클렌징폼 150ml,7000,제조연월 : 발송일로부터 1년이내 제조 / 사용기한 : 제조일로부터 36개월,손바닥에 내용물을 적당량 덜어 거품을 내어 얼굴 전체에 마사지한 후 미온수로 씻어냅니다.,Cleansing,Cleansing Foam Gel
더바디샵 티트리 3-in-1 워시 스크럽 마스크 125ML,27550,발송일 기준 최대 28개월 이내 제조된 제품으로 발송; 제조일로부터 36개월 이내 사용,"1) 워시&스크럽 - 매일 아침, 저녁 아몬드 크기의 양을 덜어 젖을 얼굴에 바르고 물로 씻어냅니다. 2) 마스크 - 일주일에 1~2회 아몬드 크기의 양을 얼굴에 바르고 5분간 유지 후 물로 씻어냅니다.",Cleansing,Cleansing Foam Gel
[3일 모공개선] 메디톡스 뉴라덤 카밍 폼클렌저 100ml,19000,제조일로부터 30개월,"물기가 있는 손에 제품을 적당량 덜어 충분히 거품을 낸 후, 얼굴에 부드럽게 마사지하고 미온수로 깨끗하게 씻어 줍니다.",Cleansing,Cleansing Foam Gel
[NEW] 바이오힐 보 판테셀 리페어시카 수딩 클렌저 160mL,9000,제조일로부터 36개월,세안 시 적당량을 취해 충분히 거품을 낸 다음 얼굴에 마사지 하듯 문지른 다음 물로 깨끗이 씻어 냅니다.,Cleansing,Cleansing Foam Gel
[NEW] 구달 어성초 히알루론 수딩 모공 클렌징폼,12900,개봉전 : 30개월 / 개봉후 : 12개월,본품 적당량을 취해 피부에 사용한 후 물로 바로 깨끗이 씻어낸다.,Cleansing,Cleansing Foam Gel
뉴트로지나 딥클린 포밍 클렌저 150g,13900,3년,세안 시 적당량을 손에 덜어 충분히 거품을 내서 얼굴에 마사지하듯이 문지른 후 물로 씻어냅니다.,Cleansing,Cleansing Foam Gel
[1+1] 넘버즈인 3번 쌀누룩 효소사우나 고마쥬폼 더블 기획 (170ml+170ml),26000,제조일로부터 30개월 / 개봉 후 12개월,손바닥에 적당량을 덜어 거품을 낸 후 부드럽게 피부에 롤링하며 마사지해 줍니다. 사용 후 미온수로 씻어냅니다.,Cleansing,Cleansing Foam Gel
아렌시아 그린 아르티장 클렌저 120g,42000,"개봉전 36개월, 개봉후 6개월",(STEP1) 데일리 클렌저 / 50원 정도를 손바닥에 덜어내어 물과 함께 부드럽게 롤링 후 얼굴을 세정해주시면 됩니다.(STEP2) 클렌징 팩 / 떡솝으로 가볍게 거품을 내어 얼굴에 도포해줍니다. 1-2분 기다렸다가 부드럽게 세정해주신다면 모공 속 노폐물은 말끔하게 세정되고 모공은 타이트닝해주는 클렌징 팩으로 활용 가능합니다.,Cleansing,Cleansing Foam Gel
메이크프렘 세이프 미 아미노 리프레시 클렌징폼 150ml,11890,제조일로부터 36개월(개봉 후 12개월 이내),적당량을 덜어 거품을 충분히 낸 후 얼굴 전체를 부드럽게 마사지하고 미온수로 깨끗이 헹구어 냅니다. *인공색소가 아닌 원료 본연의 색으로 인해 시간이 지남에 따라 색 빠짐 현상이 있을 수 있습니다.,Cleansing,Cleansing Foam Gel
[블랙헤드클렌저] 오브베이스 픽팩 클렌저 백년초&청귤 200ml,18200,제조일로부터 3,[폼 클렌저로 사용 시] 1. 젖은 손에 적당량을 덜어 낸 뒤 충분히 거품을 내줍니다. 2. 피부결을 따라 롤링하며 마사지하고 미온수로 깨끗하게 씻어줍니다. [팩+클렌저로 사용 시] 1. 눈가와 입가를 제외한 마른 얼굴에 골고루 펴 발라줍니다. 2. 1분 뒤 미온수를 적셔 거품을 내며 부드럽게 롤링하여 헹구어줍니다.,Cleansing,Cleansing Foam Gel
[모공팩클렌저] 오브베이스 픽팩 클렌저  2종 택1,18200,제조일로부터 3년,[폼 클렌저로 사용 시] 1. 젖은 손에 적당량을 덜어 낸 뒤 충분히 거품을 내줍니다. 2. 피부결을 따라 롤링하며 마사지하고 미온수로 깨끗하게 씻어줍니다. [팩+클렌저로 사용 시] 1. 눈가와 입가를 제외한 마른 얼굴에 골고루 펴 발라줍니다. 2. 1분 뒤 미온수를 적셔 거품을 내며 부드럽게 롤링하여 헹구어줍니다.,Cleansing,Cleansing Foam Gel
리얼베리어 모공비움 클렌징폼 150ml,18000,"개봉 전 제조일로부터 36개월간, 개봉 후에는 12개월 이내","젖은 손에 적당량을 덜어 충분히 거품을 낸 후, 얼굴에 마사지하듯 부드럽게 문지르고 미온수로 깨끗이 헹구어 냅니다.",Cleansing,Cleansing Foam Gel
숨37 타임에너지 브라이트 클레이 팩 클렌저 150ml,38400,"개봉전 제조일로부터 36개월, 유통기한 개봉후 12개월","*딥클렌저로 사용하는 방법: 세안 후 물기를 제거한 얼굴에 약 500원 동전 크기를 취해 눈가와 입가를 제외한 얼굴에 고르게 펴 바른 후, 1분 후에 물로 헹구에냅니다. *데일리 클렌저로 사용하는 방법: 세안 중 손바닥에 약 100원 동전 크기를 취해 손바닥에 물을 충분히 더하여 거품을 만든 다음, 젖은 얼굴에 부드럽게 마사지하고 물로 헹구어냅니다.",Cleansing,Cleansing Foam Gel
[모공팩] 포엘리에 옴므 클레이 팩 클렌저 200ml 트러블 완화 + 모공 축소 + 블랙헤드 케어,13500,제조일로부터 36개월 개봉 후 12개월,"[클렌징 폼으로 사용할 때] 세안 시, 거품을 내어 눈가와 입가를 제외한 얼굴 안쪽에서 바깥쪽으로 부드럽게 마사지하면서 미온수로 씻어냅니다. [워시오프팩으로 사용할 때] 눈가와 입가를 제외한 얼굴에 적당량을 덜어 부드럽게 마사지를 하면서, 미온수로 씻어냅니다.( 피부 타입에 따라 주 2~3회 사용 권장)",Cleansing,Cleansing Foam Gel
닥터벨머 아미노클리어 약산성 젤 폼 190ml,20000,제조일로부터 36개월/ 개봉 후 12개월,"세안 시 물기 있는 손에 덜어 충분히 거품을 낸 뒤, 얼굴에 마사지하듯 부드럽게 클렌징 후 미온수로 깨끗이 씻어냅니다.",Cleansing,Cleansing Foam Gel
스콧해미쉬 블루 프리덤 캡슐 클렌징폼 150ml,17500,36개월,적당량을 덜어 소량의 물로 충분히 거품을 낸 다음 얼굴에 마사지하듯 부드럽게 문지른 후 미온수로 깨끗이 씻어 줍니다.,Cleansing,Cleansing Foam Gel
로레알파리 맨 이드라파워 아쿠아 클렌징폼 100ml,10900,35개월,"얼굴에 물을 묻힌 다음, 손바닥에 적당량을 취하여 거품을 내고 마사지하듯 문지릅니다. 충분히 마사지 한 후, 마온수로 깨끗이 씻어 냅니다",Cleansing,Cleansing Foam Gel
무슈제이 젠틀 클레이 클렌저 150ml,11900,제조일로부터 36개월 (개봉 후 12개월),세안 시 적당량을 손에 덜어 물과 함께 거품을 내 피부를 부드럽게 마사지해 주고 미온수로 깨끗하게 씻어냅니다.,Cleansing,Cleansing Foam Gel
[트러블/민감/기획] 아크네스 모공 클리어 젤 클렌저 125ml 기획 (+세안 브러쉬),18000,개봉 전 36개월 / 개봉 후 12개월,본 품 적당량을 취하여 충분히 거품을 낸 후 얼굴 및 기타 부위에 부드럽게 문지르고 물로 깨끗이 씻어냅니다.,Cleansing,Cleansing Foam Gel
[5대 트러블 딥 클렌징] 티엘스 화이트 티트리 아크 플러스 팩클렌저 100ml,24000,"개봉 전 36개월 이내, 개봉 후 12개월 이내 사용","적당량을 덜어 충분히 거품을 낸 후, 얼굴에 마사지하듯 부드럽게 문지르고 미온수로 깨끗이 헹구어 냅니다.",Cleansing,Cleansing Foam Gel
[수분충전] 뉴트로지나 딥클린 하이드레이팅 포밍 클렌저 150g,14900,3년,"아침 저녁 세안시, 적당량을 손에 덜어 충분히 거품을 내서 얼굴에 마사지하듯 문지른 후 물로 씻어냅니다.",Cleansing,Cleansing Foam Gel
에센허브 티트리 릴리프 폼클렌저 150ml,16200,"제조일자로 부터 36개월, 개봉 후 12개월 내 사용권장","세안 시 적당량을 손에 덜어 물과 함께 충분히 거품을 낸 후, 얼굴에 마사지하듯 가볍게 문지를 뒤 물로 깨끗이 씻어냅니다.",Cleansing,Cleansing Foam Gel
로우퀘스트 베리어 인핸싱 클렌저 190ml,25000,"사용기한 미개봉 상태에서 제조일로부터 3년, 개봉 후 1년","미온수로 충분히 얼굴을 적신 후, 적당량을 덜어 충분히 거품을 낸 후 피부를 부드럽게 롤링하며, 세안 후 깨끗하게 헹궈내 주세요.",Cleansing,Cleansing Foam Gel
로레알파리 맨 퓨어앤매트 숯파우더 클렌징폼 100ml,10900,35개월,"얼굴에 물을 묻힌 다음, 손바닥에 적당량을 취하여 거품을 내고 마사지하듯 문지릅니다. 충분히 마사지 한 후, 마온수로 깨끗이 씻어 냅니다",Cleansing,Cleansing Foam Gel
운스트라움 디 오리진 페이스 워시 120ml,12750,"제조일로부터 3년, 개봉 후 12개월",젖은 손에 적당량을 덜어 충분히 거품을 만든 후 부드럽게 마사지한 뒤 미온수로 씻어내세요.,Cleansing,Cleansing Foam Gel
모나이트 크림 클렌저 100g 5종 중 택 1,24000,제조일로부터 2년 6개월,"피부를 물로 적신 뒤, 적당량의 제품을 덜어 거품을 내어 세안을 즐기신 후, 따 뜻한 물로 충분히 헹구어 주세요. 팩 효과를 원하시는 경우, 제품을 피부에 얇게 펴 바르 고약 1분간 방치하신 뒤, 세안하며 헹구어 주세요.",Cleansing,Cleansing Foam Gel
휩드 비건 팩클렌저 단지형 80g (5종 중 택1),24000,제조일로부터 24개월 이내 사용,"1. 워시오프팩으로 사용 시 마른 얼굴에 도톰하게 펴 바르고 1분 뒤 씻어주세요. TIP. 고민부위에 스팟케어용 팩으로 사용해보세요. 2. 데일리 클렌저 손톱만큼 떠서 거품을 낸 후, 젖은 얼굴에 롤링하고 씻어주세요.",Cleansing,Cleansing Foam Gel
[올인원 클렌저]LBB 4 in1 마이크로 폼 클렌저 100ml,37800,제조일로부터 36개월 / 개봉 후 12개월,물기 없는 얼굴에 도포 후 부드럽게 마사지한 후에 미온수로 한번 더 러빙하여 메이크업과 노폐물을 깨끗이 씻어냅니다.,Cleansing,Cleansing Foam Gel
모나이트 차콜 블렌디드 크림 클렌저 100g,18500,제조일로부터 2년 6개월,제조일로부터 2년 6개월,Cleansing,Cleansing Foam Gel
모나이트 펌킨 블렌디드 크림 클렌저 100g,24000,제조일로부터 2년 6개월,"피부를 물로 적신 뒤, 적당량의 제품을 덜어 거품을 내어 세안을 즐기신 후, 따 뜻한 물로 충분히 헹구어 주세요. 팩 효과를 원하시는 경우, 제품을 피부에 얇게 펴 바르 고약 1분간 방치하신 뒤, 세안하며 헹구어 주세요.",Cleansing,Cleansing Foam Gel
모나이트 로즈오일 블렌디드 크림 클렌저 100g,18500,제조일로부터 2년 6개월,"피부를 물로 적신 뒤, 적당량의 제품을 덜어 거품을 내어 세안을 즐기신 후, 따 뜻한 물로 충분히 헹구어 주세요. 팩 효과를 원하시는 경우, 제품을 피부에 얇게 펴 바르 고약 1분간 방치하신 뒤, 세안하며 헹구어 주세요.",Cleansing,Cleansing Foam Gel
[보습장벽] 베이스킨 마일드 젤 투 폼 클렌저 [재구매율 69.9%],26000,제조일로부터 36개월 (개봉 후 12개월),"물기가 있는 젖은 손에 내용물을 적당량 덜어내어 충분히 거품을 낸 후, 얼굴에 부드럽게 마사지 하듯 세안을 하고 미온수로 헹구어냅니다.",Cleansing,Cleansing Foam Gel
키엘 칼렌듈라 딥 클렌징 포밍 페이스 워시 75ml,22500,개봉 후 12개월,젖은 손에 제품을 소량 덜어 충분히 거품을 낸 후 눈가를 피해서 원을 그리듯이 마사지하고 미온수로 씻어내세요.,Cleansing,Cleansing Foam Gel
키엘 칼렌듈라 딥 클렌징 포밍 페이스 워시 230ml,49500,개봉 후 12개월,젖은 손에 제품을 소량 덜어 충분히 거품을 낸 후 눈가를 피해서 원을 그리듯이 마사지하고 미온수로 씻어내세요.,Cleansing,Cleansing Foam Gel
키엘 울트라 훼이셜 클렌저 75ml,21000,개봉 후 12개월,"젖은 손에 적당량을 덜어 충분히 거품을 낸 후, 눈가를 제외한 얼굴에 부드럽게 마사지하고 미온수로 씻어내세요.",Cleansing,Cleansing Foam Gel
키엘 울트라 훼이셜 클렌저 (75ml/150ml),21000,배송되는 제품은 사용기한이 12개월 이상 남아있는 제품부터 순차적으로 배송됩니다.,"젖은 손에 적당량을 덜어 충분히 거품을 낸 후, 눈가를 제외한 얼굴에 부드럽게 마사지하고 미온수로 씻어내세요.",Cleansing,Cleansing Foam Gel
[NEW] 브링그린 대나무히알루수분클렌징폼 120mL 2입 /단품,17800,"■ 제조일로부터 30개월, 개봉 후 12개월","■ 세안 시 적당량을 손에 덜어 물과 함께 풍성한 거품을 내 피부를 부드럽게 마사지해주고, 미온수로 깨끗하게 씻어냅니다.",Cleansing,Cleansing Foam Gel
모나이트 감귤 블렌디드 솝 150g,12000,제조일로부터 30개월 / 개봉 후 12개월 이내,"비누거품을 만들어 세정이 필요한 곳에 사용 후 따뜻한 물로 충분히 헹구어 줍니다. 피부 세안용, 바디 및 핸드워시 용도로 사용이 가능합니다.",Cleansing,Cleansing Foam Gel
모나이트 블루베리 블렌디드 솝 150g,12000,제조일로부터 30개월 / 개봉 후 12개월 이내,"비누거품을 만들어 세정이 필요한 곳에 사용 후 따뜻한 물로 충분히 헹구어 줍니다. 피부 세안용, 바디 및 핸드워시 용도로 사용이 가능합니다.",Cleansing,Cleansing Foam Gel
모나이트 허브 앤 오트 블렌디드 솝 150g,15000,제조일로부터 30개월 / 개봉 후 12개월 이내,모나이트 허브 앤 오트 블렌디드 솝 150g,Cleansing,Cleansing Foam Gel
[민감성피부용]바버 에어리 포밍 클렌저 200ml,29900,제조일로부터 3년/개봉 후 1년 이내 사용,클렌징 폼을 손바닥에 1-2회 펌핑하여 얼굴에 마사지하듯 롤링해준 뒤 미온수로 씻어냅니다.,Cleansing,Cleansing Foam Gel
[진정/수분충전] 더말로지카 버블 프리 울트라카밍 클렌저 250ml,46000,별도 표기 / 개봉 후 12개월,"100원짜리 동전 크기만큼 손에 덜어, 약간의 물을 묻혀 거품을 낸 후, 얼굴과 목에 가볍게 마사지해줍니다.",Cleansing,Cleansing Foam Gel
앰플엔 아크네샷 폼 클렌저 150ml,12900,제조일로부터 36개월,본품 적당량을 취하여 충분히 거품을 낸 후 얼굴 전체에 부드럽게 문지르고 물로 깨끗이 씻어낸다.,Cleansing,Cleansing Foam Gel
[NEW] 브링그린 사철쑥카밍EX모델링팩투폼클렌저 120mL,14900,"■ 제조일로부터 30개월, 개봉 후 12개월","""■ 마른 얼굴에 적당량을 손에 덜어 펴 바른 후 3~5분 기다려줍니다. 물과 함께 거품을 내 피부를 부드럽게 마사지해주고, 미온수로 깨끗하게 씻어냅니다. (*TIP. 고민 부위에 도톰하게 올려 집중 진정 모델링 팩으로 사용해보세요.) """,Cleansing,Cleansing Foam Gel
[리뷰이벤트] 아리얼 애플사이다 휘핑 크림 팩 클렌저 200ml,15960,제조일로부터 36개월,[팩으로 사용시] 1) 눈가와 입가를 제외한 마른 얼굴에 적당량 펴발라줍니다. 2) 1분 뒤 미온수를 적셔 거품을 내며 롤링해주고 헹구어 줍니다. [데일리 클렌저로 사용시] 1) 젖은 손에 적당량을 덜어 거품을 내 줍니다. 2) 젖은 얼굴에 거품을 롤링하며 마사지 해준 뒤 미온수로 헹구어줍니다. [포인트&베이스 클렌저로 사용시 1) 마른 손으로 적당량을 덜어 포인트 메이크업 부위 우선 롤링하며 마사지 해준 뒤 얼굴 전체로 옮겨 마사지해줍니다. 2) 미온수를 적셔 거품을 내어 얼굴 전체 롤링해주고 헹구어 줍니다.,Cleansing,Cleansing Foam Gel
센카 퍼펙트 휩 화이트 클레이 BT21 콜라보 120g,10800,제조일로부터 3년 이내 상품을 발송합니다. (개봉전 36개월 이내 사용가능),"젖은 손바닥에 적당량(약2cm)을 덜어 물과 함께 풍성한 거품을 내어 세안하고, 미온수로 헹구어 냅니다.",Cleansing,Cleansing Foam Gel
[여드름기능성 /모공세정] 주미소 포어 퓨리파잉 살리실산 포밍 클렌저 150g 더블기획,28000,제조 후 36개월 / 개봉 후 12개,세안 시 적당량을 덜어 거품을 충분히 낸 뒤 얼굴 전체에 마사지하듯 부드럽게 문지른 후 미온수로 깨끗하게 씻어냅니다.,Cleansing,Cleansing Foam Gel
[트러블*케어 클렌저] 유리아쥬 이제악 클렌징 젤 150ml,17000,개봉 전 사용기간 제조일로부터 36개월 / 개봉후 12개월 이내 사용,"적당량을 덜어 거품을 낸 뒤, 얼굴과 몸을 부드럽게 클렌징 후 물로 헹궈냅니다.",Cleansing,Cleansing Foam Gel
[톤결케어/민감피부용] 아렌시아 떡솝 라이스 뮤신 클렌저 120g,23000,"제조일로부터 36개월, 개봉 후 6개월",적당량을 덜어 물과 함께 손바닥에 롤링 후 사용해주세요.,Cleansing,Cleansing Foam Gel
아임프롬 피그 폼 클렌저 150ml,12600,제조일로부터 36개월 / 개봉 후 12개월,"세안 시 적당량을 덜어 물로 충분히 거품을 낸 후, 얼굴 전체에 마사지하듯 부드럽게 문지르고 미온수로 깨끗하게 헹구어 냅니다.",Cleansing,Cleansing Foam Gel
에르쯔틴 리제너레이티브 실트 클렌징 폼 150ml,25000,제조일로부터 30개월,세안 시 적당량을 취하여 발라줍니다.,Cleansing,Cleansing Foam Gel
[미세먼지] 듀이트리 하이 아미노 올 클렌저 150ml,14000,제조일자로부터 36개월,적당량을 덜어 소량의 물로 충분히 거품을 낸 다음 얼굴에 마사지하듯 부드럽게 문지른 후 미온수로 깨끗이 씻어줍니다.,Cleansing,Cleansing Foam Gel
[스킨케어링클렌저] 메디필 멜라논 엑스 앰플 클렌저 150ml,17800,제조일로부터 3년,적당량을 덜어 거품을 충분히 낸 후 얼굴 전체를 부드럽게 마사지 하고 미온수로 깨끗이 헹구어 냅니다.,Cleansing,Cleansing Foam Gel
[버블폭탄] 빌리프 모이스춰라이징 밤 소프트 클라우드 클렌저 150ml 기획 (+소프트 클렌징 패드),22900,"개봉전 제조일로부터 36개월, 유통기한 개봉후 12개월","세안 시, 손바닥에 2~3번 펌핑하여 나온 거품을 얼굴 전체에 마사지하듯 구석 구석 마사지한 후 미온수로 씻어줍니다.",Cleansing,Cleansing Foam Gel
[여드름성피부/피지제거] 에이프릴스킨 캐로틴 아크네 폼클렌저 120ml,19600,"개봉 전 36개월 본 제품은 입고일 별 사용기한이 상이하므로, 필요시 문의주시면 상담원이 확인해드리겠습니다.","젖은 손에 적당량을 덜어 충분히 거품을 낸 후, 얼굴에 부드럽게 문질러 세안한 다음 미온수로 깨끗이 헹구어 줍니다.",Cleansing,Cleansing Foam Gel
[혁명템] 파넬 아하 오미자 도자기 버블 필링 클렌저 180ml,10900,"개봉 전 36개월, 개봉 후 12개월",1. 본품 적당량을 덜어 얼굴에 도포한 후 롤링해 주면서 셀룰로오스 입자들로 피부 각질을 제거해 줍니다. 2. 물을 묻혀 롤링하여 거품이 발생하면 미온수로 가볍게 세안해 줍니다.,Cleansing,Cleansing Foam Gel
닥터엘시아 그린 릴리프 아미노 젤 클렌저 100ml,16150,제조일로부터 36개월,"적당량을 손에 덜어 거품을 낸 후, 얼굴 전체에 부드럽게 마사지하듯 문지르고 미온수로 깨끗하게 씻어냅니다.",Cleansing,Cleansing Foam Gel
오가나셀 더마알엑스 클렌저 120ml,51000,제조일로부터 36개월,물기가 남아있는 상태로 적당량을 덜어 펌핑한 후 충분히 거품을 내준 뒤 천천히 롤링해 줍니다.,Cleansing,Cleansing Foam Gel
레이지소사이어티 트러블 솔루션 폼 클렌저 120ml,12900,"제조일로부터 (24개월)이내의 상품을 순차적으로 발송, 유통기한 개봉 후 12개월",본품 적당량을 취해 피부에 사용한 후 물로 바로 깨끗이 씻어낸다.,Cleansing,Cleansing Foam Gel
[NEW] 동구밭 앰플 세안바 다시마 120g,15800,제조일자로부터 24개,"제품을 문질러 거품을 충분히 낸 뒤, 얼굴에 부드럽게 마사지 한 후 미온수로 깨끗이 헹구어 냅니다.",Cleansing,Cleansing Foam Gel
[NEW] 동구밭 세안비누 콜라겐 120g,9500,제조일자로부터 24개,"제품을 문질러 거품을 충분히 낸 뒤, 얼굴에 부드럽게 마사지 한 후 미온수로 깨끗이 헹구어 냅니다.",Cleansing,Cleansing Foam Gel
NEW 아리얼 딥 클린 클렌징 스페셜 기획 (클렌징 폼 120ml + 리무버 패드 30매),9800,36개월,* 스무스앤퓨어 클렌징폼 1. 클렌징 폼을 적정량을 덜어낸 후 물을 섞어 풍성한 거품을 내줍니다. 2. 얼굴에 부드럽게 마사지 하 듯 문질러 노폐물과 메이크업 잔여물을 지워 줍니다. 3. 마사지 후 미온수로 얼굴 전체를 깨끗이 헹구어 줍니다. * 립앤아이 리무버 패드 스티커를 열고 패드를 1매씩 뽑아 눈가나 입가에 가볍게 얹어 포인트 메이크업을 녹여낸 후 부드럽게 닦아냅니다. 내용물의 건조를 방지하기 위해 사용 후 반드시 스티커를 부착하여 보관하십시오.,Cleansing,Cleansing Foam Gel
[NEW/딱풀팩] 닥터지 그린딥 포어 아보카도 팩 투 폼 150ml,23000,36개월(개봉 후 12개월).,세안 시 적당량을 손에 덜어 소량의 물로 충분히 거품을 낸 후 얼굴에 마사지하듯 문지른 다음 물로 깨끗이 씻어냅니다.,Cleansing,Cleansing Foam Gel
랩시리즈 클리어 LS 딥 포어 퓨리파잉 클렌저 125ml,51000,제조일로부터 36개월,아침 저녁으로 눈가를 피해 젖은 얼굴과 목에 마사지하듯 문지른 후 물로 깨끗하게 씻어냅니다.,Cleansing,Cleansing Foam Gel
[신현지Pick] 비페스타 클렌징폼 오일 클리어 130g (민감지성),6900,제조일로부터 3년,적당량을 덜어내어 충분히 거품을 낸 후 얼굴 전체에 마사지하듯 부드럽게 롤링 한 뒤 미온수로 깨끗이 행구어 냅니다.,Cleansing,Cleansing Foam Gel
바이유어 클린 리셋 젤 스크럽워시 120g,16000,제조일로부터 3년,젖은 얼굴에 적당량을 토출하여 물을 묻혀 거품을 내 주어 얼굴을 충분히 마사지 후 미온수로 워시오프 해 줍니다.,Cleansing,Cleansing Foam Gel
미닉 퍼펙트 콜라드 그린 진정 원 스텝 클렌저 200ml,24000,제조일로부터 36개월,세안시 물기 있는 얼굴에 적당량을 덜어 충분한 거품을 낸 다음 부드럽게 마사지하듯 클렌징 후 물로 깨끗이 씻어냅니다.,Cleansing,Cleansing Foam Gel
아이레시피x리틀트윈스타 세라마이드 유자 약산성 클렌징폼 150ml 더블 기획 (+스티커),28000,"제조일로부터 910일, 개봉 후 12개월","적당량을 손에 덜어 충분한 거품을 내어, 얼굴에 부드럽게 마사지하듯 문질러준 뒤 미온수로 깨끗이 헹구어 냅니다.",Cleansing,Cleansing Foam Gel
이니스프리 포레스트 포맨 쉐이빙 & 클렌징 폼 150g,9070,제조일로부터 36개월 / 개봉 후 즉시,세안 시 적당량을 손에 덜어 충분히 거품을 낸 뒤 마사지하듯 클렌징한 후 미온수로 헹구어냅니다.,Cleansing,Cleansing Foam Gel
[NEW/모공흡착] 클리어디어 미나리 모공 앰플클렌저 80ml,14400,개봉 전 24개월 / 개봉 후 12개월,"적당량을 손에 덜어 피부에 롤링하며 펴 바른 후, 피부에 밀착되면 소량의 물을 묻혀 부드럽게 마사지하듯 문질러준 다음 미온수로 깨끗이 씻어냅니다.",Cleansing,Cleansing Foam Gel
[피지순삭/저자극]온그리디언츠 스킨 베리어 모이스처 딥 클렌저 120ml 기획(+50ml 미니어처),13770,개봉 후 12개월,세안 시 적당량을 덜어 소량의 물로 충분히 거품을 낸 다음 얼굴에 마사지하듯 부드럽게 클렌징 후 미온수로 깨끗이 헹구어 냅니다,Cleansing,Cleansing Foam Gel
[피지흡착/NEW] 아로마티카 슈퍼티트리 클레이 마스크 팩 클렌저 150ml,22400,제조일로부터 30개월 (개봉 후 12개월),1) 클레이 팩: 물기가 없는 얼굴에 펴 발라준 후 3~5분 후 세안 (메이크업 했을 경우 1차 세정 후 타올로 물기 제거 후 사용) 2) 데일리 폼: 세안 시 적당량을 덜어 물로 충분히 거품을 낸 후 얼굴 전체에 마사지하듯 가볍게 문지르고 미온수로 깨끗하게 세정,Cleansing,Cleansing Foam Gel
브리올옴므 브라이트닝 대용량 폼클렌징 500ml,19000,제조일부터 2년 6개월,얼굴에 물을 묻힌 상태에서 폼클렌징을 도포하여 깨끗하게 닦아 줍니다.,Cleansing,Cleansing Foam Gel
[미니어처 단독기획] 런드리유 클린 페이스 가글 젤투폼 클렌저 마일드 160ml 기획 (+30ml),22000,제조일로부터 36개월,소량의 젤을 덜어 손바닥에서 거품을 내어 마사지하듯 눈 주위를 피해 부드럽게 피부를 롤릴해준 뒤 미온수로 깨끗이 헹구어 줍니다.,Cleansing,Cleansing Foam Gel
[스킨케어링클렌저/NEW] 아누아 복숭아 나이아신 스프레드 클렌징폼 150ml,13500,제조 후 36개월 (개봉 후 12개월),세안 시 적당량을 덜어 충분히 거품을 낸 후 얼굴 전체를 부드럽게 마사지하며 깨끗이 씻어 냅니다.,Cleansing,Cleansing Foam Gel
리얼베리어 컨트롤-T 티트리 AC 쿨링 클렌징젤 200ml 기획 (+30ml),19000,"개봉 전 제조일로부터 36개월간, 개봉 후에는 12개월 이내",젖은 손에 적당량을 취해 조금씩 물을 첨가해 롤링해주세요.,Cleansing,Cleansing Foam Gel
마루는강쥐 콜라보X아크네스 퍼펙트 솔루션 폼클렌저 200ml 기획 (+마루키링 2종 랜덤),14400,개봉 전 30개월 / 개봉 후 12개월,"손에 물을 적신 후, 적당량을 손에 덜어 부드럽게 세안하고 깨끗이 씻어냅니다.",Cleansing,Cleansing Foam Gel
[+100ml 추가증정] 설화수 순행 클렌징폼 200ml,35700,"제조일로부터 36개월, 개봉 후 12개월","적당량을 덜어 손에서 거품을 낸 후, 젖은 피부를 부드럽게 마사지하듯이 클렌징 하고 물로 헹구어 내줍니다",Cleansing,Cleansing Foam Gel
[NEW/50ml 추가증정] 설화수 순행 클렌징폼 100ml,23800,"제조일로부터 36개월, 개봉 후 12개월","적당량을 덜어 손에서 거품을 낸 후, 젖은 피부를 부드럽게 마사지하듯이 클렌징 하고 물로 헹구어 내줍니다.",Cleansing,Cleansing Foam Gel
딘시 프리미엄 비건 마이크로바이옴 라이스 폼클렌저 150ml,9900,"개봉 전 36개월, 개봉 후 12개월",손에 적당량의 내용물을 취하여 충분히 거품을 낸 후 얼굴 전체에 부드럽게 문지르고 물로 깨끗이 씻어 낸다.,Cleansing,Cleansing Foam Gel
톤28 클렌징 세안바 S1 로즈힙+호호바오일 80g,9900,생산일로부터 36개월,본품에 물을 묻혀 거품을 내어 얼굴에 가볍게 문질러 씻은 후 깨끗하게 헹궈주세요.,Cleansing,Cleansing Foam Gel
톤28 클렌징 세안바 S4 티트리+칼라민 90g,9900,생산일로부터 36개월,본품에 물을 묻혀 거품을 내어 얼굴에 가볍게 문질러 씻은 후 깨끗하게 헹궈주세요.,Cleansing,Cleansing Foam Gel
[NEW] 숨37 마이크로액티브 핑크 비타민 버블톡스 마스크 2종 택1,21000,"개봉전 제조일로부터 36개월, 유통기한 개봉후 12개월","세안 후 물기가 있는 상태에서 적당량을 덜어 눈, 입가를 제외한 얼굴 전체에 2mm 정도의 두께로 도포해줍니다. 약 1-2분 후 버블이 생성되면 부드럽게 마사지해 준 뒤 미온수로 헹구어 냅니다. 피지가 많은 T존, 코 주변은 더 꼼꼼히 마사지하고 헹구어 냅니다.",Cleansing,Cleansing Foam Gel
[미네랄 수분 부스팅 클렌징젤] SVR 피지오퓨어 젤리 무쌍 400ml,32000,제조일로부터 3년(개봉 후 12개월),아침·저녁 세안 단계에서 물로 얼굴을 충분히 적신 후 적당량을 덜어 거품을 낸 다음 마사지하듯 부드럽게 클렌징하고 깨끗하게 헹궈줍니다.,Cleansing,Cleansing Foam Gel
[생기보습] 맥스클리닉 로즈 비타민 브라이트닝 오일폼 110g,12600,제조일로부터 36개월,맨얼굴 혹은 메이크업 된 얼굴에 적당량을 덜어 피부결에 따라 부드럽게 마사지해줍니다. 물을 묻혀 거품을 내어 한번 더 마사지 한 후에 미온수로 헹궈냅니다.,Cleansing,Cleansing Foam Gel
[수분브라이트닝] 맥스클리닉 히알루론 비타 오일폼 110g,12600,제조일로부터 36개월,맨얼굴 혹은 메이크업 된 얼굴에 적당량을 덜어 피부결에 따라 부드럽게 마사지해줍니다. 물을 묻혀 거품을 내어 한번 더 마사지 한 후에 미온수로 헹궈냅니다.,Cleansing,Cleansing Foam Gel
[정화보습] 맥스클리닉 퓨리티톡 브라이트닝 오일폼 110g,12600,제조일로부터 36개월,맨얼굴 혹은 메이크업 된 얼굴에 적당량을 덜어 피부결에 따라 부드럽게 마사지해줍니다. 물을 묻혀 거품을 내어 한번 더 마사지 한 후에 미온수로 헹궈냅니다.,Cleansing,Cleansing Foam Gel
[생기보습/대용량] 맥스클리닉 로즈 비타민 브라이트닝 오일폼 310g,29250,36개월 (제품 바닥면에 표기),맨얼굴 혹은 메이크업 된 얼굴에 적당량을 덜어 피부결에 따라 부드럽게 마사지해줍니다. 물을 묻혀 거품을 내어 한번 더 마사지 한 후에 미온수로 헹궈냅니다.,Cleansing,Cleansing Foam Gel
[모공세정] 맥스클리닉 포어리스 딥 클렌징폼 150g,11520,1095일,세안 시 손에 내용물 적당량을 덜어 물로 충분히 거품을 내어 얼굴에 마사지하듯 클렌징 한 후에 미온수로 깨끗하게 헹구어 냅니다.,Cleansing,Cleansing Foam Gel
블랙몬스터 머드 팩 앤 폼,15000,제조일로부터 30개월 / 개봉 후 12개월,클렌징 폼으로 사용 시 1.적당량을 덜어 거품을 냅니다. 2.피부에 부드럽게 마사지 합니다. 3.미온수로 깨끗이 씻어냅니다. 머드팩으로 사용 시 1.마른 얼굴에 내용물을 두껍게 바릅니다. 2. 1-3분 뒤 팩이 살짝 마르면 미온수로 깨끗이 씻어냅니다.,Cleansing,Cleansing Foam Gel
[수분 폼클렌징] 라곰 셀럽 마이크로 폼 클렌저 120ml,13500,개봉후 12개월,"물기가 있는 젖은 손에 내용물을 적당량 덜어내어 충분히 거품을 낸 후, 얼굴에 부드럽게 마사지 하듯 세안을 하고, 미온수로 헹구어 냅니다.",Cleansing,Cleansing Foam Gel
아벤느 클리낭스 클렌징 젤 400ml 더블 기획*피지잡는 *약산성클렌저 *클렌징폼,36010,제조일로부터 3년 개봉 후 1년이내,"아침, 저녁 세안 시 물로 얼굴을 충분히 적신 후 적당량을 덜어 거품을 낸 다음, 마사지하듯 부드럽게 클렌징하고 깨끗하게 헹궈줍니다. 등과 가슴 트러블* 케어를 위하여 샤워젤로 사용해도 좋습니다.",Cleansing,Cleansing Foam Gel
아크네스 퍼펙트 솔루션 폼클렌저 125ml,10800,개봉 전 30개월 / 개봉 후 12개월,적당량을 취하여 충분히 거품을 낸 뒤 얼굴 전체에 부드럽게 문지르고 물로 깨끗이 씻어낸다.,Cleansing,Cleansing Foam Gel
참존징코 내츄럴 클렌징폼 더블 기획 (180ml+180ml),14500,"■ 제조일로부터 30개월이내의 상품을 순차적으로 발송, 개봉 후 6개월 이내 사용 권장, 사용기한은 제품별로 다소 차이가 날수 있음.",세안 시 은행알 2개 정도 크기를 취해 충분히 거품을 내고 얼굴에 마사지하듯 문지른 뒤 물로 깨끗이 씻어냅니다.,Cleansing,Cleansing Foam Gel
[단독기획] 제로이드 더마뉴얼 클렌징젤 200ml 기획 (+25ml),17600,"개봉 전 제조일로부터 36개월,  개봉 후에는 12개월 이내",손에 적당량을 취해 물을 섞지 말고 얼굴에 마사지하듯 문질러준 후 화장솜 등으로 닦아내고 물로 헹궈줍니다. (TIP : 피부가 매우 민감하여 화장품 사용도 부담이 될 때는 마사지를 충분히 한 후 물로 바로 헹궈내도 좋습니다.),Cleansing,Cleansing Foam Gel
[1+1기획]식물나라 제주 탄산수 휩 파워 클렌징폼 150ml,6400,"■ 제조일로부터 30개월, 개봉 후 12개월","내용물 적당량을 덜어 물을 소량 묻힌 후, 거품을 충분히 냅니다. 풍성한 거품이 형성되면 얼굴에 부드럽게 마사지하듯 문지르고 미온수로 깨끗이 헹구어냅니다",Cleansing,Cleansing Foam Gel
비오템 옴므 티쀼르 클렌저 125ml,52700,제조일로부터 36개월,"데일리 클렌저 사용시, 세안 시적당량을 덜어 눈가와 입가를 제외한 얼굴에 가볍게 마사지하듯 원을 그리며 세안 후 깨끗이 씻어냅니다. 워시 오프 마스크 사용시, 일주일 1~2회, 얼굴이 고르게 바른 뒤 1분 후 살짝 마른 뒤 세안하시면 각질 효과가 배가 됩니다.",Cleansing,Cleansing Foam Gel
라엘 리얼라엘 오일 투 폼 클렌저 150ml,25000,제조일로부터 3년 이내,"젖은 얼굴에 제형을 1~2회 펌핑하여 바르고 조밀한 거품이 될 때까지 마사지한 후 씻어냅니다. *립, 아이 메이크업은 전용 리무버로 지워주세요.",Cleansing,Cleansing Foam Gel
디오디너리 스쿠알란 클렌저 150ml,31900,개봉 후 6개월(제조연월 별도표기),"제품을 손에 짜낸뒤, 손을 비벼 투명한 오일이 되도록 데워줍니다. 그 후 마른 얼굴에 마사지 하듯 잘 발라준 뒤 따듯한 물로 세안하세요",Cleansing,Cleansing Foam Gel
코스알엑스 퓨어핏 시카 약산성 클렌저 150ml,10400,제조일로부터 36개월(개봉 후 12개월)이내,"손에 적당량을 덜어 거품을 충분히 낸 후, 얼굴 전체에 마사지하듯 가볍게 문질러 미온수로 헹구어 냅니다.",Cleansing,Cleansing Foam Gel
폴라초이스 스킨 발란싱 클렌저 473ml,35960,36개월 / 12개월,"적당량을 덜어 마사지하듯 부드럽게 문지른 후, 미온수로 깨끗이 헹구어 냅니다.",Cleansing,Cleansing Foam Gel
잇퍼 에브리데이 밸런싱 약산성 쑥쑥 클렌징폼 120ml,13500,제조일로부터 36개월 / 개봉일로부터 12개월,얼굴에 물기가 있는 상태에서 내용물을 적당량 덜어 손에 거품을 내고 마사지 하듯 문지르고 난후 충분히 헹구어 줍니다.,Cleansing,Cleansing Foam Gel
하다라보 히아풀베리어 수딩 클렌징 젤 150g,16000,"제조일로부터 (30개월)이내, 개봉 후 12개월",적당량 덜어 물기 있는 얼굴에 도포하여 롤링한 후 깨끗한 물로 헹궈줍니다.,Cleansing,Cleansing Foam Gel
블리블리 찹쌀떡 딥 클렌저 140ml,17000,제조일로부터 36개월,세안 시 적당량을 덜어 충분히 거품을 낸 후 얼굴 전체를 부드럽게 마사지하고 미온수로 깨끗이 씻어 냅니다.,Cleansing,Cleansing Foam Gel
온그리디언츠 제주 시카 클렌징 볼,9000,제조 후 36개월 (개봉 후 1개월),물에 적신 후 거품망을 이용하여 손으로 조물조물 비벼 거품을 충분히 냅니다. 마사지하듯 클렌징 후 미온수로 깨끗이 헹구어 냅니다.,Cleansing,Cleansing Foam Gel
센카 올 클리어 더블 워시 120g,7000,제조일로부터 3년 이내 상품을 발송합니다. (제조일로부터 36개월 이내 사용가능),"젖은 손바닥에 적당량(약2~3cm)을 덜어 약간의 물과 함께 풍성한 거품을 내어 세안하고, 물로 헹구어 냅니다. · 메이크업을 지울 때에는 물 없이 문지른 후, 미온수로 헹구어 냅니다. (진한 포인트 메이크업은 전용 클렌저를 사용해 주십시오.)",Cleansing,Cleansing Foam Gel
[버블폼/저자극폼] 아크네스 포밍워시 200ml 1+1 기획,16500,개봉 전 36개월 / 개봉 후 12개월,"얼굴을 미온수로 적신 다음, 2-3회 펌프한 양의 거품으로 얼굴 구석구석 마사지 하듯이 씻은 후, 미온수로 깨끗하게 씻어 냅니다.",Cleansing,Cleansing Foam Gel
[단독기획] 스트라이덱스 약알칼리성 저자극 클렌징폼 150ml 기획 (+15ml),9900,사용기한: 제조일로부터 3년(패키지 뒷면 사용기한 별도 표기),젖은 손바닥에 적당량을 덜어 충분히 거품을 내고 얼굴에 마사지하듯 가볍게 문지른 후 충분히 헹구어 냅니다.,Cleansing,Cleansing Foam Gel
[1만명 만족폼] 폰즈 클리어 스파 클렌징폼 200ml,7700,제조일로 부터 30개월,"적당량을 물기 있는 손에 덜어 충분히 거품을 낸 뒤, 얼굴에 마사지하듯 부드럽게 문질러 줍니다. 미온수로 깨끗하게 씻어 냅니다.",Cleansing,Cleansing Foam Gel
AHC 에센스케어 클렌징폼 에메랄드 듀오세트,14000,개봉 전 3년 이내 / 개봉 후 1년 이내,"물기가 있는 젖은 손에 지름 약 1cm 정도 손바닥에 덜어 충분히 거품을 낸 후, 풍성해진 거품으로 피부 결을 따라 마사지하듯 부드럽게 문지르고 미온수로 깨끗하게 헹구어 줍니다",Cleansing,Cleansing Foam Gel
토리든 다이브인 저분자 히알루론산 클렌징 폼 150ml,15000,제조일로부터 36개월 (개봉 후 12개월),적당량을 덜어 거품을 충분히 낸 후 얼굴에 부드럽게 마사지한 다음 미온수로 깨끗하게 헹구어 냅니다.,Cleansing,Cleansing Foam Gel
일소 센서티브 버블 릴렉싱 클렌저 200g,20000,제조일로부터 36개월 / 개봉 후 12개월,"세안 시 적당량을 덜어 얼굴 전체에 고르게 펴 바른 후, 버블이 올라오면 부드럽게 마사지하고 미온수로 깨끗이 헹구어 줍니다.(사용 시 얼굴에 물기 있든 없든 무방합니다.) tip. 이렇게 사용해 보세요. 01. 아침세안 20초 세안법! 얼굴 전체에 고르게 펴 바른 후, 20초 동안 버블이 올라오면 부드럽게 걷어내듯 헹구어 줍니다. 02. 저녁세안 60초 세안법! 얼굴 전체에 고르게 펴 바른 후, 1분 동안 버블이 올라오면 살살 마사지하면서 헹구어 줍니다. 03. 딥 클렌징 팩 5분 세안법! 샤워하기 전 얼굴에 두껍게 펴 바른 후, 5분 동안 버블이 충분히 올라오고 부드럽게 마사지한 후 헹구어 줍니다. for man 남성 사용 tip! 면도 시 쉐이빙 폼 대신에 버블 클렌저로 면도 부위에 두껍게 도포 후 풍성한 버블을 낸 다음에 면도하시면 됩니다. 펌프는 별도 포장되어 사용 시 교체하여 사용해 주세요. 일소 센서티브 버블 릴렉싱 클렌저는 산소 처방으로 내용물이 공기와 만날 때 자연적으로 버블이 맺힐 수 있으나, 사용 중 펌프에 맺힌 버블 또한 토출 시 묻어 있던 내용물이 공기와 만나 발행하는 자연적인 현상이므로 안심하시고 사용하셔도 됩니다.",Cleansing,Cleansing Foam Gel
아크네스 클리어&화이트 포밍워시 1+1 기획,16500,개봉 전 36개월 / 개봉 후 12개월,"적당량의 거품을 짠 후, 부드럽게 피부에 롤링하여 마사지합니다. 거품을 따로 만들지 않아도 되는 포밍 타입의 클렌저입니다.",Cleansing,Cleansing Foam Gel
셀리맥스 더 리얼 노니 아크네 버블 폼 클렌징 155ml,15900,제조일로부터 30개월(913일) / 개봉 후 12개월,물기 있는 얼굴에 1-2회 펌핑하여 피부에 부드럽게 마사지한 후 미온수로 깨끗이 씻어냅니다.,Cleansing,Cleansing Foam Gel
헤이네이처 어성초 약산성 클렌징 폼 120ml,13300,제조일로부터 30개월,젖은 손에 적당량을 덜어 거품을 낸 다음 피부 결을 따라 마사지하듯 문지른 후 미온수로 깨끗하게 헹구어 줍니다.,Cleansing,Cleansing Foam Gel
[약산성저자극] 아비브 아크네 폼 클렌저 어성초 폼 150ml 더블 기획,28000,"제조일로부터 24개월, 개봉 후 12개월",손에 적당량 내용물을 취하여 충분히 거품을 낸 후 마사지하듯 문지른 다음 물로 깨끗이 씻어 냅니다.,Cleansing,Cleansing Foam Gel
멘톨로지 슈퍼쿨 클렌징폼 140ml,13000,"""제조일로부터 36개월 개봉후 12개월""","물기가 있는 손에 적당량을 덜어 거품을 충분히 낸 후, 얼굴 전체를 부드럽게 마사지하듯 문지른 뒤 미온수로 깨끗이 헹구어 냅니다.",Cleansing,Cleansing Foam Gel
가히 크림 클렌징 폼 더블 기획 (80ml+80ml),24000,"제조일로부터 36개월, 개봉 후 12개월","적당량을 손바닥에 덜어 거품을 충분히 낸 후, 부드럽게 세안한 후 미온수로 깨끗이 헹구어 낸다",Cleansing,Cleansing Foam Gel
톤28 얼굴씻을거리 세안바 S14 (초유/온가족용) 100g,10800,생산일로부터 36개월,"본품에 물을 묻혀 거품을 내어 가볍게 문질러 씻은 후 깨끗하게 헹궈주세요. (단, 생후 6개월 이전의 신생아에게 사용할 땐 피부에 직접 문지르지 마시고 거즈를 사용해주세요.)",Cleansing,Cleansing Foam Gel
식물나라 제주 탄산수 딥 모공 클렌징폼150mL[단품/ 1+1기획],12800,"■ 제조일로부터 30개월, 개봉 후 12개월","내용물 적당량을 덜어 물을 소량 묻힌 후, 거품을 충분히 냅니다. 풍성한 거품이 형성되면 얼굴에 부드럽게 마사지 하듯 문지르고 미온수로 깨끗이 헹구어냅니다.",Cleansing,Cleansing Foam Gel
[한정수량/약산성] 닥터디퍼런트 비타아크날 트러블 클렌징 폼 200ml 1+1 기획,17480,"개봉 전 36개월, 개봉 후 12개월","적당량을 물기 있는 손에 덜어 부드럽게 거품을 낸 뒤, 얼굴 전체에 마사지 하듯 가볍게 문지른 후 물로 깨끗이 씻어냅니다.",Cleansing,Cleansing Foam Gel
[7월 올영픽/모공쏙폼] 메디필 레드 락토 콜라겐 클리어 폼 2.0 300ml 기획 (+딥 해면),13200,36개월(12개월),적당량을 덜어 거품을 충분히 낸 후 얼굴 전체를 부드럽게 마사지 하고 미온수로 깨끗이 헹구어 냅니다.,Cleansing,Cleansing Foam Gel
[1만명 만족폼] 폰즈 클리어 스파 클렌징폼 200ml 더블기획세트,25800,제조일로 부터 30개월,"적당량을 물기 있는 손에 덜어 충분히 거품을 낸 뒤, 얼굴에 마사지하듯 부드럽게 문질러 줍니다. 미온수로 깨끗하게 씻어 냅니다.",Cleansing,Cleansing Foam Gel
블랑네이처 여드름 기능성 클렌징 폼 150ml,21400,제조일로부터 개봉 전 30개월 / 개봉 후 12개월,적당량의 내용물을 짜서 미온수와 함께 거품을 낸 후 얼굴에 마사지하듯 가볍게 문지르고 미온수로 깨끗하게 헹구어 냅니다.,Cleansing,Cleansing Foam Gel
아리얼 애플사이다 휘핑 크림 클렌저 100ml,24000,제조일로부터 36개월,[팩으로 사용시] 1) 눈가와 입가를 제외한 마른 얼굴에 적당량 펴발라줍니다. 2) 1분 뒤 미온수를 적셔 거품을 내며 롤링해주고 헹구어 줍니다. [데일리 클렌저로 사용시] 1) 젖은 손에 적당량을 덜어 거품을 내 줍니다. 2) 젖은 얼굴에 거품을 롤링하며 마사지 해준 뒤 미온수로 헹구어줍니다. [포인트&베이스 클렌저로 사용시 1) 마른 손으로 적당량을 덜어 포인트 메이크업 부위 우선 롤링하며 마사지 해준 뒤 얼굴 전체로 옮겨 마사지해줍니다. 2) 미온수를 적셔 거품을 내어 얼굴 전체 롤링해주고 헹구어 줍니다.,Cleansing,Cleansing Foam Gel
이퀄베리 사우나 광 클렌저 200ml,17300,제조일로부터 24개월,가볍게 물세안 후 펌프 1회분량을 손에 덜어 거품을 내지 않고 바로 얼굴에 발라 마사지하듯 세안합니다.,Cleansing,Cleansing Foam Gel
메디비티 블랙시카 마이크로바이옴 모공 클렌저 100g,19800,제조일로부터 3년,손에 적당량의 클렌저를 덜어 소량의 미온수를 묻힌 후 얼굴에 약 30초간 마사지하듯 클렌징 후 다시 손에 물을 묻혀 30초간 더 마사지 한 후 미온수로 헹구어 냅니다.,Cleansing,Cleansing Foam Gel
[약산성 피부결] 라곰 히말라야 솔트 피에이치 큐어 클렌저 120ml,14900,개봉 전 36개월,"물기가 있는 젖은 손에 내용물을 적당량 덜어내어 충분히 거품을 낸 후, 얼굴에 부드럽게 마사지 하듯 세안을 하고, 미온수로 헹구어 냅니다.",Cleansing,Cleansing Foam Gel
마몽드 어메이징 딥 민트 클렌징 폼 120ml,12750,제조후 36개월 / 개봉후 12개월,세안 시 적당량을 덜어 얼굴 전체에 마사지하듯 가볍게 문지르고 미온수로 깨끗하게 헹구어 냅니다.,Cleansing,Cleansing Foam Gel
슬로소피 더 세럼 클렌저 150ml,20800,제조일로부터 30개월,물기가 없는 상태에서 적당량을 마른 손에 덜어내어 피부에 30초 이상 롤링한 후 미온수로 깨끗이 헹구어 냅니다. *유화과정 없이 폼클렌징 한 듯 바로 헹궈도 됩니다. * 사용 전에 반드시 사용법 및 사용 시의 주의사항을 숙지하신 후 사용하십시오.*,Cleansing,Cleansing Foam Gel
[트러블 진정] 메디필 그린 시카 콜라겐 클리어 폼 2.0 300ml,24000,제조일로부터 36개월 (개봉 후 12개월),적당량을 덜어 거품을 충분히 낸 후 얼굴 전체를 부드럽게 마사지 하고 미온수로 깨끗이 헹구어 냅니다.,Cleansing,Cleansing Foam Gel
심플로그 퓨어 클렌징 폼 150ml,10900,제조일로부터 24개월,물기가 있는 손에 적당량의 내용물을 덜어 충분히 거품을 낸 후 얼굴에 부드럽게 세안하고 미온수로 충분히 헹구어 줍니다.,Cleansing,Cleansing Foam Gel
[약산성] 리얼베리어 크림 클렌징폼 150ml 1+1 기획,18900,"개봉 전 제조일로부터 36개월간, 개봉 후에는 12개월 이내","젖은 손에 적당량을 덜어 거품을 낸 후, 얼굴에 마사지하듯 부드럽게 문지르고 미온수로 깨끗이 헹구어 냅니다",Cleansing,Cleansing Foam Gel
[리뉴얼]라운드어라운드 컴포트 그린티 약산성 클렌징 젤 폼 200ml 더블기획,13360,개봉 전 36개월 개봉 후 12개월,"적당량을 물기 있는 손에 덜어 충분히 거품을 낸 뒤, 얼굴에 마사지하듯 부드럽게 문질러 줍니다. 미온수로 헹궈 마무리합니다.",Cleansing,Cleansing Foam Gel
아벤느 클리낭스 클렌징 젤 400ml 더블 기획*피지잡는 *약산성클렌저 *클렌징폼,36010,제조일로부터 3년 개봉 후 1년이내,"아침, 저녁 세안 시 물로 얼굴을 충분히 적신 후 적당량을 덜어 거품을 낸 다음, 마사지하듯 부드럽게 클렌징하고 깨끗하게 헹궈줍니다. 등과 가슴 트러블* 케어를 위하여 샤워젤로 사용해도 좋습니다.",Cleansing,Cleansing Foam Gel
주미소 포어 퓨리파잉 살리실산 클렌징폼 가르송티미드 콜라보 기획(120g+키링+리무버블스티커),18000,개봉 전 36개월 / 개봉 후 12개월,세안 시 적당량을 덜어 거품을 충분히 낸 뒤 마사지하듯 부드럽게 문지른 후 미온수로 깨끗하게 씻어 냅니다.,Cleansing,Cleansing Foam Gel
[시나모롤 핸디톡증정] 아리얼 애플사이다 휘핑 크림 클렌저 100ml 기획,15800,제조일로부터 36개월,[팩으로 사용시] 1) 눈가와 입가를 제외한 마른 얼굴에 적당량 펴발라줍니다. 2) 1분 뒤 미온수를 적셔 거품을 내며 롤링해주고 헹구어 줍니다. [데일리 클렌저로 사용시] 1) 젖은 손에 적당량을 덜어 거품을 내 줍니다. 2) 젖은 얼굴에 거품을 롤링하며 마사지 해준 뒤 미온수로 헹구어줍니다. [포인트&베이스 클렌저로 사용시 1) 마른 손으로 적당량을 덜어 포인트 메이크업 부위 우선 롤링하며 마사지 해준 뒤 얼굴 전체로 옮겨 마사지해줍니다. 2) 미온수를 적셔 거품을 내어 얼굴 전체 롤링해주고 헹구어 줍니다.,Cleansing,Cleansing Foam Gel
[모공축소/약산성] 로벡틴 포어케어 딥 클렌징폼 기획 (폼 150ml + 워터 40ml),10900,개봉 후 12개월 이내,"-클렌징 폼 : 젖은 손에 적당량을 덜어 거품을 충분히 낸 후, 얼굴 전체를 부드럽게 마사지 한 뒤 미온수로 깨끗이 헹구어 줍니다. -클렌징 워터 : 화장솜에 제품을 충분히 적신 뒤, 피부 결을 따라 얼굴 전체를 부드럽게 닦아냅니다. 포인트 메이크업의 경우, 화장솜을 올려두고 녹여낸 다음 누르듯이 닦아줍니다.",Cleansing,Cleansing Foam Gel
[트러블/약알칼리성/기획] 아크네스 퍼펙트 솔루션 폼클렌저 200ml (+3초 토너패드 20매),18000,개봉 전 30개월 / 개봉 후 12개월,"손에 물을 적신 후, 적당량을 손에 덜어 부드럽게 세안하고 깨끗이 씻어냅니다.",Cleansing,Cleansing Foam Gel
낫츠 28 레미디 아크네 포어 폼클렌저 120ml,14900,"개봉 전 36개월, 개봉 후 12개월",본 품 적당량을 취하여 충분히 거품을 낸 후 얼굴 전체에 부드럽게 문지르고 미지근한 물로 완전히 헹군다.,Cleansing,Cleansing Foam Gel
[시나모롤 리유저블컵 증정] 아리얼 애플사이다 휘핑 크림 클렌저 100ml 기획,15800,제조일로부터 36개월,[팩으로 사용시] 1) 눈가와 입가를 제외한 마른 얼굴에 적당량 펴발라줍니다. 2) 1분 뒤 미온수를 적셔 거품을 내며 롤링해주고 헹구어 줍니다. [데일리 클렌저로 사용시] 1) 젖은 손에 적당량을 덜어 거품을 내 줍니다. 2) 젖은 얼굴에 거품을 롤링하며 마사지 해준 뒤 미온수로 헹구어줍니다. [포인트&베이스 클렌저로 사용시 1) 마른 손으로 적당량을 덜어 포인트 메이크업 부위 우선 롤링하며 마사지 해준 뒤 얼굴 전체로 옮겨 마사지해줍니다. 2) 미온수를 적셔 거품을 내어 얼굴 전체 롤링해주고 헹구어 줍니다.,Cleansing,Cleansing Foam Gel
[피지각질 매끈피부] 아렌시아 떡솝 프레시 로얄 블루 히솝 클렌저 120g,16100,"개봉전 36개월, 개봉후 6개월",(STEP1) 데일리 클렌저 / 50원 정도를 손바닥에 덜어내어 물과 함께 부드럽게 롤링 후 얼굴을 세정해주시면 됩니다.(STEP2) 클렌징 팩 / 떡솝으로 가볍게 거품을 내어 얼굴에 도포해줍니다. 1-2분 기다렸다가 부드럽게 세정해주신다면 모공 속 노폐물은 말끔하게 세정되고 모공은 타이트닝해주는 클렌징 팩으로 활용 가능합니다.,Cleansing,Cleansing Foam Gel
[블랙헤드 모공세정] 아렌시아 떡솝 프레시 그린 클렌저 120g,16100,"제조일로부터 36개월, 개봉 후 6개월",(STEP1) 데일리 클렌저 / 50원 정도를 손바닥에 덜어내어 물과 함께 부드럽게 롤링 후 얼굴을 세정해주시면 됩니다.(STEP2) 클렌징 팩 / 떡솝으로 가볍게 거품을 내어 얼굴에 도포해줍니다. 1-2분 기다렸다가 부드럽게 세정해주신다면 모공 속 노폐물은 말끔하게 세정되고 모공은 타이트닝해주는 클렌징 팩으로 활용 가능합니다.,Cleansing,Cleansing Foam Gel
[촉촉피부 결광세안] 아렌시아 떡솝 프레시 로얄 로즈힙 클렌저 120g,16100,"개봉전 36개월, 개봉후 6개월",(STEP1) 데일리 클렌저 / 50원 정도를 손바닥에 덜어내어 물과 함께 부드럽게 롤링 후 얼굴을 세정해주시면 됩니다.(STEP2) 클렌징 팩 / 떡솝으로 가볍게 거품을 내어 얼굴에 도포해줍니다. 1-2분 기다렸다가 부드럽게 세정해주신다면 모공 속 노폐물은 말끔하게 세정되고 모공은 타이트닝해주는 클렌징 팩으로 활용 가능합니다.,Cleansing,Cleansing Foam Gel
[버블폼/저자극폼/기획] 아크네스 포밍워시 200ml 기획 (+3초 토너패드 20매),16500,개봉 전 36개월 / 개봉 후 12개월,"손에 물을 적신 후, 적당량 (2~3회 펌프)을 손에 덜어 부드럽게 세안 하고 깨끗이 씻어냅니다.",Cleansing,Cleansing Foam Gel
[이즈앤트리X몰티즈] 이즈앤트리 어니언 뉴페어 클렌징폼 150ml 기획 (+스마트톡),11700,개봉전 36개월/개봉후 12개월,"적당량을 덜어 거품을 충분히 낸 후, 얼굴 전체를 부드럽게 마사지하고 미온수로 깨끗이 헹구어 냅니다.",Cleansing,Cleansing Foam Gel
라운드어라운드 컴포트 그린티 약산성 클렌징 뽀득 폼 150mL 더블 기획,13900,개봉 전 36개월 개봉 후 12개월,"적당량을 물기 있는 손에 덜어 충분히 거품을 낸 뒤, 얼굴에 마사지하듯 부드럽게 문질러 줍니다. 미온수로 헹궈 마무리합니다.",Cleansing,Cleansing Foam Gel
[본품 증정]비플레인 녹두 약산성 클렌징폼 160ml 기획 (+80ml),23900,제조일로부터 36개월,"세안시 적당량을 손에 덜어 물과 함께 거품을 내 피부를 부드럽게 마사지해주고, 미온수로 깨끗하게 씻어냅니다.",Cleansing,Cleansing Foam Gel
[2024 어워즈/5년 연속 수상]비플레인 녹두 약산성 클렌징폼 160ml 더블 어워즈 한정기획(+녹두오일 20ml),23900,제조일로부터 36개월,"세안시 적당량을 손에 덜어 물과 함께 거품을 내 피부를 부드럽게 마사지해주고, 미온수로 깨끗하게 씻어냅니다.",Cleansing,Cleansing Foam Gel
케어놀로지 비파인 더 아크 포어 딥 클렌저 120ml,18750,제조일로부터 36개월 (개봉 후 12개월),"클렌저 적당량을 덜어 충분히 거품을 낸 후, 부드럽게 클렌징하여 미온수로 깨끗하게 헹궈 줍니다.",Cleansing,Cleansing Foam Gel
멜린앤게츠 홀리데이 페이셜 세트(페이스 클렌저 30ml+페이스 모이스쳐라이저 30ml+퓨리파잉 폼 마스크 118ml),74000,36개월,"- 퓨리파잉 폼 마스크 118ml: 두껍게 한 겹을 바르고 거품이 사라질 때까지 5분 동안 둔 후, 따뜻한 물이나 젖은 수건으로 닦아줍니다. 클렌져 대용으로 일주일에 1~2회 사용할 수 있습니다. 포밍 쉐이빙 크림으로도 사용 가능합니다. -그레이프프룻 페이스 클렌저 30ml: 손에 소량의 거품을 내어 젖은 피부에 부드럽게 마사지한 뒤, 물로 깨끗이 헹구어 줍니다. -비타민 E 페이스 모이스쳐라이저 30ml: 손에 소량을 덜어(콩알 크기) 얼굴과 목 피부에 문질러 줍니다. 면도 후 사용시 자극을 완화시켜주며, 파운데이션+메이크업에 좋은 베이스 역할을 해줍니다.",Cleansing,Cleansing Foam Gel
[ 대용량 한정기획] 센카 퍼펙트 휩 페이셜 워시 150g +150g 대용량 2입,17600,제조일로부터 3년 이내 상품을 발송합니다. (개봉전 36개월 이내 사용가능),"젖은 손바닥에 적당량(약2cm)을 덜어 물과 함께 풍성한 거품을 내어 세안하고, 미온수로 헹구어 냅니다.",Cleansing,Cleansing Foam Gel
[온라인 단독] 센카 퍼펙트 휩 콜라겐 인 BT21 콜라보 120g,7500,제조일로부터 3년 이내 상품을 발송합니다. (개봉전 36개월 이내 사용가능),"젖은 손바닥에 적당량(약2cm)을 덜어 물과 함께 풍성한 거품을 내어 세안하고, 미온수로 헹구어 냅니다.",Cleansing,Cleansing Foam Gel
[하루특가][대용량 한정기획] 센카 퍼펙트 휩 페이셜 워시 150g 더블기획 (+퍼펙트휩 15g+카밍시카 15g),17600,제조일로부터 3년 이내 상품을 발송합니다. (개봉전 36개월 이내 사용가능),"젖은 손바닥에 적당량(약2cm)을 덜어 물과 함께 풍성한 거품을 내어 세안하고, 미온수로 헹구어 냅니다.",Cleansing,Cleansing Foam Gel
[약산성 기획]센카 퍼펙트 휩 로우 pH 카밍 시카 100g 기획 (+퍼펙트휩 15g),10800,제조일로부터 3년 이내 상품을 발송합니다. (개봉전 36개월 이내 사용가능),"젖은 손바닥에 적당량(약2cm)을 덜어 물과 함께 풍성한 거품을 내어 세안하고, 미온수로 헹구어 냅니다.",Cleansing,Cleansing Foam Gel
라곰 수분 아침 저녁 클렌저 2종 세트 (마이크로폼클렌저 50ml + 젤투워터클렌저 65ml),14000,제조일로부터 36개월,"물기가 있는 젖은 손에 내용물을 적당량 덜어내어 충분히 거품을 낸 후, 얼굴에 부드럽게 마사지 하듯 세안을 하고, 미온수로 헹구어 냅니다. - 아침 클렌저 사용 시: 마른 얼굴 또는 물기가 있는 얼굴에 내용물을 적당량 덜어내어 눈과 입 주위를 제외한 얼굴에 바른 다음 밤사이 쌓인 피부 노폐물과 과도한 피지 등이 제거되도록 피부결을 따라 부드럽게 마사지 후 미온수로 헹구어 냅니다. - 1차 클렌저 사용 시: 내용물을 적당량 덜어내어 마른 얼굴에 부드럽게 마사지하듯 문지른 후 미온수로 헹구어내거나, 부드러운 티슈나 화장솜으로 닦아냅니다.",Cleansing,Cleansing Foam Gel
[올영픽] 아벤느 클리낭스 클렌징젤 400ml 더블 기획 (클리낭스 세럼 2ml + 클리낭스아쿠아크림인젤 2ml),45000,제조일로부터 3년 개봉 후 1년이내,"아침, 저녁 세안 시 물로 얼굴을 충분히 적신 후 적당량을 덜어 거품을 낸 다음, 마사지하듯 부드럽게 클렌징하고 깨끗하게 헹궈줍니다. 등과 가슴 트러블* 케어를 위하여 샤워젤로 사용해도 좋습니다.",Cleansing,Cleansing Foam Gel
[NEW 더블기획] 라곰 셀럽 마이크로 폼클렌저 120ml x 2 더블기획,29000,제조일로부터 36개월,"물기가 있는 젖은 손에 내용물을 적당량 덜어내어 충분히 거품을 낸 후, 얼굴에 부드럽게 마사지 하듯 세안을 하고, 미온수로 헹구어 냅니다.",Cleansing,Cleansing Foam Gel
[5초뿌리는바디로션/NEW향] 히든 퍼퓸 스프레이 바디로션 기획/단품 10종,29600,30개월,"1. 샤워 후, 물기를 제거한 몸 전체에 10~20cm 거리를 두고 충분히 분사해줍니다. 2. 바디 로션이 피부에 스며들 수 있도록 가볍게 두드려 줍니다.",MensCare,BodyCare
우르오스 스킨워시 500ml 단품/기획,15500,"■ 제조일로부터 (36개월/3년)이내의 상품을 순차적으로 발송, 유통기한 개봉후 12개월",■ 손 또는 젖은 타올에 적당량을 덜고 거품을 내어 닦은 후 물로 씻어내어 주십시오.,MensCare,BodyCare
[리뉴얼출시]포맨트 퍼퓸샤워 코튼허그 500ml,19000,제조일로부터 3년,"바디에 충분한 물을 적신 후, 적당량을 손바닥에 덜어 거품 샤워 후 미온수로 헹궈줍니다.",MensCare,BodyCare
다슈 데일리 비타플렉스 남성청결제 300ml,12600,■ 유통기한: 제조일로부터 30개월,"적당량을 손바닥에 덜어 살짝 거품을 내어 필요 부위에 부드럽게 클렌징 후, 미온수로 깨끗이 헹구어줍니다.",MensCare,BodyCare
다슈 데일리 비타플렉스 올인원 바디워시 기획세트 (본품500ml+50ml 증정),12400,■ 유통기한 : 제조일로부터 3년,■ 제품을 적당량 덜어 충분히 거품을 낸 후 전신을 마사지 하듯 부드럽게 문지른 후 꺠끗한 물로 씻어냅니다.,MensCare,BodyCare
우르오스 스킨워시 300ml,11390,"■ 제조일로부터 (36개월/3년)이내의 상품을 순차적으로 발송, 유통기한 개봉후 12개월","■ 손 또는 젖은 샤워 타올에 본 제품 적당량을 덜고, 충분히거품을 내어 닦은 후 물로 씻어 내어 주십시오.",MensCare,BodyCare
[화해 2년연속 1위] 쿤달 퓨어 앤 세이프 쿨링 남성청결제 300ml 2구 세트,20800,판매제품 사용기한 정보 : 상품 발송일 기준으로 사용기한 6개월 이상 남은 제품만을 판매합니다.  사용기한 : 제조일로부터 36개월 / 개봉 후 12개월,"적당량을 손에 덜어 살짝 거품을 내어 필요 부위에 부드럽게 클렌징 후, 미온수로 깨끗이 헹구어줍니다.",MensCare,BodyCare
중심얼얼 515 쾌감샤워 150ml 기획(+30ml 증정),19900,제조일자로 부터 36개월,"1. 반드시 기본샤워를 마치고 2~3회 펌핑 후 Y존과 항문, 겨드랑이 주변에 거품을 묻혀 부드럽게 마사지한 후 약 5~10초간 그대로 둡니다. 2. 강한 쿨링감이 느껴지면 꺠끗이 씻어 냅니다. 3. 약 15분간 극한 쿨링감과 황홀한 상쾌함을 즐기면 쾌감샤워 완료.",MensCare,BodyCare
[남성체취/등드름] 낫포유 클리어 바디 미스트 포 맨 200ml,18900,제조일자로부터 30개월,고민있는 부위에 가볍게 뿌리는 남성전용 분사형 미스트(360도 뒤집어도 사용가능),MensCare,BodyCare
[남성체취/등드름] 낫포유 클리어 올인원 워시 포 맨 500ml,16050,제조일자로부터 30개월,"적당량을 샤워 타월 또는 손에 덜어 풍성한 거품을 낸 후, 전신 또는 바디에 마사지하듯 문지르고 물로 깨끗하게 씻어냅니다.",MensCare,BodyCare
[체취제거] 아이디얼포맨 스트롱 프레시 바디워시 300ml 단품 / 샤워볼 증정 기획,9900,개봉전 30개월/ 개봉 후 12개월,"""적당량 펌핑하여 손에 덜어낸 거품으로 전신에 마사지하듯 문지른 후 미온수로 깨끗이 씻어냅니다. TIP) 필요에 따라 샤워 타월을 이용하셔도 좋습니다.""",MensCare,BodyCare
중심얼얼 530 하이퍼부스터 150ml,22890,제조일자로 부터 36개월,"- 반드시 기본샤워를 마치고 2~3회 펌핑 후 Y존과 항문, 겨드랑이 주변에 거품을 묻혀 부드럽게 마사지한 후 약 5~10초간 그대로 둡니다. - 강한 쿨링감이 느껴지면 꺠끗이 씻어 냅니다. - 약 15분간 쿨링감과 황홀한 상쾌함을 즐기면 쾌감샤워 완료!",MensCare,BodyCare
닥터지 레드 블레미쉬 포 맨 젠틀 포인트 클렌저 150mL,21920,36개월(개봉 후 12개월),샤워 마지막 단계에서 2~3회 펌핑 후 Y존과 항문 주변에 거품을 묻혀줍니다. 부드럽게 마사지한 후 물로 깨끗이 헹구어 줍니다.,MensCare,BodyCare
[여름필수템] 다슈 솔루션 퍼퓸 데오 바디스프레이 200ml(프레쉬향),21000,제조일로부터 3년(개봉 후 1년),샤워 후 또는 외출전 몸 전체에 골고루 뿌려 체취를 막아주고 기분좋은 향기와 촉촉한 피부로 가꾸어 줍니다.,MensCare,BodyCare
중심얼얼 515 쾌감샤워 150ml,19900,제조일자로 부터 36개월,"- 반드시 기본샤워를 마치고 2~3회 펌핑 후 Y존과 항문, 겨드랑이 주변에 거품을 묻혀 부드럽게 마사지한 후 약 5~10초간 그대로 둡니다. - 강한 쿨링감이 느껴지면 꺠끗이 씻어 냅니다. - 약 15분간 쿨링감과 황홀한 상쾌함을 즐기면 쾌감샤워 완료!",MensCare,BodyCare
삼대오백 마그네슘 리커버리크림 선수용 100ml,18900,제조일로부터 24개월,운동 전후 적당량을 얼굴 및 기타 부위에 마사지 하듯 바른다. (민감한 부위 제외하고 사용),MensCare,BodyCare
[남성용 올인원 바디워시 샴푸바]동구밭 올인원 퍼퓸바 옴므,18000,"개봉전 24개월, 개봉후 12개월 이내 사용",1. 샴푸&린스 미온수로 두피와 모발을 적신 후 제품을 문질러 거품을 내어 두피와 모발에 부드럽게 마사지해 주세요. 거품을 깨끗이 씻어내 주세요. 2. 바디워시 미온수로 몸을 적신 후 제품을 피부에 직접 문지르거나 샤워 타월에 묻혀 거품을 내어 몸에 부드럽게 마사지해 주세요. 거품을 깨끗이 씻어내 주세요. 3. 페이셜 워시 페이셜 폼클렌저와 동일하게 손에서 거품을 내어 젖은 얼굴에 부드럽게 문지른 후 흐르는 물에 깨끗이 씻어내 주세요. 4. 쉐이빙 미온수로 적신 얼굴에 제품을 문질러 거품을 내어 준 후 면도해 주세요. 면도 후 깨끗한 물로 씻어내 주세요. 사용 후 건조가 잘되는 곳에 보관해 주세요.,MensCare,BodyCare
[증정기획] 닥터지 레드 블레미쉬 포 맨 올인원 워시 500ml 기획 (+30ml),17270,30개월 (개봉후 12개월 이내),적당량을 취해 소량의 물로 충분히 거품을 낸 다음 몸과 얼굴에 마사지하듯 부드럽게 클렌징 후 미온수로 깨끗이 헹구어 냅니다. Tips !: 머리부터 발끝까지 순한 저자극 올인원 클렌징 선호 남성 추천,MensCare,BodyCare
포르맨즈 쿨클린존 남성청결제 아이스에디션 150ml,17000,제조일로부터 3년,"일 1~2회, 2~3회 정도 펌핑한 적당량의 거품으로 클렌징한 다음 미온수로 헹구어 냅니다. 물기가 남지 않도록 충분히 말려줍니다.",MensCare,BodyCare
필리더스 데일리 스크럽 바디워시 500ml (등드름 바디워시),16900,* 사용기간 : 제조일로부터 36개월까지 * 제조연월일 : 본상품의 제조일자는 입고일 마다 다르므로 정확한 정보제공이 어렵습니다.,적당량을 샤워용 스폰지나 타올에 묻혀 거품을 낸 다음 전신에 마사지하듯 문지른 후 물로 깨끗이 씻어냅니다.,MensCare,BodyCare
[체취 개선] W.DRESSROOM 퍼펙트 데오 워시 500ml,14400,3년,"적당량을 덜어 충분히 거품을 낸 뒤, 마사지하듯 전신에 부드럽게 문질러 주고 미온수로 깨끗이 씻어냅니다.",MensCare,BodyCare
포르맨즈 올인원 퍼퓸 바디워시 500ml,11900,"제조일로부터 1,080일",샤워- 샤워볼이나 스펀지에 충분히 거품을 내어 전신을 깨끗이 닦고 흐르는물에 헹궈줍니다 세안- 거품을 충분히 내어 얼굴을 씻어줍니다.,MensCare,BodyCare
니베아 맨 데오드란트 스틱 드라이 임팩트 50ml,8900,"■ 제조일로부터 (30개월/2년6개월)이내의 상품을 순차적으로 발송, 유통기한 개봉후 12개월","■ 뚜껑과 보호마개를 열고 하단 부분을 오른쪽으로 돌려 스틱이 조금 올라오면 겨드랑이에 발라주시고, 건조 후 의복을 착용해 세요.",MensCare,BodyCare
[NEW][대용량] 갸스비 데오도란트 샤워 티슈 아이스 시트러스 30매,9000,제조일로부터 4년,1. 겉포장 비닐을 벗겨주세요. 2. 상품 표면에 스티커를 OPEN부터 열어 한장씩 꺼내서 사용해 주세요. 3. 사용 후에는 내용물의 건조를 막기 위하여 스티커를 원래대로 붙여서 보관해 주세요.,MensCare,BodyCare
[NEW][대용량] 갸스비 데오도란트 샤워 티슈 쿨시트러스 30매,4500,제조일로부터 4년,1. 겉포장 비닐을 벗겨주세요. 2. 상품 표면에 스티커를 OPEN부터 열어 한장씩 꺼내서 사용해 주세요. 3. 사용 후에는 내용물의 건조를 막기 위하여 스티커를 원래대로 붙여서 보관해 주세요.,MensCare,BodyCare
엠도씨 세붐 스트라이크 HD 파우더 티슈 110g,3200,"■ 제조일로부터 2년이내의 상품을 순차적으로 발송, 유통기한 개봉후 1년","■ 피지로 인해 번들거리고, 오염된 부위에 티슈를 한 장씩 뽑아 가볍게 문질러 닦아줍니다. (별도의 세안이 필요 없으며, 내용물의 건조를 방지하기 위해 사용 후에는 덮개스티커를 꼭 닫아주세요.)",MensCare,BodyCare
엠도씨 프라이드 케어 앤 스트롱 워시 100ml,12800,"■ 제조일로부터 2년이내의 상품을 순차적으로 발송, 유통기한 개봉후 1년",■ ① 스트롱 워시를 사용하여 국소부위에 부드럽게 마사지하듯 문지릅니다. ② 미온수로 잔여물이 남아있지 않게 헹구어 냅니다,MensCare,BodyCare
다슈 데일리 비타플렉스 올인원 바디워시 500ml,18000,■ 유통기한 : 제조일로부터 3년,■ 제품을 적당량 덜어 충분히 거품을 낸 후 전신을 마사지 하듯 부드럽게 문지른 후 꺠끗한 물로 씻어냅니다.,MensCare,BodyCare
니베아 맨 데오드란트 스프레이 드라이 임팩트 200ml,11400,"■ 제조일로부터 (36개월/3년)이내의 상품을 순차적으로 발송, 유통기한 개봉후 12개월",■ 샤워 후나 외출전에 겨드랑이 부위에 직접 분사해 주십시요. 사용전에 잘 흔들어 주시고 20Cm 이상 떨어져서 상층부의 번튼을 눌러 약2초가 분사해 주십시오.,MensCare,BodyCare
우르오스 클렌징 2종 기획 (스칼프샴푸 500ml+스킨워시 500ml),39520,"발송일로부터 2년 이내 제조, 개봉 후 12개월","<스킨워시500ml> 손 또는 젖은 타올에 적당량을 덜고 거품을 내어 닦은 후 물로 씻어내어 주십시오 <스칼프샴푸500ml> 젖은 손에 샴푸를 두 번 펌핑한 후, 양손을 비벼 거품을 낸 후 두피를 마사지 하듯 샴푸하고, 미온수로 충분히 헹군다.",MensCare,BodyCare
니베아 맨 데오드란트 롤온 50ml (DEEP),7300,"■ 제조일로부터 (36개월/3년)이내의 상품을 순차적으로 발송, 유통기한 개봉후 12개월","■ 끝부분의 볼을 굴리면서 겨드랑이에 바르고, 완전히 건조된 후의 복을 착용해 주세요.",MensCare,BodyCare
[헤어/바디/페이스 올인원클렌징]눅스 맨 올인원 포밍 젤 클렌저 200ml,20000,제조일로부터 1년 6개월 미만의 상품 발송/개봉 후 12개월,적당량을 손에 덜어 젖은 모발과 두피에 가볍게 마사지한 후 흐르는 물로 깨끗이 씻어냅니다. ​적당량을 목욕용 스펀지나 타올에 묻혀 거품을 낸 다음 전신에 마사지하듯이 문지른 후 물로 깨끗이 씻어냅니다.​,MensCare,BodyCare
[우디향&보송케어] 눅스 맨 데오도란트 롤온 50ml,18000,제조일로부터 1년 6개월 미만의 상품 발송/개봉 후 12개월,"외출 전, 겨드랑이 부위에 부드럽게 펴 발라줍니다. 완전히 건조된 후 의복을 착용해 주세요.",MensCare,BodyCare
그라펜 퍼퓸 매너 바디워시,18000,제조일로부터 36개월,본품 적당량을 취해 피부에 사용한 후 물로 바로 깨끗이 씻어낸다.,MensCare,BodyCare
다슈 데일리 아크네 릴렉싱 바디워시 513ml (여드름완화 기능성),17200,■ 유통기한 : 제조일로부터 3년,제품을 적당량 덜어 충분히 거품을 낸 후 전신을 마사지 하듯 부드럽게 문지른 후 깨끗한 물로 씻어냅니다.,MensCare,BodyCare
포르맨즈 쿨클린존 남성청결제 블랙체리 150ml,19900,제조일로부터 3년,"일 1~2회, 2~3회 정도 펌핑한 적당량의 거품으로 클렌징한 다음 미온수로 헹구어 냅니다. 물기가 남지 않도록 충분히 말려줍니다.",MensCare,BodyCare
[여름필수템] 다슈 솔루션 퍼퓸 데오 바디스프레이 200ml(딥우디향),21000,제조일로부터 3년(개봉 후 1년),샤워 후 또는 외출전 몸 전체에 골고루 뿌려 체취를 막아주고 기분좋은 향기와 촉촉한 피부로 가꾸어 줍니다.,MensCare,BodyCare
우르오스 페이스&바디시트 14매,3100,"제조일로부터 (36개월/3년)이내의 상품을 순차적으로 발송, 유통기한 개봉후 12개월",1매를 뽑아 피지나 땀으로 번들거리는 얼굴 및 기타 부위를 닦으십시오. 사용 후에는 내용물 건조를 방지하기 위해 스티커로 다시 밀봉하여 보관하십시오.,MensCare,BodyCare
포엘리에 젠티가이 매너클렌저 100ml,19500,개봉 전 36개월 / 개봉 후 12개월,1. 일상적으로 청결 유지를 위해 2~3회 정도 펌핑한 적당량의 거품으로 클렌징한 다음 미온수로 헹구어 냅니다. 2. 필요에 따라 일 1~2회 정도 사용할 수 있습니다.,MensCare,BodyCare
[화해 2년연속 1위] 쿤달 퓨어 앤 세이프 쿨링 남성청결제 300ml,11500,판매제품 사용기한 정보 : 상품 발송일 기준으로 사용기한 6개월 이상 남은 제품만을 판매합니다.  사용기한 : 제조일로부터 36개월 / 개봉 후 12개월,"적당량을 손에 덜어 살짝 거품을 내어 필요 부위에 부드럽게 클렌징 후, 미온수로 깨끗이 헹구어줍니다.",MensCare,BodyCare
클럽맨피노드 파인스트 파우더 플래쉬 255g,15000,"제조일로부터 (36개월/3년)이내의 상품을 순차적으로 발송, 유통기한 개봉후 2년 / 사용기한 제품에 별도 표기",모든 피부에 적합한 제품으로서 샤워 후 적당량을 손바닥에 덜어 원하는 부위에 두드리듯 발라줍니다. 땀나는 부위에 데오드란트처럼 사용하셔도 좋습니다.,MensCare,BodyCare
포르맨즈 블랙 바디미스트 허브시트러스향 220ml,18000,"제조일로부터 1,095일",몸에서 10-20cm정도 거리를 두고 얼굴을 제외한 몸에 분사해줍니다.,MensCare,BodyCare
포르맨즈 쿨클린존 젤타입 남성청결제 500ml,15290,"제조일로부터 1,095일","1일 1-2회 사용, 2-3회 펌핑한 적당량의 젤로 클렌징 한 후 미온수로 헹구어냅니다.",MensCare,BodyCare
중심얼얼 쾌감바디어택 200ml,11000,제조일자로 부터 36개월,- 사용 전 용기를 5번 정도 천천히 위아래로 돌려주세요. - 겨드랑이와 사타구니를 제외한 바디 전체를 충분한 거품으로 마사지해 줍니다. - 겨드랑이와 사타구니는 꼭 마지막에 마사지해 줍니다. - 겨드랑이와 사타구니에 짜릿한 느낌이 강하게 오면 약 10~20초정도 기다린 후 (미)온수로 깨끗이 씻어냅니다. - 약 15분간 짜릿한 전율을 온몸으로 느끼면 안드로메다 쾌감샤워 완료!,MensCare,BodyCare
그라펜 타투 퍼퓸 원 우드 핸드크림 50ml,12000,제조일로부터 36개월,본품 적당량을 취해 피부에 골고루 펴 바른다.,MensCare,BodyCare
포엘리에 옴므 올인원 로션 바디워시 퍼퓸 샴푸 모음전,18900,개봉 전 30개월,"샤워볼이나 타올을 이용하여 충분한 거품을 낸 후 몸전체에 마사지하듯 문질러준 뒤, 미온수로 깨끗이 씻어냅니다.",MensCare,BodyCare
필리더스 스포츠 쿨링 바디워시 200ml,22900,* 사용기간 : 제조일로부터 36개월까지 * 제조연월일 : 본상품의 제조일자는 입고일 마다 다르므로 정확한 정보제공이 어렵습니다.,적당량의 거품을 덮어 문지른 후 미온수로 깨끗이 씻어냅니다.,MensCare,BodyCare
필리더스 퍼펙트 클린 맨즈 클렌저 150ml,6900,* 사용기간 : 제조일로부터 36개월까지 * 제조연월일 : 본상품의 제조일자는 입고일 마다 다르므로 정확한 정보제공이 어렵습니다.,적당량의 거품을 덜어 Y존을 세척 후 미온수로 깨끗이 씻어 냅니다.,MensCare,BodyCare
필리더스 울트라 프레시 풋워시 500ml,8900,* 사용기간 : 제조일로부터 36개월까지 * 제조연월일 : 본상품의 제조일자는 입고일 마다 다르므로 정확한 정보제공이 어렵습니다.,발에 거품을 분사하여 문지른 후 미온수로 깨끗이 씻어냅니다.,MensCare,BodyCare
필리더스 소프트 마일드 바디로션 500ml,12900,* 사용기간 : 제조일로부터 36개월까지 * 제조연월일 : 본상품의 제조일자는 입고일 마다 다르므로 정확한 정보제공이 어렵습니다.,적당량을 취해 전신에 마사지 하듯 바른 후 충분히 흡수시켜줍니다.,MensCare,BodyCare
[5초뿌리는바디로션/NEW 향 추가]히든 퍼퓸 스프레이 바디로션 단품 6종,29610,30개월,"1. 샤워 후, 물기를 제거한 몸 전체에 10~20cm 거리를 두고 충분히 분사해줍니다. 2. 바디 로션이 피부에 스며들 수 있도록 가볍게 두드려 줍니다.",MensCare,BodyCare
필리더스 스포츠 쿨링 바디워시 200ml 한정기획 (+스포츠 타월 증정),11900,* 사용기간 : 제조일로부터 36개월까지 * 제조연월일 : 본상품의 제조일자는 입고일 마다 다르므로 정확한 정보제공이 어렵습니다.,적당량의 거품을 덮어 문지른 후 미온수로 깨끗이 씻어냅니다.,MensCare,BodyCare
벤튼 퍼펙트 프레쉬 맨즈 남성청결제 150ml,26500,제조 후 30개월 이내 상품을 순차 배,와이존을 물로 적셔준 뒤 본 품을 2~3회 정도 펌핑하여 부드럽게 와이존 및 항문 주변까지 마사지하듯 클렌징 해준 후 미온수로 깨끗하게 헹구어 줍니다. (좀 더 강한 쿨링감을 원하시면 도포 후 방치해 주신 뒤 헹구어 주세요.),MensCare,BodyCare
다슈 데일리 아크네 카밍 바디워시 513g 기획세트(+바디워시 80g 증정),21000,■ 유통기한 : 제조일로부터 3년,제품을 적당량 덜어 충분히 거품을 낸 후 전신을 마사지 하듯 부드럽게 문지른 후 깨끗한 물로 씻어냅니다.,MensCare,BodyCare
필리더스 스포츠 쿨링 바디워시 더블기획 (200ml+200ml),21900,* 사용기간 : 제조일로부터 36개월까지 * 제조연월일 : 본상품의 제조일자는 입고일 마다 다르므로 정확한 정보제공이 어렵습니다.,적당량의 거품을 덮어 문지른 후 미온수로 깨끗이 씻어냅니다.,MensCare,BodyCare
"[NEW] 아이젠틀맨 바디스프레이 220ml(필로우, 체리밤)",19000,"1,825일",얼굴을 제외한 몸에 10~20cm 간격을 두어 골고루 분사해주세요.,MensCare,BodyCare
아이젠틀맨 바디스프레이 필로우 220ml,19000,"제조일로부터 1,825일",얼굴을 제외한 몸에 10~20cm 간격을 두어 골고루 분사해주세요.,MensCare,BodyCare
아이젠틀맨 바디스프레이 체리밤 220ml,19000,"제조일로부터 1,825일",얼굴을 제외한 몸에 10~20cm 간격을 두어 골고루 분사해주세요.,MensCare,BodyCare
스콧해미쉬 클레이모어 브라이트닝 핸드크림 50ml,15400,"사용기한 30개월, 개봉 후 12개월 이내 사용",손이 건조할 때 수시로 발라줍니다.,MensCare,BodyCare
스콧해미쉬 클레이모어 모이스처 핸드크림 50ml,22000,"사용기한 30개월, 개봉 후 12개월 이내 사용",손이 건조할 때 수시로 발라줍니다.,MensCare,BodyCare
바버501 이너 부스터 남성청결제 263ml 2종(티트리 멘톨/진저민트),20900,"개봉전: 제조일로부터 36개월, 개봉후: 개봉일로부터 12개월","적당량을 손에 덜어 거품을 낸 후, 사용할 부위에 도포하여 충분히 마사지 한 후 미온수로 깨끗이 씻어냅니다.",MensCare,BodyCare
[NEW] 갸스비 훼이셜 페이퍼 아이스 타입 15매,3000,"제조일로 부터 4년 (1,460일)",1. 겉포장 비닐을 벗겨주세요 2. 상품 표면에 스티커를 오픈 부분부터 열어 한 장씩 꺼내서 사용해 주세요. 3. 사용 후에는 내용물의 건조를 막기 위하여 스티커를 원래대로 붙여서 보관해 주세요.,MensCare,BodyCare
[NEW][대용량] 갸스비 훼이셜 페이퍼 아이스 타입 42매,7500,"제조일로 부터 4년 (1,460일)",1. 겉포장 비닐을 벗겨주세요 2. 상품 표면에 스티커를 PEN 부분부터 열어 한 장씩 꺼내서 사용해 주세요. 3. 사용 후에는 내용물의 건조를 막기 위하여 스티커를 원래대로 붙여서 보관해 주세요.,MensCare,BodyCare
[샴푸겸용] 스웨거 프레시 시트론 바디 샤워젤 480ml,12350,제조일로부터 36개월,샤워볼이나 스펀지에 적당량을 덜어 거품을 내어 클렌징 한 후 물로 씻어냅니다,MensCare,BodyCare
[샴푸겸용] 스웨거 젠틀 위스퍼스 바디 샤워젤 480ml,19000,제조일로부터 36개월,샤워볼이나 스펀지에 적당량을 덜어 거품을 내어 클렌징 한 후 물로 씻어냅니다,MensCare,BodyCare
더페이스샵 스피프코드 퍼펙트 올인원 워시 300ml,16000,제조일로부터 36개월/ 개봉 후 12개월,"샤워용 타올 또는 손에 적당량을 덜어 거품을 낸 다음, 얼굴과 몸에 마사지하듯 부드럽게 문지른 후 미온수로 깨끗이 씻어냅니다.",MensCare,BodyCare
[NEW/대용량] 그라펜 타투 퍼퓸 바디&멀티스프레이 300ml (3종 택1),21500,제조일로부터 36개월,"1. 사용 전 안전마개를 밀어 잠금장치를 풀어줍니다. 2. 향기가 필요한 장소 및 신체 부위에 20~30cm 거리를 두고 분사해줍니다. 3. 용액이 새는 것을 방지하기 위해, 사용하지 않을 시에는 안전마개를 다시 잠가 보관해줍니다.",MensCare,BodyCare
[심으뜸 PICK] 고릴라왁싱 젤리슈가 왁싱 스크럽,30900,제조일자로부터 36개월,사용부위를 물에 적신 후 적당량 덜어 부드럽게 문질러 주고 미온수로 씻어내 줍니다.,MensCare,BodyCare
헤이브로 올인원 쿨링바 120g,11000,제조일로부터 24개월,물기있는 거품을 낸 후 머리부터 발끝까지 마사지하듯 도포한 후 깨끗한 물로 씻어내 줍니다.,MensCare,BodyCare
헤이브로 올인원 파워바 120g,9500,제조일로부터 24개월,올인원 파워바에 물기있는 거품을 낸 후 머리부터 발끝까지 마사지하듯 도포한 후 깨끗한 물로 씻어내 줍니다.,MensCare,BodyCare
헤이브로 올인원 바 120g 2종 택 1 (파워바/쿨링바),9500,제조일로부터 24개월,올인원 파워바에 물기있는 거품을 낸 후 머리부터 발끝까지 마사지하듯 도포한 후 깨끗한 물로 씻어내 줍니다.,MensCare,BodyCare
언라이프 데오 드 콘크리트 퍼퓸 스프레이 80ml,13500,제조일로부터 3년,향기 케어가 필요한 곳에 20~30cm 거리를 두고 골고루 뿌려 주세요.,MensCare,BodyCare
다슈 데일리 스킨 올인원 바디워시 500ml 기획(+50ml),14810,■ 유통기한 : 제조일로부터 3년,"적당량을 덜어 거품을 충분히 낸 후, 얼굴 및 전신을 부드럽게 문지른 뒤 물로 깨끗이 씻어 냅니다",MensCare,BodyCare
레이지소사이어티 올인원 딥센트 워시 300ml,19900,"제조일로부터 (24개월)이내의 상품을 순차적으로 발송, 유통기한 개봉 후 12개월",적당량을 덜어 머리부터 발끝까지 한번에 씻어냅니다.,MensCare,BodyCare
네이처리퍼블릭 맨 인 블루 올인원 워시 350ml,12900,"제조일로부터 36개월, 개봉 후 12개월",제품을 적당량 덜어 충분히 거품을 낸 다음 몸과 얼굴에 마사지 하듯 부드럽게 문지른 후 깨끗한 물로 씻어냅니다.,MensCare,BodyCare
[NEW/우디향] 헤레카 퍼퓸 바디워시 300ml,21100,제조일로부터 36개월,적당량을 덜어 거품을 낸 후 몸에 문지른 뒤 물로 씻어냅니다.,MensCare,BodyCare
HDEX 바디스프레이 머슬맨 200ml,29000,"제조일로부터 30개월 입니다. 제조년월이 가장 빠른 상품부터 선출고 진행되고 있으며, 제품의 입출고가 빈번하여 온라인상에 상세 제조년월일 기재가 어려운 점 양해 바랍니다. 수령하신 상품에 부착된 라벨에 제조일자가 기재되어 개별 확인이 가능합니다. 추가 문의는 고객센터 070-4335-1189 문의주시면 상세히 안내 드리겠습니다.","샤워 후 겨드랑이, 얼굴을 제외한 몸 전체에 뿌려주세요. (10~20CM 충분한 분사거리를 유지해주세요) *몸에 충분히 스며든 후 옷을 입어주세요. *변색 또는 이염이 될 수 있기에 옷 또는 이염될 수 있는 소재에 직접 분사하지 않도록 주의해주세요. *향기가 필요한 공간에 적용하셔도 HDEX만의 향을 느끼실 수 있습니다.",MensCare,BodyCare
HDEX 바디스프레이 자이언트쥬시 200ml,29000,제조일로부터 30개월 입니다.,"샤워 후 겨드랑이, 얼굴을 제외한 몸 전체에 뿌려주세요. (10~20CM 충분한 분사거리를 유지해주세요.) *몸에 충분히 스며든 후 옷을 입어주세요. *변색 또는 이염이 될 수 있기에 옷 또는 이염될 수 있는 소재에 직접 분사하지 않도록 주의해주세요. *향기가 필요한 공간에 적용하셔도 HDEX만의 향을 느끼실 수 있습니다.",MensCare,BodyCare
까띠 바디티슈 5매입 (도손/잉글리쉬페어앤프리지아),10000,제조일로부터 36개월 / 소비자상담실로 문의 요망,"비닐포장을 뜯은 후 얼굴, 상체, 하체순으로 땀이나 오염된 부위를 부드럽게 닦아주세요.",MensCare,BodyCare
[리뉴얼 출시]포맨트 퍼퓸샤워 코튼디어나잇 500ml,19000,제조일로부터 3년,"바디에 충분한 물을 적신 후, 적당량을 손바닥에 덜어 거품 샤워 후 미온수로 헹궈줍니다.",MensCare,BodyCare
[남자등드름/가드름] 바르테라 올인원바디워시 기획세트,16100,제조일로부터 36개월,[용법용량] 본 품 적당량을 취해 피부에 사용한 후 물로 바로 깨끗이 씻어낸다. [사용방법] 적당량을 목욕용 스펀지나 타올에 묻혀 거품을 낸 후 전신에 가볍게 문지른 후 물로 깨끗이 씻어냅니다.,MensCare,BodyCare
바른생각 슈퍼 쿨 워시 포 맨 200ml,20000,제조일로부터 3년,1~2회 펌핑하여 부드럽게 와이존을 마사지하듯 클렌징 한다음 미온수로 깨끗하게 헹구어 냅니다.,MensCare,BodyCare
스웨거 향수샤워젤 오리지널 오드더티 270ml,15000,제조일로부터 36개월,샤워볼이나 스펀지에 적당량을 덜어 거품을 내어 클렌징한 후 물로 씻어냅니다.,MensCare,BodyCare
원씽 포맨 올인원 데오 워시 500ml,35000,"제조일로부터 36개월, 개봉 후 12개월","적당량을 덜어 충분히 거품을 낸 뒤, 마사지하듯 전신에 부드럽게 문질러 주고 미온수로 깨끗이 씻어냅니다.",MensCare,BodyCare
노우라이 슬릭 앤드 클린 맨즈 워시 160ml,9910,제조일로부터 36개월,"""샤워 시 남성 M존 주변에 2-3회 분사 후, 부드럽게 마사지 하듯 클렌징하고 미온수로 충분히 헹구어냅니다. / 꿉꿉한 냄새와 땀 고민이 심한 바디 부위 어디든 사용가능합니다. 샤워 시, 온몸에 사용하면 하루 종일 개운하고 말끔한 바디 컨디션을 유지할 수 있습니다.""",MensCare,BodyCare
[시카/삼푸겸용]아이디얼 포 맨 시카 플러스 올인원 바디워시 500ml,18000,"개봉 전 제조일로부터 30개월, 개봉 후 12개월","적당량을 짠 후 거품을 내어 물에 적신 헤어,페이스,바디에 부드럽게 문질러 세정한 후 미온수로 닦아냅니다.",MensCare,BodyCare
루아페 코튼 엠버 바디 로션 스프레이 250ml,28900,제조일로부터 36개월,1. 물기를 제거한 몸 전체에 10-20cm 거리를 두고 충분히 분사해줍니다. 2. 피부에 스며들 수 있도록 가볍게 두드려줍니다. 3. 하루 1회 분사 시 약 한 달 사용가능합니다.,MensCare,BodyCare
[NEW] 도브 맨 데오도란트 롤온 50ml 2종 택1,8200,제조일로부터 36개월,"1. 물기가 없는 피부에 사용해주세요. 2. 언더암 원하는 부위에 롤링하여 발라주세요. 3. 사용 후, 충분히 건조 후 옷을 착용해주세요. 4. 강한 향수와 사용 시, 제품의 향이 변질될 가능성이 있으니 단독 사용을 권장 드립니다.",MensCare,BodyCare
폰즈 클리어 스파 립앤아이 리무버 300ml,12500,개봉 후 30개월,1. 분리된 층이 잘 섞이도록 위아래로 잘 흔듭니다. 2. 적당량을 화장솜에 적셔 눈과 입술 주위를 부드럽고 가볍게 누르듯 닦아 냅니다.,Cleansing,Lip Eye Remover
[1+1한정기획] 키스미 히로인메이크 스피디 마스카라 리무버 1+1 한정기획,18600,제조일로부터 36개월. 개봉 후 6개월.,1. 속눈썹 뿌리부터 콤을 이용하여 빗어 주듯 리무버를 발라줍니다. 2. 클렌징 폼 등으로 세안 하여 줍니다. <주의> 사용 후 마스카라에 닿은 부분은 티슈 등으로 닦아낸 후에 용기에 넣어주세요. 뚜껑을 꼭 닫아 보관해 주세요.,Cleansing,Lip Eye Remover
[인체 안자극테스트완료]일리윤 젠틀 딥 립앤아이리무버 140ml,7900,"제조일로부터 36개월, 개봉 후 24개월 이내 사용","① 이층상의 내용물이 잘 섞이도록 흔들어 준 후, 화장솜에 내용물을 충분히 덜어 눈가와 입가를 부드럽게 닦아냅니다. ② 메이크업 제거 후, 물세안 혹은 클렌징폼으로 마무리 세안을 하시면 피부가 더욱 촉촉하고 말끔하게 마무리 됩니다.",Cleansing,Lip Eye Remover
일리윤 프레쉬 모이스춰 립앤아이 리무버 300ml,14900,"제조일로부터 36개월, 개봉 후 24개월 이내 사용","""이층상의 내용물이 잘 섞이도록 흔들어 준 후, 화장솜에 내용물을 충분히 덜어 눈가와 입가를 부드럽게 닦아냅니다.""",Cleansing,Lip Eye Remover
아리얼 스트레스 릴리빙 립앤아이 리무버 패드 30매,2900,36개월,스티커를 열고 패드를 1매씩 뽑아 눈가나 입가에 가볍게 얹어 포인트 메이크업을 녹여낸 후 부드럽게 닦아냅니다. 내용물의 건조를 방지하기 위해 사용 후 반드시 스티커를 부착하여 보관하십시오.,Cleansing,Lip Eye Remover
식물나라 제주 탄산수 딥 립&아이리무버 (120ml/250ml),5400,"■제조일로부터 30개월, 개봉 후 12개월","이층상의 내용물이 잘 섞이도록 흔들어 준 후, 화장솜이나 면봉에 내용물을 충분히 덜어 눈가와 입가를 부드럽게 닦아냅니다.",Cleansing,Lip Eye Remover
[올영단독400ml] 포인트앤 딥 클린 올킬 립앤아이 리무버 200ml 1+1 기획,11300,제조일로부터 36개월/ 개봉 후 12개월,1. 사용 전 분리된 두 층이 섞이도록 충분히 흔들어 줍니다. 2. 화장솜에 적당량을 적셔 줍니다. 3. 눈과 입술 주위를 지그시 눌러 부드럽게 닦아 낸 뒤 물로 씻어냅니다.,Cleansing,Lip Eye Remover
[마스카라 리무버] 키스미 히로인메이크 스피디 마스카라 전용 리무버,9900,제조일로부터 36개월. 개봉 후 6개월.,1. 속눈썹 뿌리부터 콤을 이용하여 빗어 주듯 리무버를 발라줍니다. 2. 클렌징 폼 등으로 세안 하여 줍니다. <주의> 사용 후 마스카라에 닿은 부분은 티슈 등으로 닦아낸 후에 용기에 넣어주세요. 뚜껑을 꼭 닫아 보관해 주세요.,Cleansing,Lip Eye Remover
[저자극] 바닐라코 클린잇제로 립&아이리무버 300ml + 100ml 기획,12400,제조일로부터 36개월/개봉 후 12개월,"1. 오일층과 워터층이 잘 섞이도록 충분히 흔들어 줍니다. 2. 화장솜에 내용물을 충분히 적신 후, 눈과 입술에 올려 지긋이 눌러준 다음 부드럽게 쓸어내듯 닦아냅니다. *눈과 입에 들어가지 않도록 주의해 주세요.",Cleansing,Lip Eye Remover
폰즈 클리어 스파 립앤아이 리무버 (본품300ml+120ml),18100,제조일로부터 912일,"분리된 층이 잘 섞이도록 위 아래로 잘 흔든 후, 적당량을 화장솜에 적셔서 눈과 입술 주위를 부드럽고 가볍게 누르듯이 닦아 내십시오.",Cleansing,Lip Eye Remover
[신현지Pick] 비페스타 립앤아이 리무버 더블기획 (145ml+145ml),11310,제조일로부터 3년,"수분층과 유분층이 섞이도록 사용 전 잘 흔들어 주십시오. 화장솜에 500원 동전 크기 정도 적셔 가볍게 닦아주십시오. 워터프루프 메이크업은 몇 초간 화장솜을 얹은 후 부드럽게 닦아내십시오. 콘택트렌즈를 사용하시는 경우, 렌즈를 뺀 후 클렌징 하십시오. 립 메이크업에도 사용하실 수 있습니다.",Cleansing,Lip Eye Remover
폰즈 클리어 훼이스 스파 립&아이 리무버 120ml,10900,■ 제품 별도 표시,■ 분리된 층이 잘 섞이도록 위 아래로 잘 흔든후 적당량을 화장솜에 적셔서 눈과 입술 주위를 부드럽고 가볍게 누르듯이 닦아 내십시오.,Cleansing,Lip Eye Remover
[한정기획]바이오더마 센시비오 H2O eye 125ml 기획(+ 클렌징 워터 100ml) (립앤아이리무버),18000,제조일로부터 3년 사용 가능/개봉 후 6개월 사용 권장,"듀얼 텍스처가 잘 섞이도록 흔들어 준 후 사용 합니다. 화장솜에 적셔 눈가와 입술 주위에 잠시 올려준 후, 부드럽게 닦아 냅니다.",Cleansing,Lip Eye Remover
아리얼 스트레스 릴리빙 립앤아이 리무버 패드 더블기획 (30매+30매),7800,36개월,스티커를 열고 패드를 1매씩 뽑아 눈가나 입가에 가볍게 얹어 포인트 메이크업을 녹여낸 후 부드럽게 닦아냅니다. 내용물의 건조를 방지하기 위해 사용 후 반드시 스티커를 부착하여 보관하십시오.,Cleansing,Lip Eye Remover
뽀오얀 미소 발효 립&아이 리무버 250ml,13050,개봉전 36개월 / 개봉후 12개월,"사용 전 워터층과 오일층이 잘 혼합될 수 있도록 충분히 흔들어 준 뒤, 화장솜에 적당량을 적셔 눈과 입술 주위를 부드럽게 쓸어주듯 닦아 줍니다.",Cleansing,Lip Eye Remover
[NEW] 스킨푸드 밀크 쉐이크 포인트 메이크업 리무버 160ml 더블 기획,12600,제조일로부터 36개월,"위층의 에멀전과 아래층의 워터베이스의 내용물을 위 아래로 잘 흔들어 준 후, 적당량을 화장솜에 적셔 눈과 입술 주위를 부드럽게 닦아냅니다.",Cleansing,Lip Eye Remover
[NEW/여행 필수템] 바닐라코 클린잇제로 수딩 립&아이리무버 패드 30매,3200,제조일로부터 36개월/개봉 후 12개월,패드를 1매씩 꺼내 눈가나 입가에 가볍게 얹어 포인트 메이크업을 녹여낸 후 부드럽게 닦아냅니다. 제품 사용 후 물로 헹궈 줍니다. ※ 내용물 증발을 방지하기 위해 사용 후 반드시 스티커 덮개를 붙여 보관하세요.,Cleansing,Lip Eye Remover
[영양케어+클렌징] 코스노리 롱 액티브 비건 마스카라 리무버,12500,"제조일로부터 36개월, 개봉 후 12개월",1. 마스카라를 바른 속눈썹 위에 어플리케이터를 사용하여 속눈썹 뿌리부터 부드럽게 빗어주 듯 발라줍니다. 2. 마스카라가 녹으면 클렌징폼으로 부드럽게 세안해줍니다. 3. 사용 후에는 어플리케이터에 묻어있는 노폐물을 티슈로 닦아준 후 용기에 넣어주세요.,Cleansing,Lip Eye Remover
[단독대용량] 바닐라코 립 앤 아이 리무버 클리어 250ml,11040,제조일로부터 36개월/개봉 후 12개월,"용기를 충분히 흔들어 분리된 워터, 오일을 섞어준 뒤 화장솜을 적셔 눈과 입에 가볍게 올렸다가 부드럽게 닦아냅니다. 눈과 입에 들어가지 않게 주의합니다.",Cleansing,Lip Eye Remover
[NEW퀵/3초올킬리무버] 에스네이처 아쿠아 라이스 립앤아이 리무버 145ml,10450,제조일로부터 36개월,"유상, 수상층이 섞이도록 충분히 흔들어준 후 적당량 화장솜에 적셔 눈가와 입사를 닦아줍니다.",Cleansing,Lip Eye Remover
[증량] 케어존 저자극 립앤아이리무버 300ml,15000,"개봉전 제조일로부터 36개월, 유통기한 개봉후 12개월","사용 전 충분히 흔들어준 후, 화장솜에 적당량을 덜어 클렌징할 눈과 입술 부위에 잠시 올려둡니다. 가볍게 누르듯이 닦아낸 후 미온수로 씻어냅니다.",Cleansing,Lip Eye Remover
[신현지Pick] 비페스타 립앤아이 리무버 145ml (저자극),12000,"■주문일로부터 18개월 이내 제조된 상품 발송됨, 유통기한 개봉후(또는 제조일로부터) 3년","■ <사용방법> 수분층과 유분층이 섞이도록 사용 전 잘 흔들어 주십시오. 화장솜에 500원 동전 크기 정도 적셔 가볍게 닦아주십시오. 워터프루프 메이크업은 몇 초간 화장솜을 얹은 후 부드럽게 닦아내십시오. 콘택트렌즈를 사용하시는 경우, 렌즈를 뺀 후 클렌징 하십시오. 립 메이크업에도 사용하실 수 있습니다.",Cleansing,Lip Eye Remover
아리얼 스트레스 릴리빙 미셀라 립앤아이 리무버 300ml,18000,제조일로 부터 36개월,1. 수상층과 유상층이 잘 섞이도록 충분히 흔들어주세요. 2. 화장솜에 내용물을 충분히 적셔주세요. 3. 눈가와 입가의 메이크업을 부드럽게 닦아주세요.,Cleansing,Lip Eye Remover
[저자극리무버/대용량] 키스미 아이 젠틀 오프 립앤아이 리무버 대용량 300ml,14400,제조일로부터 36개월. 개봉 후 12개월.,내용물이 잘 섞이도록 흔들어준 뒤 적당량을 화장솜에 덜어 눈가와 입술 주위를 부드럽게 닦아냅니다.,Cleansing,Lip Eye Remover
투크 퍼펙트 클린 립앤아이 리무버 100ml,11400,36개월,"오일 층과 워터 층이 충분히 섞이도록 흔든 뒤,  적당량을 화장솜에 덜어 충분히 적셔줍니다. 포인트 메이크업 위에 5-10초 정도 지그시 눌러 준 후 피부 결을 따라 부드럽게 닦아 줍니다.",Cleansing,Lip Eye Remover
이브로쉐 퓨어블루에 더 익스프레스 메이크업 리무버 100ml_NEW,9600,제조일로부터 3년 / 개봉 후 6개월,"사용 전 내용물이 균일하게 잘 섞이도록 흔들어 줍니다. 화장솜에 적당량을 덜어내어 눈과 입술 메이크업 부분에 지그시 10초 동안 눌러 녹여낸 뒤, 부드럽게 닦아내줍니다. 콘택트렌즈를 사용하시는 경우, 렌즈 제거 후 클렌징해주세요.",Cleansing,Lip Eye Remover
케어존 저자극 립앤아이리무버 50ml,3500,"개봉전 제조일로부터 36개월, 유통기한 개봉후 12개월","사용 전 충분히 흔들어준 후, 화장솜에 적당량을 덜어 클렌징할 눈과 입술 부위에 잠시 올려둡니다. 가볍게 누르듯이 닦아낸 후 미온수로 씻어냅니다.",Cleansing,Lip Eye Remover
해서린 선셋 카멜리아 리무버 스틱 50ea,6100,주문일로부터 24개월 이내 제조된 상품을 발송 /개봉 후 즉시사용,"개별 포장된 면봉 비닐의 'OPEN' 점선을 따라 뜯은 후, 양쪽 끝을 잡아 당겨 비닐을 벗겨주세요. 동백 오일이 묻혀진 뾰족한 모양의 면봉으로 수정 화장이 필요한 부위에 문질러 클렌징 한 뒤, 반대편 코튼 면봉으로 닦아 마무리해줍니다. * 개봉 후 즉시 사용하세요",Cleansing,Lip Eye Remover
[NEW/착색 클렌징] 바닐라코 클린잇제로 틴트 리무버 20ml,5250,제조일로부터 36개월/개봉 후 12개월,입술에 도포 후 마사지하듯 충분히 문지른 후 미온수나 물티슈를 이용하여 깨끗하게 닦아내어 줍니다. *입 안에 들어가지 않도록 주의해 주세요.,Cleansing,Lip Eye Remover
[저자극/NEW] 바닐라코 클린잇제로 립&아이리무버 100ml,4550,제조일로부터 36개월/개봉 후 12개월,"1. 오일층과 워터층이 잘 섞이도록 충분히 흔들어 줍니다. 2. 화장솜에 내용물을 충분히 적신 후, 눈과 입술에 올려 지긋이 눌러준 다음 부드럽게 쓸어내듯 닦아냅니다. *눈과 입에 들어가지 않도록 주의해 주세요.",Cleansing,Lip Eye Remover
아리얼 스트레스 릴리빙 미셀라 립앤아이 리무버 100ml,4000,제조일로 부터 36개월,1. 수상층과 유상층이 잘 섞이도록 충분히 흔들어주세요. 2. 화장솜에 내용물을 충분히 적셔주세요. 3. 눈가와 입가의 메이크업을 부드럽게 닦아주세요.,Cleansing,Lip Eye Remover
케어존 저자극 립앤아이리무버 500ml,19500,제조일로부터 36개월 개봉 후 12개월,사용 전 충분히 흔들어 준 후 화장솜에 적당량을 적셔 클렌징 할 눈과 입술 부위에 잠시 올려둡니다. 가볍게 누르듯이 부드럽게 닦아냅니다.,Cleansing,Lip Eye Remover
[단독기획] 스킨푸드 밀크 쉐이크 포인트 메이크업 리무버 더블 기획 (160ml+160ml),12600,제조일로부터 36개월,"위층의 에멀전과 아래층의 워터베이스의 내용물을 위 아래로 잘 흔들어 준 후, 적당량을 화장솜에 적셔 눈과 입술 주위를 부드럽게 닦아냅니다.",Cleansing,Lip Eye Remover
이브로쉐 퓨어블루에 더 익스프레스 메이크업 리무버 200ml_NEW,16400,제조일로부터 3년 / 개봉 후 6개월,"사용 전 내용물이 균일하게 잘 섞이도록 흔들어 줍니다. 화장솜에 적당량을 덜어내어 눈과 입술 메이크업 부분에 지그시 10초 동안 눌러 녹여낸 뒤, 부드럽게 닦아내줍니다. 콘택트렌즈를 사용하시는 경우, 렌즈 제거 후 클렌징해주세요.",Cleansing,Lip Eye Remover
바이오더마 센시비오 H2O eye 125ml (립앤아이리무버),18000,제조일로부터 3년 사용 가능/개봉 후 6개월 사용 권장,"사용 전 잘 흔들어줍니다. 적당량을 화장솜에 적셔 눈가와 입술 주위에 잠시 올려둔 후, 메이크업을 부드럽게 닦아냅니다. 2차 세안 없이 마무리 합니다.",Cleansing,Lip Eye Remover
일리윤 프레쉬 모이스춰 립앤아이 리무버 [150ml],12000,"개봉 후 12개월, 제조일로부터 24개월",1.이층상의 내용물이 잘 섞이도록 흔들어 주세요. 2.화장솜을 용앵게 적셔 눈위에 얹어 놓고 지긋이 눌러 줍니다. 3. 화장솜을 사용해 지그재그 형태로 마사지 하듯 눈가 위/아래의 메이크업을 지워 줍니다.,Cleansing,Lip Eye Remover
코스노리 마이크로 액티브 비건 립앤아이 리무버 100ml,10000,개봉전 36개월 (개봉후 12개월),수분층과 오일층이 잘 섞이도록 충분히 흔들어준 후 적당량을 화장솜에 적셔 입술과 눈가에 10초 정도 지긋이 눌러준 다음 피부결에 따라 부드럽게 닦아줍니다.,Cleansing,Lip Eye Remover
에뛰드 립 앤 아이 리무버 100ml,6300,개봉전 36개월 / 개봉후 12개월,사용 전 워터층과 오일층이 잘 혼합되도록 충분히 흔들어 준후 화장솜에 리무버를 적당량 적셔 부드럽게 닦아냅니다.,Cleansing,Lip Eye Remover
에뛰드 립 앤 아이 리무버 250ml,11100,개봉전 36개월 / 개봉후 12개월,사용 전 워터층과 오일층이 잘 혼합되도록 충분히 흔들어 준후 화장솜에 리무버를 적당량 적셔 부드럽게 닦아냅니다.,Cleansing,Lip Eye Remover
포인트앤 딥 클린 립 앤 아이 리무버 롱 패드 88매 단독기획 (+7매증정),8740,제조일로부터 24개월/ 개봉 후 12개월,한 장의 롱패드를 꺼내어 눈가와 입가에 지그시 눌러 포인트 메이크업을 녹여준 후 부드럽게 닦아 미온수로 헹구어 줍니다. 사용 후에는 완전히 닫아 내용물이 마르지 않도록 합니다.,Cleansing,Lip Eye Remover
후르디아 딥 클린 립앤아이 리무버 300ml,17900,제조일로부터 36개월 / 개봉 후 12개월,Step1. 사용 전 분리된 두 층이 섞이도록 충분히 흔들어 주세요. Step2. 화장솜에 적당량 적셔줍니다. Step3. 눈과 입술 주위를 가볍게 눌러 부드럽게 쓸어내듯 닦아냅니다.,Cleansing,Lip Eye Remover
투크 퍼펙트 클린 립앤아이리무버 100ml 2입,16800,36개월,"오일 층과 워터 층이 충분히 섞이도록 흔든 뒤,  적당량을 화장솜에 덜어 충분히 적셔줍니다. 포인트 메이크업 위에 5-10초 정도 지그시 눌러 준 후 피부 결을 따라 부드럽게 닦아 줍니다.",Cleansing,Lip Eye Remover
[NEW] 헤라 메이크업 리무버 125ml,32400,제조일로부터 36개월 개봉 후 12개월,"내용물을 흔들어 섞은 후, 화장솜 혹은 면봉에 충분히 적셔 눈가나 속눈썹, 입술 부위를 부드럽게 닦아냅니다. 메이크업 제거 후 물 세안 혹은 리프레싱 클렌징 폼으로 마무리 세안 하시면 피부가 한결 촉촉하고 상쾌하게 마무리 됩니다.",Cleansing,Lip Eye Remover
닥터벨머 아미노클리어 립앤아이 메이크업 리무버 150ml,9400,제조일로부터 36개월/ 개봉 후 12개월,"사용 전 이층상의 내용물이 잘 섞이도록 흔들어 준 후, 화장솜에 내용물을 충분히 적셔 눈가와 입가를 부드럽게 닦아줍니다.",Cleansing,Lip Eye Remover
[NEW] 스킨푸드 밀크 쉐이크 포인트 메이크업 리무버 160ml,10000,제조일로부터 36개월,"위층의 에멀전과 아래층의 워터베이스의 내용물을 위 아래로 잘 흔들어 준 후, 적당량을 화장솜에 적셔 눈과 입술 주위를 부드럽게 닦아냅니다.",Cleansing,Lip Eye Remover
VDL 퓨어스테인 마스카라 리무버 8g,10800,"개봉전 제조일로부터 24개월, 유통기한 개봉후 12개월","1. 마스카라가 도포된 속눈썹 위에 리무버를 마스카라 바르듯 꼼꼼하고 도톰하게 발라주고  30초~1분 정도 기다려 마스카라액을 녹여줍니다. 2. 화장솜이나 면봉으로 가볍게 닦아내거나, 클렌징 오일 등으로 바로 2차 세안하여 마무리하세요.",Cleansing,Lip Eye Remover
어뮤즈 틴트 원 터치 리무버,12750,개봉전 36개월 / 개봉후 12개월,입술에 묻혀 10-30초 간 브러쉬로 마사지 한 후 티슈나 물로 닦아냅니다.,Cleansing,Lip Eye Remover
[저자극/NEW] 바닐라코 클린잇제로 립&아이리무버 300ml,12480,제조일로부터 36개월/개봉 후 12개월,"1. 오일층과 워터층이 잘 섞이도록 충분히 흔들어 줍니다. 2. 화장솜에 내용물을 충분히 적신 후, 눈과 입술에 올려 지긋이 눌러준 다음 부드럽게 쓸어내듯 닦아냅니다. *눈과 입에 들어가지 않도록 주의해 주세요.",Cleansing,Lip Eye Remover
[단독기획] 폰즈 클리어 스파 립&아이리무버 300ml 기획 (+틴케이스+화장솜20매),12500,제조일로부터 912일,"분리된 층이 잘 섞이도록 위 아래로 잘 흔든 후, 적당량을 화장솜에 적셔서 눈과 입술 주위를 부드럽고 가볍게 누르듯이 닦아 내십시오",Cleansing,Lip Eye Remover
[리뉴얼] 키스미 아이 스피디 제로 립앤아이 리무버 패드 30매입,3600,"제조일로부터 24개월. 개봉 후 6개월,","1. 눈가 또는 입술에 얹어 메이크업을 녹여준 뒤 부드럽게 닦아냅니다. 2. 클렌징 후 미온수로 깨끗하게 씻어줍니다. <주의 사항> 1. 물에 녹지 않으므로 변기에 넣지 마세요. 2. 세면대, 가구, 기타 물건 등을 닦지 마세요. 3. 속눈썹 연장 후 가급적 사용하지 마세요. 4. 사용 후에는 덮개를 잘 붙여 보관하세요.을 녹여준 뒤 부드럽게 닦아줍니다. Step3. 클렌징 후 미온수로 깨끗하게 씻어줍니다.",Cleansing,Lip Eye Remover
키스미 히로인메이크 립앤아이 메이크업 리무버 110ml,15000,제조일로부터 36개월. 개봉 후 6개월.,1. 뚜껑을 닫은 채로 5회 정도 충분히 흔들어 줍니다. 2. 화장솜에 충분히 묻혀주세요(500원짜리 동전 크기 정도) 3. 눈을 감은 상태에서 10초 이상 지긋이 눌러준 후 부드럽게 닦아내 줍니다.,Cleansing,Lip Eye Remover
비엘렌다 로즈 더블 페이즈 아이 메이크업 리무버 140ml,12000,36개월(6개월),사용 전 충분히 흔들어 준 후 화장솜에 적당량을 덜어 부드럽게 클렌징해 줍니다.,Cleansing,Lip Eye Remover
[신현지Pick] 비페스타 립앤아이 리무버 195ml (저자극),7900,제조일로부터 3년,"수분층과 유분층이 섞이도록 사용 전 잘 흔들어 주십시오. 화장솜에 500원 동전 크기 정도 적셔 가볍게 닦아주십시오. 워터프루프 메이크업은 몇 초간 화장솜을 얹은 후 부드럽게 닦아내십시오. 콘택트렌즈를 사용하시는 경우, 렌즈를 뺀 후 클렌징 하십시오. 립 메이크업에도 사용하실 수 있습니다.",Cleansing,Lip Eye Remover
[여행용]식물나라 제주 탄산수 딥 립 앤 아이 리무버 티슈 20매,2000,"제조일로부터 24개월, 개봉 후 12개월",스티커를 열고 티슈를 뽑아 눈가와 입가에도 10초 정도 올려두어 포인트 메이크업을 녹인 후 부드럽게 닦아냅니다.,Cleansing,Lip Eye Remover
더샘 내추럴 컨디션 탄산 립앤아이 리무버 155ml,6000,제조일로부터 36개월,사용 전 오일층과 수상층이 고르게 섞이도록 충분히 흔들어 줍니다. 화장솜에 적당량을 덜어 포인트 메이크업 부위에 10초~15초 동안 가볍게 눌러 메이크업을 녹여낸 후 쓸어내듯 닦어준 후 미온수로 헹구어 마무리 합니다.,Cleansing,Lip Eye Remover
식물나라 제주 탄산수 딥 립 앤 아이 리무버 300mL(24AD),8000,"■ 제조일로부터 30개월, 개봉 후 12개월","이층상의 내용물이 잘 섞이도록 흔들어 준 후, 화장솜이나 면봉에 내용물을 충분히 덜어 눈가와 입가를 부드럽게 닦아냅니다.",Cleansing,Lip Eye Remover
식물나라 제주 탄산수 딥 립 앤 아이 리무버 150mL(24AD),8900,"■ 제조일로부터 30개월, 개봉 후 12개월","이층상의 내용물이 잘 섞이도록 흔들어 준 후, 화장솜이나 면봉에 내용물을 충분히 덜어 눈가와 입가를 부드럽게 닦아냅니다.",Cleansing,Lip Eye Remover
[증정기획] 폰즈 클리어 스파 립&아이리무버 300ml+50ml 기획,24500,개봉 후 30개월,1. 분리된 층이 잘 섞이도록 위아래로 잘 흔듭니다. 2. 적당량을 화장솜에 적셔 눈과 입술 주위를 부드럽고 가볍게 누르듯 닦아 냅니다.,Cleansing,Lip Eye Remover
[4년연속1위] 마녀공장 퓨어 클렌징 오일 300ml 기획 (+25mlx2),19500,"제조일로부터 912일, 개봉 후 1년",적당량을 덜어 마른 얼굴 전체에 펴 발라 부드럽게 마사지한 후 손에 약간의 물을 묻혀 30초 정도 다시 마사지 (오일이 우윳빛으로 변하는 유화 과정) 하여 미온수로 깨끗이 헹구어 냅니다.,Cleansing,Oil Night
[폴딩백 증정] 바닐라코 클린잇제로 클렌징밤 100ml 기획 3종 택1 (+스누피 미니거울 증정),14800,제조일로부터 36개월/개봉 후 12개월,"1.깨끗이 씻은 손에 물기를 제거한 뒤 스패출러로 적당량을 덜어냅니다. 2.손바닥 혹은 손가락 열로 적당히 녹여준 뒤 양 볼, 이마, 턱, 코에 콕콕 찍어줍니다. 3.부드럽게 마사지 하며 메이크업을 녹여낸 뒤 약간의 물을 더해가며 유화 과정을 거칩니다. 4.미온수로 깨끗이 헹구어 냅니다.",Cleansing,Oil Night
[윈터포카증정][피지클렌징] 마몽드 어메이징 딥 민트 클렌징밤 90ml 기획 (+폼 30ml),15500,제조후 36개월 / 개봉후 12개월,① 물기가 없는 손에 내용물을 적당히 덜어 마른 얼굴에 부드럽게 마사지해 메이크업을 녹여내줍니다. ② 물을 더해가며 유화 과정을 거쳐 모공을 집중적으로 클렌징해주고 미온수로 깨끗이 씻어냅니다.,Cleansing,Oil Night
[말끔모공/피지순삭] 아누아 어성초 클렌징 듀오 기획 (오일 200ml+폼 150ml),25500,제조 후 30개월 (개봉 후 12개월),물기 없는 손에 오일을 적당량 덜어 얼굴 전체를 마사지하듯이 부드럽게 롤링 한 후 미온수로 여러 번 씻어냅니다.,Cleansing,Oil Night
[헬로키티 콜라보] 일소 슈퍼 멜팅 세범 클렌징오일 200ML 기획 (+헬로키티 에어 클렌징 브러쉬),18100,제조일로부터 36개월,클렌징 오일 : 적당량을 손에 덜어 마른 얼굴 전체에 펴 발라 부드럽게 마사지 한 후 소량의 물을 묻혀 우윳빛으로 변하도록 마사지(유화)하여 미온수로 깨끗하게 헹구어 냅니다. 에어 클렌징 브러쉬 : 손잡이 헤드 부분의 펌프를 사용해 원하는 강도로 공기 주입 후 부드럽게 세정할 부위를 롤링해 줍니다. 사용 후에는 브러쉬를 물로 씻어 내고 펌프 정중앙을 눌러 공기를 빼주고 손잡이 헤드 부분을 거치대에 걸쳐 보관해 줍니다.,Cleansing,Oil Night
아누아 어성초 포어 컨트롤 클렌징오일 200ml 2입,24900,제조 후 36개월 (개봉 후 12개월),물기 없는 손에 오일을 적당량 덜어 얼굴 전체를 마사지하듯이 부드럽게 롤링 한 후 미온수로 여러 번 씻어냅니다.,Cleansing,Oil Night
[대용량] 아누아 어성초 포어 컨트롤 클렌징오일 350ml,18900,"제조 후 36개월, 개봉 후 12개월",물기 없는 손에 오일을 적당량 덜어 얼굴 전체를 마사지하듯이 부드럽게 롤링 한 후 미온수로 여러 번 씻어냅니다.,Cleansing,Oil Night
[7월신상/더블기획] 한스킨 클렌징오일&블랙헤드 PHA 200ml 더블 기획 (+30ml),24900,36개월,1. 물을 묻히지 않은 손바닥에 적당량을 덜어 마른 얼굴 전체에 오일을 피부결을 따라 펴 발라줍니다. 2. 30초 정도 부드럽게 마사지한 후 손에 약간의 물을 묻혀 한번 더 마사지 해 줍니다. 3. 블랙헤드가 고민인 부위에 집중적으로 마사지 해 줍니다. 4. 미온수로 깨끗하게 세안해 줍니다.,Cleansing,Oil Night
[여행용 미니클밤 추가증정] 에이프릴스킨 캐로틴 클렌징밤 90ml (단품/기획),19900,개봉 전 30개월 | 개봉 후 12개월,1. 내장된 스파출라를 활용해 물기 없는 손으로 적당량을 덜어냅니다. 2. 얼굴에 도포한 후 부드럽게 롤링합니다. 3. 미온수로 씻어냅니다.,Cleansing,Oil Night
[블랙헤드/모공세정] 닥터지 그린딥 포어 클렌징밤 100ml 더블/단품,14000,36개월(개봉 후 12개월),1. 물을 묻히지 않은 손바닥에 적당량을 덜어 맨얼굴 혹은 메이크업 된 얼굴 전체에 피부결을 따라 30초 정도 마사지 해줍니다. 2. 약간의 물을 묻히고 한 번 더 마사지를 해준 후 미온수로 깨끗하게 세안해 줍니다.,Cleansing,Oil Night
"닥터엘시아 그라인딩 클렌징밤 단품/기획 (퓨어, 포어)",19900,제조일로부터 36개월 / 개봉 후 12개월,1. 제품을 시계방향으로 돌려 내용물을 적당히 덜어냅니다. 2. 피부에 부드럽게 마사지하듯 롤링 하여 메이크업을 녹여낸 뒤 약간의 물을 더해가며 유화과정을 거칩니다. 3. 미온수로 깨끗이 헹구어 냅니다.,Cleansing,Oil Night
[블랙헤드쏙/리필기획] 비플레인 녹두 클렌징오일 200ml 기획 (+200ml 리필),25900,제조일로부터 36개월,1. 물기가 없는 상태로 적당량을 펌핑하여 부드럽게 얼굴 전체를 마사지해줍니다. 2. 손에 물을 묻힌 후 30초 정도 마사지를 해줍니다. (오일이 우윳빛으로 변하는 유화 과정) 3. 미온수로 깨끗이 헹궈냅니다.,Cleansing,Oil Night
넘버즈인 1번 말끔 순삭 클렌징오일 300ml 기획 (+2번 클렌징폼 120ml 증정),24500,[클렌징오일] 제조일로부터 36개월 / 개봉 후 12개월 [클렌징폼] 제조일로부터 30개월 / 개봉 후 12개월,세안 시 적당량을 펌핑하여 마른 얼굴 전체에 도포 후 부드럽게 마사지하며 메이크업을 녹여줍니다. 손에 약간의 물을 묻혀 30초 정도 다시 마사지하여 미온수로 깨끗이 헹궈냅니다.,Cleansing,Oil Night
포들 2엑스 프레시밤 밤투폼 130ml,24500,제조일로부터 36개월,물기가 없는 손에 스패츌러를 사용해 적당량을 덜어낸 후 마른 얼굴에 펴 발라 부드럽게 마사지하며 메이크업을 지워주고 약간의 물을 더해 폼으로 마무리 후 깨끗이 씹어냅니다.,Cleansing,Oil Night
스킨1004 마다가스카르 센텔라 라이트 클렌징오일 200ml,21000,제조 후 30개월 (개봉 후 12개월),1. 본 품 적당량을 덜어 얼굴 전체에 펴 바른 뒤 부드럽게 롤링해줍니다. 2. 메이크업 및 노폐물이 충분히 녹아 나오면 물을 조금씩 더해가며 유화시켜줍니다. 3. 오일이 우윳빛이 될 때까지 가볍게 롤링한 뒤 미온수로 깨끗이 세안합니다. *손과 얼굴에 물기가 없는 상태에서 사용하세요.,Cleansing,Oil Night
[블랙헤드OUT/4년연속1위] 마녀공장 퓨어 클렌징오일 200mlX2 더블기획,37000,"제조일로부터 912일, 개봉 후 12개월",적당량을 덜어 마른 얼굴 전체에 펴 발라 부드럽게 마사지한 후 손에 약간의 물을 묻혀 30초 정도 다시 마사지 (오일이 우윳빛으로 변하는 유화 과정) 하여 미온수로 깨끗이 헹구어 냅니다.,Cleansing,Oil Night
메이크프렘 세이프 미 릴리프 모이스처 클렌징오일 리필기획 (210ml+100ml 리필),18900,제조일로부터 30개월(개봉 후 12개월 이내),[1차세안-메이크프렘 약산성 클렌징오일] 1. 마른손에 오일을 충분히 펌핑해줍니다. 2. 노페물 및 메이크업한 얼굴에 오일을 롤링해줍니다. * 피지 & 블랙헤드 세정시 스팀타월을 해주시면 좋습니다* 3. 롤링 후 물로 충분히 유화시켜줍니다. 4. 이차로 세안 또는 깨끗한 물로 헹궈줍니다.,Cleansing,Oil Night
[쫀득 젤밤/99.9% 세정] 토르홉 카모스 블랙 소금 미온스팀 클렌징 젤밤 100g 기획 (+5g*2ea),16740,제조일로부터 36개월,1. 깨끗이 씻은 손에 물기를 제거한 뒤 스패출러로 적당량을 덜어냅니다. 2. 젤밤을 얼굴 전체에 펴발라 은은한 열감을 느끼며 부드럽게 마사지 해주세요. 3. 메이크업을 녹여낸 뒤 손에 약간의 물을 묻혀 유화 과정을 거쳐주세요. 4. 미온수로 깨끗이 헹구어 냅니다.,Cleansing,Oil Night
랑벨 내츄럴 딥 클렌징 오일 200ml 기획 (+클렌저 30ml),19900,제조일로부터 30개월(개봉 후 6개월),"오일을 2~3회 펌핑하여 물기없는 얼굴 전체에(메이크업 상태 그대로) 골고루 바릅니다. 소량의 물을 묻혀 오일을 하얗게 유화시켜 충분히 마사지한 후, 미온수로 깨끗이 씻어냅니다.",Cleansing,Oil Night
[블랙헤드1위] 한스킨 클렌징오일&블랙헤드 3종 300ml 기획 (+30ml),19100,제조일로부터 36개월 (개봉 후 12개월 이내 사용),1. 물을 묻히지 않은 손바닥에 적당량을 덜어 마른 얼굴 전체에 오일을 피부결을 따라 펴 발라줍니다. 2. 30초 정도 부드럽게 마사지한 후 손에 약간의 물을 묻혀 한번 더 마사지 해 줍니다. 3. 블랙헤드가 고민인 부위에 집중적으로 마사지 해 줍니다. 4. 미온수로 깨끗하게 세안해 줍니다.,Cleansing,Oil Night
[피지쏙 메컵싹/화해1위] 에스네이처 아쿠아 라이스 클렌징오일 200ml 기획 (+카밍패드 2매),17010,제조일로부터 36개월,"""물기 없는 손에 적당량 덜어 마른 얼굴에 30초 정도 펴 발라 부드럽게 롤링한 후 소량의 물을 묻혀 부드럽게 마사지하듯 유화하여 클렌징을 하고 미온수로 깨끗이 헹구어 줍니다. TIP! T존,U존, 나비존 등 피지, 블랙헤드가 쌓여 있는 부위를 부드럽게 문질러주면 피지, 블랙헤드가 쏙쏙! """,Cleansing,Oil Night
[라부부이벤트/블랙헤드제거] 바이오던스 콜라겐 클렌징오일 200ml 기획/단품,17500,제조일로부터 36개월,1. 물기가 없는 손에 적당량을 마른 얼굴 전체에 펴 발라 부드럽게 마사지합니다. 2. 손에 약간의 물을 묻히고 한 번 더 마사지 해준 후 미온수로 깨끗하게 세안해 줍니다.,Cleansing,Oil Night
[NEW/여행 필수템] 바닐라코 클린잇제로 오리지널 클렌징밤 트래블 키트 16개입,11900,제조일로부터 36개월/개봉 후 12개월,"1.깨끗이 씻은 손에 물기를 제거한 뒤 스패출러로 적당량을 덜어냅니다. 2.손바닥 혹은 손가락 열로 적당히 녹여준 뒤 양 볼, 이마, 턱, 코에 콕콕 찍어줍니다. 3.부드럽게 마사지 하며 메이크업을 녹여낸 뒤 약간의 물을 더해가며 유화 과정을 거칩니다. 4.미온수로 깨끗이 헹구어 냅니다.",Cleansing,Oil Night
[피지순삭] 아누아 어성초 피지쏙 클렌징오일 200ml,14000,제조 후 36개월 (개봉 후 12개월),물기 없는 손에 오일을 적당량 덜어 얼굴 전체를 마사지하듯이 부드럽게 롤링 한 후 미온수로 여러 번 씻어냅니다.,Cleansing,Oil Night
[한정기획]바이오더마 센시비오 미셀라 클렌징 오일 150ml 2입 기획,44800,제조일로부터 3년 이내의 상품을 순차적으로 발송/ 개봉 후 6개월 사용 권장,"적당량을 덜어 물기가 없는 얼굴 전체에 부드럽게 펴 바른 후 가볍게 마사지합니다. 미온수를 묻혀 유화한 후, 물로 깨끗이 헹구어 줍니다.",Cleansing,Oil Night
[단독기획] 마녀공장 허브 그린 클렌징오일 200ml (+약산성소다폼 20ml*2ea),14730,"[본품] 허브 그린 클렌징 오일 : 제조일로부터 2년, 개봉 후 1년 [증정품] 약산성 소다폼 : 제조일로부터 2년, 개봉 후 1년",적당량을 덜어 마른 얼굴 전체에 펴 발라 부드럽게 마사지한 후 손에 약간의 물을 묻혀 30초 정도 다시 마사지 (오일이 우윳빛으로 변하는 유화 과정) 하여 미온수로 깨끗이 헹구어 냅니다,Cleansing,Oil Night
그레이멜린 카놀라크레이지 클렌징오일 더블 기획,18000,"제품별도표기(개봉 전 36개월,개봉 후 12개월 내 사용)",1.물기 없는 손에 오일을 적당량을 취하여 손바닥으로 제품을 비벼 얼굴 전체를 마사지 하듯이 클렌징 해 줍니다. 2.클렌징 후에 미온수로 씻어 주십시오.,Cleansing,Oil Night
[투명모공] NEW 빌리프 슈퍼 드랍스 비타 딥 클렌징 오일 150ml  1+1 기획,22900,"개봉전 제조일로부터 36개월, 유통기한 개봉후 12개월","1~2회 정도 펌핑하여 손바닥에 내용물을 취한 후 물기 없는 얼굴에 마사지하듯 부드럽게 롤링하며 메이크업을 지웁니다. 특히 블랙헤드가 신경 쓰이는 부위는 꼼꼼히 마사지해 준 뒤, 미온수로 깨끗이 씻어냅니다.",Cleansing,Oil Night
[모공세정] 바닐라코 클린잇제로 포어클래리파잉 클렌징밤 100ml,14800,제조일자정보는 수시로 변경됨으로 기재가 어렵습니다. 바닐라코 고객센터 080-225-6500 으로 문의바랍니다. / 개봉 후 12개월,"1.깨끗이 씻은 손에 물기를 제거한 뒤 스패출러로 적당량을 덜어냅니다. 2.손바닥 혹은 손가락 열로 적당히 녹여준 뒤 양 볼, 이마, 턱, 코에 콕콕 찍어줍니다. 3.부드럽게 마사지 하며 메이크업을 녹여낸 뒤 약간의 물을 더해가며 유화 과정을 거칩니다. 4.미온수로 깨끗이 헹구어 냅니다.",Cleansing,Oil Night
[1등 클렌징밤] 바닐라코 클린잇제로 오리지널 클렌징밤 100ml,14800,제조일로부터 36개월/개봉 후 12개월,"1.깨끗이 씻은 손에 물기를 제거한 뒤 스패출러로 적당량을 덜어냅니다. 2.손바닥 혹은 손가락 열로 적당히 녹여준 뒤 양 볼, 이마, 턱, 코에 콕콕 찍어줍니다. 3.부드럽게 마사지 하며 메이크업을 녹여낸 뒤 약간의 물을 더해가며 유화 과정을 거칩니다. 4.미온수로 깨끗이 헹구어 냅니다.",Cleansing,Oil Night
[대용량] 넘버즈인 1번 말끔 순삭 클렌징 오일 400ml,35000,제조일로부터 36개월 / 개봉 후 12개월 이내 사용,세안 시 적당량을 펌핑하여 마른 얼굴 전체에 도포 후 부드럽게 마사지하며 메이크업을 녹여줍니다. 손에 약간의 물을 묻혀 30초 정도 다시 마사지하여 미온수로 깨끗이 헹궈냅니다.,Cleansing,Oil Night
[온라인 단독기획] 센카 올 클리어 오일 230ml+230ml 더블 기획  (+클렌징오일 20ml),25500,제조일로부터 3년 이내 상품을 발송합니다. (제조일로부터 36개월 이내 사용가능),"손바닥에 적당량(펌프 3~4번 정도)을 덜어 얼굴 전체에 펴 발라줍니다. 블랙헤드, 각질 및 노폐물이 많은 부위를 중심으로 원을 그리듯 부드럽게 마사지한 후 미온수로 충분히 헹구어 냅니다.",Cleansing,Oil Night
[순딩촉촉 우유멜팅] 비플레인 녹두 모공 클렌징 밀크 밤 100ml,16900,"제조일로부터 30개월, 개봉 후 12개월",1. 물기가 없는 상태에서 스패츌러를 이용해 적당량을 덜어내어 얼굴 전체를 마사지해 줍니다. 2. 손에 물을 묻힌 후 30초 정도 마사지를 해줍니다. (우윳빛으로 변하는 유화 과정) 3. 미온수로 깨끗이 헹궈냅니다. TIP! 덮개를 버리지 않고 캡 안쪽에 올려두면 물이 들어가는 것을 방지할 수 있습니다.,Cleansing,Oil Night
[더블기획] 마녀공장 딥 클리어 클렌징밤 132ml X2 기획,24600,"제조일로부터 912일, 개봉 후 1년","1. 깨끗이 씻은 손에 물기를 제거한 뒤 스패출러로 적당량을 덜어냅니다. 2. 손바닥 혹은 손가락 열로 적당히 녹여준 뒤 양 볼, 이마, 턱, 코에 콕콕 찍어줍니다. 3. 부드럽게 마사지 하며 메이크업을 녹여낸 뒤 약간의 물을 더해가며 유화 과정을 거칩니다. 4. 미온수로 깨끗이 헹구어 냅니다.",Cleansing,Oil Night
숌 화이트 비건 클렌징 밤 60ml 더블 기획,19200,36개월 (개봉후 12개월),"클렌징밤을 적당량 손에 덜어, 물기 없는 얼굴에 오일로 변할 때까지 마사지해준 후, 물로 씻어내주세요",Cleansing,Oil Night
[갈아쓰는 맷돌밤] 비플레인 녹두 모공 그라인딩 클렌징밤 100ml,18900,30개월,"1. 용기를 시계 방향으로 돌려 내용물을 적당량 덜어냅니다. 2. 물기가 없는 손으로 얼굴 전체를 마사지해 줍니다. 3. 손에 물을 묻힌 후 30초 정도 마사지를 해줍니다. (우윳빛으로 변화는 유화 과정) 4. 미온수로 깨끗하게 헹궈냅니다.""",Cleansing,Oil Night
[말끔순삭/블랙헤드/화해1위] 에스네이처 아쿠아 라이스 클렌징오일 200ml,17010,제조일로부터 3년,1. 물기 없는 손에 적당량을 덜어 마른 얼굴에 30초 정도 펴 발라 롤링해줍니다. 2.소량의 물을 묻혀 부드럽게 마사지하듯 충분히 유회시켜줍니다. 3. 미온수로 깨끗이 헹구어줍니다.,Cleansing,Oil Night
[대용량/온라인단독] 한스킨 클렌징오일&블랙헤드 PHA 400ml,21500,36개월,물을 묻히지 않은 손바닥에 적당량을 덜어 마른 얼굴 전체에 오일을 피부 결 따라 펴발라줍니다. 30초 정도 부드럽게 마사지한 후 손에 약간의 물을 묻혀 유화시켜준 다음 미온수로 개끗하게 세안해줍니다.,Cleansing,Oil Night
[NEW] 바를 차콜 멜팅 클렌징밤 100g,28000,제조일로부터 30개월,1. 용기 하단을 반시계 방향으로 돌려 원하는 만큼 클렌징밤을 그라인딩합니다. 2. 마른 얼굴에 적당량을 덜어 1–2분간 부드럽게 롤링하며 클렌징합니다. 3. 메이크업 및 노폐물이 녹아나면 소량의 물로 유화시켜 마사지합니다. 4. 유화가 완료되면 미온수로 깨끗이 헹구어 마무리합니다.,Cleansing,Oil Night
[+100ml 추가증정] 설화수 순행 클렌징오일 200ml,39950,"제조일로부터 36개월, 개봉 후 12개월",물기 없는 손에 오일을 적당량 덜어 얼굴 전체를 마사지하듯이 부드럽게 롤링 한 후 미온수로 씻어냅니다.,Cleansing,Oil Night
[탄산깎아밤] 닥터엘시아 포어 리프레쉬 그라인딩 클렌징밤 (트래블키트 기획/단품),19900,제조일로부터 36개월,1. 제품을 시계방향으로 돌려 내용물을 적당히 덜어냅니다. 2. 피부에 부드럽게 마사지하듯 롤링 하여 메이크업을 녹여낸 뒤 약간의 물을 더해가며 유화과정을 거칩니다. 3. 미온수로 깨끗이 헹구어 냅니다.,Cleansing,Oil Night
[NEW/여행 필수템] 바닐라코 클린잇제로 포어클래리파잉 클렌징밤 트래블 키트 16개입,11900,제조일로부터 36개월/개봉 후 12개월,"1.깨끗이 씻은 손에 물기를 제거한 뒤 제품을 덜어냅니. 2.손바닥 혹은 손가락 열로 적당히 녹여준 뒤 양 볼, 이마, 턱, 코에 콕콕 찍어줍니다. 3.부드럽게 마사지 하며 메이크업을 녹여낸 뒤 약간의 물을 더해가며 유화 과정을 거칩니다. 4.미온수로 깨끗이 헹구어 냅니다.",Cleansing,Oil Night
[폼30ml증정/블랙헤드제거]비건이펙트 청보리 LHA 딥클렌징 오일 205ml,24900,제조일로부터 3년,"물기가 없는 손바닥에 적당량을 펌핑하여 얼굴 전체에 마사지하듯 부드럽게 메이크업과 노폐물을 녹여준 뒤, 약간의 물을 묻혀 한 번 더 마사지한 후 미온수로 깨끗하게 헹궈주세요.",Cleansing,Oil Night
[촉촉보습 클렌징] 바닐라코 클린잇제로 세라마이드 클렌징 밤 100ml,18000,개봉 전 36개월 /개봉 후 12개월,1. 깨끗이 손을 씻은 후 물기가 없는 손에 스패출러를 사용해 적당량을 덜어냅니다. 2. 마른 얼굴에 펴 발라 부드럽게 마사지하며 메이크업을 녹여내 줍니다. 3. 약간의 물을 더해가며 유화 과정을 거친 뒤 미온수로 깨끗이 씻어냅니다.,Cleansing,Oil Night
바비브라운 수딩 클렌징 오일 200ml,94000,제조일로부터 36개월,"제품을 손에 덜어 얼굴 전체에 마사지 후, 소량의 물을 묻혀 메이크업이 잘 녹아나도록 오일이 우유빛이 될 때까지 다시 마사지합니다. 미지근한 물로 가볍게 헹구어 냅니다.",Cleansing,Oil Night
바이오더마 센시비오 미셀라 클렌징 오일 150ml,32000,제조일로부터 3년 이내의 상품을 순차적으로 발송/ 개봉 후 6개월 사용 권장,"적당량을 덜어 물기가 없는 얼굴 전체에 부드럽게 펴 바른 후 가볍게 마사지합니다. 미온수를 묻혀 유화한 후, 물로 깨끗이 헹구어 줍니다.",Cleansing,Oil Night
[리뉴얼] 디오디너리 스쿠알란 클렌저 150ml,31900,개봉 후 6개월(제조연월 별도표기),"제품을 손에 짜낸 뒤, 손바닥을 비벼 따뜻하게 하면 제품이 녹아 오일로 변합니다. 물기 없는 얼굴에 마사지하듯 문지르고 따듯한 물로 세안하세요.",Cleansing,Oil Night
아비브 포어 클렌징오일 어성초 오일 워시 200ml,18200,"제조일로부터 30개월, 개봉 후 12개월","1. 적당량을 펌핑하여 마른 얼굴 전체를 부드럽게 롤링해주세요 2. 소량의 물을 묻혀 오일이 우윳빛으로 변하도록 마사지 한 후 미온수로 깨끗하게 헹궈주세요. *코, 미간, 턱 부분을 꼼꼼하게 롤링해주세요.",Cleansing,Oil Night
메이크프렘 세이프 미 릴리프 모이스처 클렌징오일 210ml 기획 (+폼 50ml),18000,제조일로부터 30개월(개봉 후 12개월 이내),[1차세안-메이크프렘 약산성 클렌징오일] 1. 마른손에 오일을 충분히 펌핑해줍니다. 2. 노페물 및 메이크업한 얼굴에 오일을 롤링해줍니다. * 피지 & 블랙헤드 세정시 스팀타월을 해주시면 좋습니다* 3. 롤링 후 물로 충분히 유화시켜줍니다. 4. 이차로 세안 또는 깨끗한 물로 헹궈줍니다. [2차세안-메이크프렘 약산성 클렌징폼] 적당량을 덜어 거품을 충분히 낸 후 얼굴 전체를 부드럽게 마사지하고 미온수로 깨끗이 헹구어 냅니다.,Cleansing,Oil Night
[피부결] 넘버즈인 3번 녹차숯 모공말끔 클렌징팩밤 85g,17300,제조일로부터 30개월 / 개봉 후 12개월,"물기가 없는 얼굴에 고르게 펴 발라줍니다. 블랙헤드, 모공 고민이 있는 부위를 중심으로 손가락을 둥글리며 꼼꼼히 마사지해 줍니다. 마무리 단게에서 메이크업을 진하게 한 부위를 가볍게 마사지한 후, 약간의 물로 유화시켜 줍니다. 미온수로 깨끗이 씻어내 줍니다.",Cleansing,Oil Night
[2초 클렌징] 온더바디 클렌징 오일 200ml 2종 택1 (2초 딥클렌징 / 20초 반전 클렌징),7900,"■ 제조일로부터 3년 이내의 상품을 순차적으로 발송, 유통기한 개봉후 12개월","■ 1.물기가 없는 손에 2~3회 펌핑하여 마른 얼굴 전체에 도포 후, 피부결을 따라 부드럽게 마사지하여 메이크업과 노폐물을 지워냅니다. 2.미지근한 물로 충분히 헹구어 줍니다.",Cleansing,Oil Night
[단독기획] 라씨엘르 곡물 클렌징오일 200ml 기획 (+파우더워시 10g),16800,제조일로부터 36개월,"적당량을 덜어 마른 얼굴 전체에 바르고 부드럽게 마사지 해줍니다. 손에 약간의 물을 묻혀 오일이 유화 되도록 롤링한다음 미온수로 깨끗이 헹구어 줍니다. TIP! 오일에 라씨엘르 파우더워시를 섞어 사용하면, 데일리 저자극 각질케어가 가능합니다.",Cleansing,Oil Night
[블랙헤드제거] 비플레인 녹두 클렌징 오일 200ml 기획 (+50ml),24000,제조일로부터 30개월,1. 물기가 없는 상태로 적당량을 펌핑하여 부드럽게 얼굴 전체를 마사지해줍니다. 2. 손에 물을 묻힌 후 30초 정도 마사지를 해줍니다. (오일이 우윳빛으로 변하는 유화 과정) 3. 미온수로 깨끗이 헹궈냅니다.,Cleansing,Oil Night
[촉촉말끔] 라운드랩 1025 독도 클렌징 오일 200ml 기획 (+클렌저 40ml),23000,"제조일로부터 36개월, 개봉 후 12개월","① 내용물을 적당량 덜어 물기가 없는 얼굴에 도포합니다. ② 메이크업, 노폐물이 녹을 수 있도록 얼굴 전체를 마사지하듯 롤링해줍니다. ③ 소량의 물을 묻혀 우윳빛으로 변하도록 마사지 후 미온수로 씻어냅니다.",Cleansing,Oil Night
[대용량/블랙헤드] 닥터지 그린딥 클렌징 오일 310ml,22500,24개월,1. 물을 묻히지 않은 손바닥에 적당량을 덜어 맨얼굴 혹은 메이크업 된 얼굴 전체에 피부 결을 따라 30초 정도 마사지해 줍니다. 2. 약간의 물을 묻히고 한 번 더 마사지를 해준 후 미온수로 깨끗하게 세안해 줍니다.,Cleansing,Oil Night
[블랙헤드 제거] 메디큐브 제로 모공 블랙헤드 딥 클렌징오일 205ml,14000,"개봉전 24개월, 개봉후 12개월 / 본 제품은 입고일 별 사용기한이 상이하므로, 필요시 문의주시면 상담원이 확인해드리겠습니다.",1.마른손에 오일을 2-3회 펌핑해줍니다. 2.얼굴 전체에 오일을 바른 후 부드럽게 롤링해줍니다. 3.손에 물을 살짝 묻혀 하얗게 유화시킨 후 한 번 더 롤링해줍니다. 4.미온수로 깨끗이 헹구어 줍니다.,Cleansing,Oil Night
[신현지Pick] 비페스타 클렌징오일 딥클리어 230ml (초미세먼지 제거),9410,제조일로부터 4년,적당량 (2회 펌핑 정도)을 메이크업 한 얼굴에 문질러 메이크업이 지워지면 충분히 행궈주세요. 손이나 얼굴이 너무 젖어있는 경우에는 가볍게 물기를 털어낸 후 사용해 주십시오.,Cleansing,Oil Night
[핑거모공브러시증정] 한율 쑥시카 쑥머드팩 클렌징밤 100g 기획 (+15g),19900,개봉후12개월 개봉전36개월,"1. 물기가 없는 손에 내용물을 적당량 덜어 마른 얼굴에 도포한 후, 메이크업을 한 부위와 피지, 블랙헤드, 각질 등의 고민 부위에 부드럽게 멜팅시켜 롤링해주세요. 2. 물을 더해 유화시켜 준 뒤, 미온수로 깨끗하게헹궈냅니다. *흡착력이 좋고 밀착 멜팅되는 '머드팩+클렌징밤' 으로, 굳을때까지 기다리지 않고 간편하게 팩+딥클렌징이 가능한 제형입니다. *집중 케어가 필요할때는 내용물을 도톰하게 도포한 뒤 1분 정도 올려둔 후 세안해주세요. """,Cleansing,Oil Night
[리뉴얼] 한율 어린쑥 진정 맑은 클렌징오일 200ml 기획 (+흡착팩폼 15ml),19900,"개봉후12개월, 개봉전36개월","물기가 없는 상태에서 적당량을 얼굴에 가볍게 롤링한 다음, 물을 묻혀 유화시켜 준 뒤 미온수로 깨끗하게 헹궈냅니다.",Cleansing,Oil Night
BRTC 안티폴루션 앤 블랙헤드 클렌징오일 300ml 기획 (+ 폼 20ml 증정),19320,제조일로부터 36개월,1. 물을 묻히지 않은 손바닥에 적당량을 덜어 물기 없는 얼굴 전체에 펴 발라줍니다. 2. 30초 정도 부드럽게 마사지한 후 약간의 물을 묻혀오일이 우윳빛으로 변할 때까지 한번 더 마사지합니다. 3. 미온수로 깨끗하게 세안해 줍니다.,Cleansing,Oil Night
식물나라 어린녹차 짜서쓰는 클렌징밤 100ml,8800,"■제조일로부터 30개월, 개봉 후 12개월",물기가 없는 손에 내용물을 적당량 덜어 마른 얼굴 전체를 마사지 해줍니다. 부드럽게 마사지하며 메이크업을 녹여낸 뒤 약간의 물을 더해 다시 롤링해줍니다. 미온수로 깨끗이 헹구어 냅니다.,Cleansing,Oil Night
[블랙헤드순삭] 마미케어 바다포도 클렌징오일 200ml,18900,제조일로부터 36개월 (개봉 후 12개월),"물기가 없는 상태로 클렌징 오일 적당량을 얼굴에 가볍게 롤링한 다음, 물을 묻혀 마사지 후 미온수로 깨끗하게 헹궈냅니다.",Cleansing,Oil Night
[단독기획] 비플레인 녹두 모공 클렌징 밀크밤 100ml 기획 (+3ml*4개),18500,"제조일로부터 30개월, 개봉 후 12개월",1. 물기가 없는 상태에서 스패츌러를 이용해 적당량을 덜어내어 얼굴 전체를 마사지해 줍니다. 2. 손에 물을 묻힌 후 30초 정도 마사지를 해줍니다. (우윳빛으로 변하는 유화 과정) 3. 미온수로 깨끗이 헹궈냅니다. TIP! 덮개를 버리지 않고 캡 안쪽에 올려두면 물이 들어가는 것을 방지할 수 있습니다.,Cleansing,Oil Night
[단독기획] 일소 슈퍼 멜팅 세범 클렌징오일 200ml 기획 (+듀얼클린브러쉬),18100,제조일로부터 36개월,적당량을 손에 덜어 마른 얼굴 전체에 펴 발라 부드럽게 마사지 한 후 소량의 물을 묻혀 우윳빛으로 변하도록 마사지(유화)하여 미온수로 깨끗하게 헹구어 냅니다.,Cleansing,Oil Night
비플레인 녹두 클렌징 오일 200ml,18000,제조일로부터 1095일,1. 물기가 없는 상태에서 적당량을 펌핑하여 부드럽게 얼굴 전체를 마사지해줍니다. 2. 손에 물을 묻힌 후 30초 정도 마사지를 해줍니다. (오일이 우윳빛으로 변하는 유화 과정) 3. 미온수로 깨끗이 씻어냅니다.,Cleansing,Oil Night
메이크프렘 세이프 미 아미노 리프레시 클렌징밤 100ml,18000,제조일로부터 36개월(개봉 후 12개월 이내),1. 물기가 없는 손에 적당량 덜어 마른 얼굴에 부드럽게 마사지 하며 메이크업을 녹여냅니다. 2. 약간의 물을 더해 다시 롤링한 후 미온수로 깨끗이 헹구어 냅니다. *처음 사용 시 입구 부분이 굳어 있어 내용물이 잘 안 나올 수 있습니다. *보관조건(영하 또는 고온의 온도에 장기간 노출 등) 및 사용방법에 따라 오일이 소량 흘러나올 수 있으므로 보관법 확인 후 사용해주세요. *인공색소가 아닌 원료 본연의 색으로 인해 시간이 지남에 따라 색 빠짐 현상이 있을 수 있습니다.,Cleansing,Oil Night
마녀공장 허브 그린 클렌징 오일 55ml,4900,"제조일로부터 2년, 개봉 후 1년",적당량을 펌핑하여 마른 얼굴 전체에 펴발라 부드럽게 마사지한 후 손에 약간의 물을 묻혀 30초 정도 다시 마사지(오일이 우윳빛으로 변하는 유화과정)하여 미온수로 깨끗이 헹궈냅니다,Cleansing,Oil Night
비욘드 피토가닉 클렌징 리퀴드 200ml,17400,"개봉전 제조일로부터 36개월, 유통기한 개봉후 12개월","젖은 손에 2~3회 정도 펌핑한 후 양볼, 이마에 덜어 피부결을 따라 가볍게 마사지한 다음 깨끗이 헹구어 냅니다.",Cleansing,Oil Night
[모공세정] 바닐라코 클린잇제로 포어클래리파잉 클렌징밤 25ml,4500,개봉 후 12개월,"1.깨끗이 씻은 손에 물기를 제거한 뒤 스패출러로 적당량을 덜어냅니다. 2.손바닥 혹은 손가락 열로 적당히 녹여준 뒤 양 볼, 이마, 턱, 코에 콕콕 찍어줍니다. 3.부드럽게 마사지 하며 메이크업을 녹여낸 뒤 약간의 물을 더해가며 유화 과정을 거칩니다. 4.미온수로 깨끗이 헹구어 냅니다.",Cleansing,Oil Night
[NEW] 식물나라 제주 탄산수 딥 모공 클렌징오일 200ml,9600,"■제조일로부터 30개월, 개봉 후 12개월","기초 손질 마지막 단계에서 자외선에 노출되기 쉬운 부위에 가볍게 발라주고, 휴대하면서 수시로 덧발라 줍니다.",Cleansing,Oil Night
[NEW런칭/클렌징폼증정] 비디비치 클리어 딥 클렌징오일 3종 택1,30200,제조일로부터 36개월,"내용물을 적당량 펌핑하여 물기가 없는 얼굴 전체에 롤링하듯 펴발라 메이크업과 노폐물을 부드럽게 녹여낸 후에, 마사지하면서 미온수로 깨끗이 씻어 내세요.",Cleansing,Oil Night
[윈터포카증정][대용량/피지클렌징] 마몽드 어메이징 딥 민트 클렌징 밤 180ml,29000,제조후 36개월 / 개봉후 12개월,① 물기가 없는 손에 내용물을 적당히 덜어 마른 얼굴에 부드럽게 마사지해 메이크업을 녹여내줍니다. ② 물을 더해가며 유화 과정을 거쳐 모공을 집중적으로 클렌징해주고 미온수로 깨끗이 씻어냅니다.,Cleansing,Oil Night
폰즈 클리어 스파 피부 청정 클렌징 오일 200ml,13200,제조일로부터 30개월,"물기가 없는 손에 펌핑 2~3회 분을 덜어 얼굴에 부드럽게 마사지하듯 문지릅니다. 약간의 물을 추가하면 부드러운 밀크로 변하고, 마사지를 마친 후 미온수로 충분하게 헹구어 냅니다.",Cleansing,Oil Night
메이크프렘 세이프 미 릴리프 모이스처 클렌징오일 리필팩 100ml,8000,제조일로부터 30개월(개봉 후 12개월 이내),[1차세안-메이크프렘 약산성 클렌징오일] 1. 마른손에 오일을 충분히 펌핑해줍니다. 2. 노페물 및 메이크업한 얼굴에 오일을 롤링해줍니다. * 피지 & 블랙헤드 세정시 스팀타월을 해주시면 좋습니다* 3. 롤링 후 물로 충분히 유화시켜줍니다. 4. 이차로 세안 또는 깨끗한 물로 헹궈줍니다.,Cleansing,Oil Night
브링그린 티트리시카딥클렌징오일 200mL,12600,"■ 제조일로부터 30개월, 개봉 후 12개월","■ 물기 없는 손에 적당량을 덜어 눈가, 입가를 제외한 마른 얼굴 전체에 부드럽게 롤링하듯 마사지하여 메이크업을 녹여줍니다. 약간의 물을 묻혀 유화과정을 거치며 다시 마사지한 후 미온수로 깨끗이 씻어냅니다.",Cleansing,Oil Night
[피지모공/블랙헤드] 셀리맥스 더마네이처 프레시 블랙헤드 호호바 클렌징 오일 150ml,11900,제조일로부터 3년,1. 마른 손에 오일을 3~5회 펌핑하여 얼굴 전체에 롤링해주세요.(1분 이내) 2. 물을 살짝 묻혀 하얗게 유화시키고 한 번 더 롤링한 뒤 물로 헹구어 줍니다.,Cleansing,Oil Night
[NEW/광채클렌징] 라네즈 퍼펙트리뉴 너리싱 오일 투 폼 클렌저 200ml,23200,"제조일로부터 36개월, 개봉 후 12개월 이내 사용","1. 메이크업 리무버로 사용할 경우: 손에 2펌프 덜어, 물기 없는 얼굴 전체를 부드럽게 롤링하여 메이크업을 녹여줍니다. 물을 묻혀 거품을 생성하고 깨끗한 물로 헹궈서 마무리해 줍니다. 2. 클렌저로 사용할 경우: 손에 적당량을 덜어, 물을 묻혀 얼굴 전체를 롤링해 거품을 생성합니다. 깨끗한 물로 헹궈서 세안하여 줍니다.",Cleansing,Oil Night
[1등 클렌징밤] 바닐라코 클린잇제로 오리지널 클렌징밤 25ml,4500,제조일로부터 36개월/개봉 후 12개월,물기가 없는 손에 스패출러를 사용해 적당량을 덜어낸 후 마른 얼굴에 펴 발라 부드럽게 마사지하며 메이크업을 지워주고 약간의 물을 더해 유화시킨 후 미온수로 깨끗이 씻어냅니다.,Cleansing,Oil Night
[모공세정/쏙싹밤] 유이크 바이옴 베리어 콜라겐 퍼밍 클렌징밤 100ml,21500,제조일로부터 30개월 (개봉 후 12개월) 이내,1.물기 없는 손에 스파출러를 사용하여 적당량을 덜어 부드럽게 마사지하여 메이크업과 노폐물을 녹여줍니다. 2.약간의 물을 더해가며 유화 과정을 거친 뒤 미온수로 깨끗이 씻어냅니다.,Cleansing,Oil Night
[에이티즈 PICK] 비알머드 딥 멜팅 머드 포어 클렌징오일 200ml,20800,"제조일로부터 36개월, 개봉 후 12개월",적당량을 덜어 물기가 없는 얼굴에 도포하여 피부결을 따라 부드럽게 마사지한 후 손에 물을 묻혀 오일이 우유빛으로 변할 때까지 충분히 롤링한 다음 미온수로 깨끗이 헹구어 줍니다. *보령머드 파우더가 함유되어 미세한 침전물이 생길 수 있으나 품질에는 이상이 없으므로 사용 전 가볍게 흔들어 주세요.,Cleansing,Oil Night
식물나라 클렌징오일 200ml [어린녹차/뽀얀쌀],9600,■제조일로부터 30개월,"적당량 펌핑하여 물기가 없는 얼굴에 부드럽게 롤링 해줍니다. 약간의 물을 묻혀 유화 시킨 후, 미온수로 깨끗하게 헹구어 마무리 합니다.",Cleansing,Oil Night
[블랙헤드 당근밤] 에이프릴스킨 캐로틴 아이피엠피 멜팅 클렌징밤 90ml,19900,개봉일로부터 360일 (12개월),"내장되어있는 스파출러를 이용하여, 물기가 없는 손과 얼굴에 적당량을 덜어 부드럽게 마사지하듯 클렌징 한 후 미온수로 씻어냅니다. 고정력이 높은 아이 메이크업의 경우, 메이크업이 녹는 시간을 충분히 주기 위해 눈가에 1-2분 올려둔 뒤 마사지 하는 것을 추천드립니다.",Cleansing,Oil Night
온더바디 라이스테라피 쌀겨클렌징오일 200ml,8900,제조일로부터 36개월,얼굴과 손에 물기가 없는 상태에서 2~3회 정도 펌핑하여 얼굴 피부결을 따라 원을 그리듯 부드럽게 마사지합니다. 미온수를 손에 살짝 묻혀 오일이 우윳빛으로 변할 때까지 30초 정도 마사지 합니다. 미온수로 부드럽게 씻어냅니다.,Cleansing,Oil Night
[패치기획/3종단품] 한스킨 클렌징오일&블랙헤드 PHA 300ml 기획 (+블랙헤드 패치),19100,36개월,"[한스킨 클렌징 오일 앤 블랙헤드 [300 ml (본품)] 1. 물을 묻히지 않은 손바닥에 적당량을 덜어 마른 얼굴 전체에 피부 결을 따라 펴발라줍니다. 2. 30초 정도 부드럽게 마사지한 후 손에 약간의 물을 묻혀 한번 더 마사지해줍니다. 3. 미온수로 깨끗하게 세안해 줍니다. *개봉 시, 용기 펌프에 체결된 스토퍼 제거 후 사용해주세요. [한스킨 클렌징 앤 블랙헤드 클리어 패치 / 15ml (추가증정)] 1. 세안 후 물기를 제거한 뒤 블랙헤드와 피지가 고민인 부위에 패치를 붙여줍니다. 2. 10~15분후 패치를 떼어내고 불어나온 블랙헤드와 피지를 면봉이나 엠보면을 활용해 부드럽게 닦아내어 마무리해줍니다 (필요에 따라 미온수로 가볍게 세안하여 마무리해 줍니다)",Cleansing,Oil Night
[깎아밤] 닥터엘시아 퓨어 그라인딩 클렌징밤 (트래블키트 기획/단품),19900,제조일로부터 36개월 / 개봉 후 12개월,1. 제품을 시계방향으로 돌려 내용물을 적당히 덜어냅니다. 2. 피부에 부드럽게 마사지하듯 롤링 하여 메이크업을 녹여낸 뒤 약간의 물을 더해가며 유화과정을 거칩니다. 3. 미온수로 깨끗이 헹구어 냅니다.,Cleansing,Oil Night
센카 올 클리어 오일 230ml,18900,제조일로부터 3년 이내 상품을 발송합니다. (제조일로부터 36개월 이내 사용가능),"손바닥에 적당량(펌프 3~4번 정도)을 덜어 얼굴 전체에 펴 발라줍니다. 블랙헤드, 각질 및 노폐물이 많은 부위를 중심으로 원을 그리듯 부드럽게 마사지한 후 미온수로 충분히 헹구어 냅니다.",Cleansing,Oil Night
일소 네추럴 마일드 클렌징 오일 200ml 기획(+30ml 증정),18900,제조일로부터 3년,적당량을 손에 덜어 마른 얼굴 전체에 펴 발라 부드럽게 마사지 한 후 소량의 물을 묻혀 우윳빛으로 변하도록마사지(유화)하여 미온수로 깨끗하게 헹구어 냅니다. <오일 스케일링 세안법> 1. 팩 브러쉬를 사용해 클렌징 오일을 피부에 꼼꼼히 펴발라 10-15초간 방치해 메이크업을 녹여냅니다. ※ 피부에 닿는 순간부터 메이크업이 녹는게 보여요! 2. 세안 브러쉬를 사용해 부드럽게 롤링해줍니다. 고민 부위를 집중적으로 롤링해 노폐물 & 블랙헤드 딥클렌징 해보세요. 3. 미온수를 소량 묻혀 약 30초간 꼼꼼히 유화한 후 미온수로 15회 이상 충분히 헹구어냅니다. <블랙헤드 순삭 세안법> 1. 블랙헤드 고민 부위에 오일을 꼼꼼하게 발라줍니다. 2. 오일을 바른 후 약 1분간 고민 부위를 롤링해주거나 세안브러쉬를 사용해 고민 부위를 5-10회 부드럽게 문질러 줍니다. 3. 미온수를 묻혀 약 30초-1분간 꼼꼼하게 유화합니다. 4. 미온수로 15회 이상 충분히 헹구어냅니다. 5. 가볍게 2차 세안으로 마무리해줍니다.,Cleansing,Oil Night
[리뷰이벤트]아리얼 애플사이다 클렌징오일 기획(200ml+100ml),18400,제조일로부터 3년 (개봉 후 1년),"1. 마른 손에 적당량을 펌핑하여 오일을 덜어냅니다. 2. 얼굴에 부드럽게 마사지 하듯 문질러 메이크업, 피지, 각질을 충분히 녹여줍니다. 3. 그 후 미온수를 손에 조금 덜어 오일이 유화될 수 있도록 충분한 마사지를 해줍니다. 4. 마사지 후 미온수로 얼굴 전체를 깨끗이 헹구어 줍니다.",Cleansing,Oil Night
하트퍼센트 콤마스 온 라이프 에센셜 클렌징 밤,18000,"개봉 전 36개월, 개봉 후 12개월",샤베트밤을 적당량 짜서 얼굴 전체에 마사지 하듯 녹여줍니다. 부드럽게 롤링하여 입술과 눈가 등 메이크업이 진한 부위에 꼼꼼하게 오일 클렌징 해줍니다. 물기를 조금 묻혀 유화시켜주며 잔여물을 꼼꼼하게 제거한 후 미온수로 깨끗이 헹구어 줍니다.,Cleansing,Oil Night
메이크프렘 세이프 미 아미노 리프레시 클렌징밤 100ml 기획 2종 택1,24000,제조일로부터 36개월(개봉 후 12개월 이내),1. 물기가 없는 손에 적당량 덜어 마른 얼굴에 부드럽게 마사지 하며 메이크업을 녹여냅니다. 2. 약간의 물을 더해 다시 롤링한 후 미온수로 깨끗이 헹구어 냅니다. *처음 사용 시 입구 부분이 굳어 있어 내용물이 잘 안 나올 수 있습니다. *보관조건(영하 또는 고온의 온도에 장기간 노출 등) 및 사용방법에 따라 오일이 소량 흘러나올 수 있으므로 보관법 확인 후 사용해주세요. *인공색소가 아닌 원료 본연의 색으로 인해 시간이 지남에 따라 색 빠짐 현상이 있을 수 있습니다.,Cleansing,Oil Night
[비타민 클렌징] 바닐라코 클린잇제로 클렌징밤 브라이트닝 100ml,17800,제조일로부터 36개월/개봉후 12개월,"1.깨끗이 씻은 손에 물기를 제거한 뒤 스패출러로 적당량을 덜어냅니다. 2.손바닥 혹은 손가락 열로 적당히 녹여준 뒤 양 볼, 이마, 턱, 코에 콕콕 찍어줍니다. 3.부드럽게 마사지 하며 메이크업을 녹여낸 뒤 약간의 물을 더해가며 유화 과정을 거칩니다. 4.미온수로 깨끗이 헹구어 냅니다.",Cleansing,Oil Night
휘게 소프트리셋 그린 클렌징 밤 100ml,17200,제조일로부터 36개월 / 개봉 후 12개월,"스파출라로 클렌징 밤을 적당량 덜어, 물기 없는 얼굴에 부드럽게 마사지하듯 메이크업을 녹여 줍니다. 물을 조금 묻혀 한번 더 롤링해준 후, 미온수로 깨끗이 헹구어 줍니다.",Cleansing,Oil Night
마루는강쥐 콜라보X아크네스 포하 딥 클렌징오일 200ml 기획 (+마루파우치 2종 랜덤),17000,제조일로부터 36개월,"적당량을 덜어 물기가 없는 얼굴에 도포하여 피부결을 따라 부드럽게 마사지한 후, 손에 물을 살짝 묻혀 우윳빛으로 변할 때까지 롤링한 다음에 미온수로 깨끗이 헹구어줍니다.",Cleansing,Oil Night
[산뜻 모공] 뉴트로지나 딥클린 클렌징 오일 200ml 기획 (+아크네폼40g),16900,3년,"오일 : 더욱 효과적인 사용을 위해 건조한 상태의 얼굴에 사용합니다. 펌프를 이용해 오일을 손바닥에 덜어 맨 얼굴에 바른 후 부드럽게 원을 그리며 마사지합니다. 물을 추가하면 부드러운 밀크로 변합니다. 마지막으로 미지근한 물로 헹구어냅니다. 폼: 아침 저녁 세안시, 적당량을 손에 덜어 충분히 거품을 내서 얼굴에 마사지하듯 문지른 후 물로 씻어냅니다.",Cleansing,Oil Night
[악건성 클렌징] 바닐라코 클린잇제로 인리칭 버터 클렌징밤 100ml,16800,제조일로부터 36개월/개봉 후 12개월,"1.깨끗이 씻은 손에 물기를 제거한 뒤 스패출러로 적당량을 덜어냅니다. 2.손바닥 혹은 손가락 열로 적당히 녹여준 뒤 양 볼, 이마, 턱, 코에 콕콕 찍어줍니다. 3.부드럽게 마사지 하며 메이크업을 녹여낸 뒤 약간의 물을 더해가며 유화 과정을 거칩니다. 4.미온수로 깨끗이 헹구어 냅니다.",Cleansing,Oil Night
메이크프렘 세이프 미 오일 투 폼 클렌저 기획 (200ml+50ml),16200,제조일로부터 36개월/개봉 후 12개월 이내,"물기가 없는 손에 오일 적당량을 덜어, 부드럽게 롤링하며 메이크업을 녹여냅니다. 손에 물을 묻혀 거품을 내어 마사지한 후에 미지근한 물로 헹구어줍니다.",Cleansing,Oil Night
[올영단독] 헤이미쉬 올클린밤 120ml 기획 (+휴대용 20ml 증정),16200,"제조일로부터 36개월, 개봉후 12개월",내장되어 있는 스파츌라를 이용하여 적당량을 덜어 물기 없는 손으로 부드럽게 마사지하듯이 클렌징 한 후 미온스로 씻어냅니다.,Cleansing,Oil Night
[블랙헤드제거] 야다 그린 티 퓨어 클렌징 밤 100ml,15900,제조일로부터 36개월 / 본 출고상품마다 제조연월일이 상이,1. 물기가 없는 손과 얼굴에 적당량을 덜어줍니다. 2. 피부 열감으로 오일로 변할때까지 가볍게 롤링합니다. 3. 물로 씻어 내거나 티슈로 닦아 냅니다.,Cleansing,Oil Night
[블랙헤드 제거기 증정] 맥스클리닉 포어리스 딥 클렌징 오일 200ml,15900,36개월,클렌징 오일을 2~3회 펌핑하여 물기 없는 얼굴에 부드럽게 롤링해줍니다. 약간의 물을 묻혀 오일이 우윳빛으로 변할 때까지 부드럽게 마사지하듯 문질러 메이크업을 녹여주고 물로 씻어냅니다.,Cleansing,Oil Night
[블랙헤드순삭] 성분에디터 그린토마토 모공 클렌징 오일 200ml,15680,제조일로부터36개월(개봉후12개월),물기 없는 얼굴에 적당량을 덜어 고루 펴 발라 부드럽게 마사지한 후 손에 약간의 물을 묻혀 30초 정도 다시 마사지 (오일이 우윳빛으로 변하는 유화 과정) 하여 미온수로 깨끗이 헹구어 냅니다.,Cleansing,Oil Night
[NEW] 구달 어성초 히알루론 수딩 모공 클렌징오일,15000,개봉전 : 24개월 / 개봉후 : 12개월,1. 물기 없는 손에 오일을 충분히 덜어 마른 얼굴 전체에 골고루 문지릅니다. 2. 얼굴에 소량의 물을 묻혀 롤링하며 유화 과정을 거친 후 미온수로 여러 번 씻어 냅니다.,Cleansing,Oil Night
구달 청귤 비타C 토닝 클렌징밤 110ml,14900,제조일로부터 3년/ 개봉 후 1년,"물기가 없는 손에 내용물을 적당히 덜어 마른 얼굴에 부드럽게 마사지해 메이크업을 녹여준 뒤, 미온수로 깨끗이 씻어냅니다.",Cleansing,Oil Night
[스누피 콜라보] 바닐라코 클린잇제로 카밍 클렌징밤 100ml 기획 (+샐리브라운 미니거울 증정),14800,제조일로부터 36개월/개봉 후 12개월,"1.깨끗이 씻은 손에 물기를 제거한 뒤 스패출러로 적당량을 덜어냅니다. 2.손바닥 혹은 손가락 열로 적당히 녹여준 뒤 양 볼, 이마, 턱, 코에 콕콕 찍어줍니다. 3.부드럽게 마사지 하며 메이크업을 녹여낸 뒤 약간의 물을 더해가며 유화 과정을 거칩니다. 4.미온수로 깨끗이 헹구어 냅니다.",Cleansing,Oil Night
심플로그 올 클렌징밤 90ml,14500,제조일로부터 24개월,손등이나 손바닥에 적당량을 덜어 녹인 후 얼굴에 마사지하고 미온수로 부드 럽게 씻어냅니다. 피부 타입에 따라 폼클렌저를 추가로 사용하실 수 있습니다.,Cleansing,Oil Night
[블랙헤드/깐달걀오일] 파넬 아하 오미자 도자기 클렌징오일 200ml,13910,"개봉 전 30개월, 개봉 후 12개월",1. 손에 오일을 적당량 덜어 마른 얼굴 전체에 마사지하듯이 부드럽게 롤링 해줍니다. 2. 손에 약간의 물을 묻혀 오일이 우윳빛으로 유화될 때까지 롤링해 줍니다. 3. 미온수로 깨끗이 헹구어 줍니다.,Cleansing,Oil Night
[모공&블랙헤드/노란티스] 티스 딥 오프 클렌징오일 320ml,13900,제조일로부터 3년 이내 상품을 발송합니다. (유통기한 제조일로부터 36개월 이내 사용가능),1.손과 얼굴이 마른상태에서 사용하세요 2.손바닥에 펌프 4회 분량을 덜어 얼굴전체에 바릅니다. 3.각질과 모공 속 더러움이 신경 쓰이는 부분을 중심으로 손끝으로 선을 그리듯 아주 부드럽게 마사지 합니다. 4.그 후 물로 충분히 세안합니다.,Cleansing,Oil Night
[NEW] 에이트루 퓨어 밸런싱 클렌징 오일 150ml 기획,13500,* 제조일로부터 36개월 / * 개봉 후 12개월 사용권장,- 물기 없는 손에 클렌징 오일을 적당량을 덜어 얼굴 전체를 마사지하듯이 부드럽게 롤링 후 미온수로 여러번 충분히 씻어냅니다.,Cleansing,Oil Night
바이오힐 보 프로바이오덤 콜라겐 리모델링 딥 클렌징 밤 100ml,13000,제조일로부터 36개월,"1. 물기 없는 손에 본품 적당량을 덜어 마른 얼굴에 도포 후 부드럽게 롤링하여 마사지해 메이크업을 녹여내줍니다. 2. 약간의 물과 함께 유화과정을 거쳐 모공을 집중적으로 클렌징 해주고, 미온수로 깨끗이 헹구어 줍니다.",Cleansing,Oil Night
[산뜻 모공] 뉴트로지나 딥 클린 클렌징 오일 200ml,21900,주문일로부터 3년 이내 제조된 상품이 발송 됩니다. /사용기한: 제조일(또는 개봉일)로부터 3년 이내,더욱 효과적인 사용을 위해 건조한 상태의 얼굴에 사용합니다. 펌프를 이용해 오일을 손바닥에 덜어 맨 얼굴에 바른 후 부드럽게 원을 그리며 마사지합니다. 물을 추가하면 부드러운 밀크로 변합니다. 마지막으로 미지근한 물로 헹구어냅니다.,Cleansing,Oil Night
[산뜻딥클렌징/파란티스] 티스 퍼펙트 오프 오일230ml,17000,제조일로부터 3년 이내 상품을 발송합니다.,●손바닥에 펌프 4회 분량을 덜어 얼굴 전체에 원을 그리듯 부드럽게 마사지 합니다.●그 후 물로 충분히 세안합니다.●손과 얼굴에 물기가 너무 많을 때에는 물기를 살짝 털어낸 후 사용해 주세요.,Cleansing,Oil Night
마녀공장 퓨어 클렌징 오일 200ml,19900,"제조일로부터 2년, 개봉 후 1년",적당량을 펌핑하여 마른 얼굴 전체에 펴발라 부드럽게 마사지한 후 손에 약간의 물을 묻혀 30초 정도 다시 마사지(오일이 우윳빛으로 변하는 유화과정)하여 미온수로 깨끗이 헹궈냅니다,Cleansing,Oil Night
마녀공장 허브 그린 클렌징오일 200ml,14730,"제조일로부터 2년, 개봉 후 1년",적당량을 펌핑하여 마른 얼굴 전체에 펴발라 부드럽게 마사지한 후 손에 약간의 물을 묻혀 30초 정도 다시 마사지(오일이 우윳빛으로 변하는 유화과정)하여 미온수로 깨끗이 헹궈냅니다,Cleansing,Oil Night
셀비엔 촉촉보습 딥클렌징 오일 250ml,18000,"제조일로부터 24개월, 제조일로부터 6개월이내 사용 권장",물기가 없는 손에 2~3회 펌핑 후 얼굴 전체에 부드럽게 마사지해 줍니다. 미온수를 더해가며 클렌징 오일이 우유빛으로 변할 때까지 마사지 한 후 깨끗하게 헹구어 줍니다.,Cleansing,Oil Night
[신현지Pick] 비페스타 클렌징오일 브라이트닝 230ml (각질&블랙헤드 제거),16000,제조일로부터 4년,1. 적당량(2회 펌프 정도)을 메이크업 한 얼굴에 문질러 메이크업이 지워주면 충분히 행궈주세요. 2. 손이나 얼굴이 너무 젖어있는 경우에는 가볍게 물기를 털어낸 후 사용해 주십시오.,Cleansing,Oil Night
그레이멜린 카놀라 크레이지 클렌징오일 500ml,18000,"제품별도표기(개봉 전 36개월,개봉 후 12개월 내 사용)",1.물기 없는 손에 오일을 적당량을 취하여 손바닥으로 제품을 비벼 얼굴 전체를 마사지 하듯이 클렌징 해 줍니다. 2.클렌징 후에 미온수로 씻어 주십시오,Cleansing,Oil Night
[증량] 에이트루 퓨어 밸런싱 클렌징 오일 300ml,21500,* 제조일로부터 36개월 / * 개봉 후 12개월 사용권장,- 물기 없는 손에 클렌징 오일을 적당량을 덜어 얼굴 전체를 마사지하듯이 부드럽게 롤링 후 미온수로 여러번 충분히 씻어냅니다.,Cleansing,Oil Night
[오원 PICK/저자극 클렌징 오일]눅스 베리로즈 미셀라 클렌징 오일 150ml,26100,제조일로부터 2년 이내의 상품 발송/개봉후 6개월,"적당량의 오일을 손바닥에 덜어 물기가 없는 얼굴 전체에 펴 발라줍니다. 미온수를 손에 살짝 묻혀 오일이 우윳빛으로 변할 때까지 마사지 한 후, 깨끗이 헹궈줍니다. Tip: 밤사이 쌓인 각질과 피지로 모공이 막힌 아침에도 부담없이 산뜻한 오일의 유화과정을 통해 노폐물은 말끔히 씻어내고 장미 오일로 피부에 보습과 생기를 부여해주세요.",Cleansing,Oil Night
[네오젠] 더마로지 캐롯 딥클리어 리무버 오일 패드 60매 (단품/슈야토야 에디션),13900,"개봉 전 36개월, 개봉 후 12개월",패드 1매를 꺼내어 오일이 눈에 들어가지 않도록 유의하며 포인트 메이크업을 부드럽게 닦아냅니다. 패드를 반대로 뒤집어 피부결 방향으로 베이스 메이크업을 마저 닦아냅니다. 클렌징 후 미지근한 물 또는 폼으로 깨끗하게 씻어내 줍니다.,Cleansing,Oil Night
[산뜻 모공] 뉴트로지나 딥클린 클렌징 오일 2입 기획 (200ml+200ml),39900,3년,더욱 효과적인 사용을 위해 건조한 상태의 얼굴에 사용합니다. 펌프를 이용해 오일을 손바닥에 덜어 맨 얼굴에 바른 후 부드럽게 원을 그리며 마사지합니다. 물을 추가하면 부드러운 밀크로 변합니다. 마지막으로 미지근한 물로 헹구어냅니다.,Cleansing,Oil Night
헤이미쉬 올클린밤 120ml,16200,개봉후 12개월,내장되어 있는 스파츌라를 이용하여 적당량을 덜어 물기 없는 손으로 부드럽게 마사지하듯이 클렌징 한 후 미온수로 씻어냅니다.,Cleansing,Oil Night
그레이멜린 그린라이트 클렌징 오일 400ml,16200,"개봉전 36개월 , 개봉후 12개월",1.물기 없는 손에 오일을 적당량을 취하여 손바닥으로 제품을 비벼 얼굴 전체를 마사지 하듯이 클렌징 해 줍니다. 2.클렌징 후에 미온수로 씻어 주십시오,Cleansing,Oil Night
클레어스 젠틀 블랙 딥 클렌징 오일 150ml (퍼프 증정),17000,개봉후 1년내사용 권장,물을 묻히지 않은 손바닥에 적당량을 덜어 피부를 부드럽게 롤링하듯 마사지하여 클렌징한 뒤 미온수로 충분히 헹궈내어 마무리 합니다. 클렌징 퍼프를 이용하여 롤링해주시면 이중세안 없이도 깔끔하고 산뜻한 세안을 마무리 할 수 있습니다.,Cleansing,Oil Night
유리피부 그란떼 클렌징 오일 (본품 300ml+30ml 추가 증정),14900,"개봉 전 2년, 개봉 후 12개월",물기없는 얼굴에 3~4회 펌핑하여 얼굴 전체에 마사지 한 듯 메이크업을 지우고 유화 과정을 거쳐 미온수로 씻어줍니다.,Cleansing,Oil Night
[짜밤/피지흡착] 메디필 레드 락토 콜라겐 클렌징 밤 100ml,16800,36개월(12개월),1. 적당량을 덜어 마른 얼굴에 부드럽게 마사지하듯 롤링해 줍니다. 2. 손에 약간의 물을 묻혀 다시 롤링해 줍니다. 3. 미온수로 충분히 헹구어 냅니다.,Cleansing,Oil Night
[산뜻 모공] 뉴트로지나 클렌징오일 200ml 2종 택1 (1입/2입),21900,주문일로부터 3년 이내 제조된 상품이 발송 됩니다. /사용기한: 제조일(또는 개봉일)로부터 3년 이내,더욱 효과적인 사용을 위해 건조한 상태의 얼굴에 사용합니다. 펌프를 이용해 오일을 손바닥에 덜어 맨 얼굴에 바른 후 부드럽게 원을 그리며 마사지합니다. 물을 추가하면 부드러운 밀크로 변합니다. 마지막으로 미지근한 물로 헹구어냅니다.,Cleansing,Oil Night
숌 소프트 비건 클렌징밤 60ml 더블 기획,24000,36개월 (개봉후 12개월),"클렌징밤을 적당량 손에 덜어, 물기 없는 얼굴에 오일로 변할 때까지 마사지해준 후, 물로 씻어내주세요",Cleansing,Oil Night
코스알엑스 퓨어핏 시카 클리어 클렌징 오일 200ml,18400,상품 발송일 기준으로 사용기한이 15개월 이상 남아있는 제품부터 순차적으로 판매 (유통 기한 30개월 / 개봉 후 12개월 이내 사용 권장),1. 물기가 없는 손에 펌프를 3-4번 눌러 적당량을 마른 얼굴 전체에 펴 발라 부드럽게 마사지합니다. 2. 손에 약간의 물을 묻혀 30초 정도 다시 한번 마사지합니다. 3. 미온수로 깨끗하게 헹구어 냅니다.,Cleansing,Oil Night
에센허브 소이빈90 딥클렌징오일 유칼립투스 300ml,23000,제조일로 부터 3년 (개봉후 1년),1~2회 정도 펌핑하여 오일을 부드럽게 펴발라 줍니다. 2.손에 약간의 물을 뭍혀 오일을 유유빛이 될 때까지 가볍게 마사지 하여 미온수로 깨끗이 세안합니다,Cleansing,Oil Night
헤이미쉬 올클린밤 만다린 120ml,16200,제조일로부터 36개월 / 개봉후 12개월,내장되어 있는 스파츌라를 이용하여 적당량 덜어 물기 없는 손으로 부드럽게 마사지하듯 메이크업을 녹여낸 뒤 미온수로 깨끗하게 클렌징해 줍니다.,Cleansing,Oil Night
클레어스 젠틀 블랙 프레쉬 클렌징 오일 150ml,17000,제조일로부터 2년 개봉 후 1년 내 사용,물을 묻히지 않은 손바닥에 적당량을 덜어 피부를 부드럽게 롤링하듯 마사지하여 클렌징한 뒤 미온수로 충분히 헹궈내어 마무리 합니다. 클렌징 퍼프를 이용하여 롤링해주시면 이중세안 없이도 깔끔하고 산뜻한 세안을 마무리 할 수 있습니다.,Cleansing,Oil Night
하다라보 고쿠쥰 클렌징오일 200ml*2 기획,27500,2025년 4월까지 사용,"손바닥에 적당량을 취해, 얼굴전체에 바르고 마사지하듯 문질러준 후, 미온수로 세안해주세요.",Cleansing,Oil Night
[디렉터파이 MADE] 더파이 선플라워 클렌징 오일 200ml,20400,제조일로부터 24개월 / 개봉 후 6개월,물을 묻히지 않은 상태의 피부에 클렌징 오일을 적당량 덜어 부드럽게 마사지한 후 소량의 물로 약 30초 동안 유화 시키고 따뜻한 물로 헹궈줍니다. 블랙 헤드 제거 시 : 해당 부위를 같은 방법으로 한번 더 해주시면 효과가 좋습니다 .,Cleansing,Oil Night
시드물 살구씨 코 블랙헤드클렌징오일 150ml,19800,"사용기한 24개월, 개봉 후 6개월 이내 사용",적당량을 마른 손에 덜어 고민 부위에 마사지하듯 부드럽게 롤링한 뒤 약간의 물을 묻혀 오일이 우유빛이 되도록 유화시킨 후 눈가를 피해 깨끗한 물로 충분히 씻어내주세요.,Cleansing,Oil Night
BRTC 안티폴루션 앤 풀메이크업 클렌징오일 300ml 기획 (+ 폼 20ml 증정),21000,36개월 (12개월),1. 물을 묻히지 않은 손바닥에 적당량을 덜어 물기 없는 얼굴 전체에 펴 발라줍니다. 2. 30초 정도 부드럽게 마사지한 후 약간의 물을 묻혀오일이 우윳빛으로 변할 때까지 한번 더 마사지합니다. 3. 미온수로 깨끗하게 세안해 줍니다.,Cleansing,Oil Night
원데이즈유 피지쓱싹 딥 클렌징 오일 200ml,15700,제조일로부터 24개월 (개봉 후 6개월),물기 없는 손에 오일을 적당량 덜어 얼굴 전체를 부드럽게 마사지 한 후 손에 물을 묻혀 30초 정도 롤링하여 미온수로 여러 번 씻어냅니다.,Cleansing,Oil Night
투비건 컬러푸드시리즈 화이트 홀썸 클렌징밤 120ml,17600,36개월(개봉 후 12개월),"""1. 스패츌러로 적당량을 덜어낸 후 물기가 없는 얼굴 전체에 마사지하듯 부드럽게 롤링해주세요. 2. 피부에 가볍게 롤링하며 메이크업을 녹여낸 뒤 약간의 물을 더해 유화과정을 거쳐주세요. 3. 미온수로 깨끗이 헹구어 냅니다.""",Cleansing,Oil Night
크리니크 테이크 더 데이 오프 차콜 클렌징 밤 30ml,10000,제조일로부터 36개월,"- 사용 전, 제품이나 손에 물이 닿지 않도록 합니다. - 제품을 500원짜리 동전만한 크기로 손바닥에 덜어냅니다. - 손가락 끝으로 마른 얼굴에 가볍게 마사지 합니다. - 따뜻한 물을 살짝 추가하여 마사지하면서 메이크업을 완벽히 지워냅니다. - 미지근한 물로 잘 씻어내고 살짝 두드리면서 물기를 말립니다. - 클렌징 이후, 3-스텝 스킨 케어 시스템을 사용하세요.",Cleansing,Oil Night
버블리 퓨어 오일 클렌징 밤 100ml,11500,"""1.제조일로부터30개월 2.개봉후12개월""","""1.스패출러를이용하여물기없는얼굴에적당량을덜어내어롤링합니다. 2.약간의물을묻혀유화과정을거칩니다. 3.미온수로깨끗하게헹구어냅니다.""",Cleansing,Oil Night
코스노리 마이크로 액티브 비건 클렌징 오일 200ml,21000,제조 후 36개월 (개봉 후 12개월),물기 없는 손에 적당량을 덜어 마른 얼굴 전체에 펴발라 부드럽게 마사지하여 메이크업을 녹여준 뒤 약간의 물을 묻혀 오일이 우윳빛으로 변하도록 30초간 다시 마사지한 후 미온수로 깨끗이 헹궈줍니다.,Cleansing,Oil Night
일소 네추럴 마일드 클렌징 오일 200ml,18900,제조일로부터 3년,적당량을 손에 덜어 마른 얼굴 전체에 펴 발라 부드럽게 마사지 한 후 소량의 물을 묻혀 우윳빛으로 변하도록마사지(유화)하여 미온수로 깨끗하게 헹구어 냅니다. <블랙헤드 순삭 세안법> 1. 블랙헤드 고민 부위에 오일을 꼼꼼하게 발라줍니다. 2. 오일을 바른 후 약 1분간 고민 부위를 롤링해주거나 세안브러쉬를 사용해 고민 부위를 5-10회 부드럽게 문질러 줍니다. 3. 미온수를 묻혀 약 30초-1분간 꼼꼼하게 유화합니다. 4. 미온수로 15회 이상 충분히 헹구어냅니다. 5. 가볍게 2차 세안으로 마무리해줍니다.,Cleansing,Oil Night
비레디 원 샷 오일 폼 클렌저 200ml (온),15900,"개봉전 36개월, 개봉후 12개월 이내 사용",1. 캡 아래의 스톱퍼를 제거해줍니다. 2. 물기가 있는 손에 1~2회 펌핑 해줍니다. 3. 손에서 거품을 낸 후 얼굴을 부드럽게 롤링해줍니다. 4. 미온수로 충분히 헹궈줍니다.,Cleansing,Oil Night
아이레시피 세라마이드 유자 힐링 클렌징밤 120g 기획 (+10g),19000,제조일로부터 3년,세안시 적당량을 덜어내어 얼굴 전체에 부드럽게 마사지하며 오일로 변한 제형을 롤링시켜 메이크업과 노폐물을 충분히 녹여준 후 헹구어 줍니다.,Cleansing,Oil Night
[NEW/매끈결] 스킨푸드 파인애플 바하 필링 클렌징오일 200ml,13300,제조연월 : 발송일로부터 1년이내 제조 / 사용기한 : 제조일로부터 36개월,손과 얼굴에 물기가 없는 상태에서 3~4회 정도 펌핑하여 부드럽게 마사지합니다. 약간의 물을 묻혀 부드러운 우윳빛이 될 때까지 마사지한 후 미온수로 깨끗이 헹궈 줍니다.,Cleansing,Oil Night
[모공케어] 주미소 포어 클리어링 클렌징오일 200ml,15600,제조 후 36 개월 개봉 후 12개월,본 품 적당량을 덜어 얼굴 전체에 펴 바른 뒤 부드럽게 롤링해 줍니다. 메이크업 및 노폐물이 충분히 녹아 나오면 물을 조금씩 더해가며 우윳빛이 될 때까지 롤링한 다음 미온수로 깨끗이 세안합니다. * 손과 얼굴에 물기가 없는 상태에서 사용하세요.,Cleansing,Oil Night
[3중모공케어/당김제로] 리얼베리어 익스트림 딥클렌징 블루 오일 200ml,17490,"개봉 전 제조일로부터 36개월간, 개봉 후에는 12개월 이내",물기 없는 손에 오일을 적당량 덜어 얼굴 전체를 마사지하듯 부드럽게 롤링한 후 미온수로 깨끗이 씻어냅니다. *인공 색소와 향을 사용하지 않아 보관 방법에 따라 색빠짐과 향빠짐 현상이 발생할 수 있습니다.,Cleansing,Oil Night
[블랙헤드사전차단]포인트앤 딥 클린 포어 클렌징오일 200ml,11310,36개월,1. 물기 없는 손에 오일을 적당량 취한 후 얼굴 전체를 부드럽게 롤링합니다. 2. 약간의 물을 묻혀 오일이 우윳빛으로 변하도록 마사지해 줍니다. 3. 미온수로 깨끗이 헹구어 냅니다.,Cleansing,Oil Night
[단독기획] 넘버즈인 5번 글루타치온씨 아로마 마사징 딥클렌저 200ml 기획 (+마사지봉),28000,"제조일로부터 30개월, 개봉 후 12개월 이내 사용",세안 시 적당량을 펌핑하여 마른 얼굴 전체에 도포 후 부드럽게 마사지하며 메이크업을 녹여줍니다. 손에 약간의 물을 묻혀 30초 정도 다시 마사지하여 미온수로 깨끗이 헹궈냅니다. 펌핑 후 손을 포개어 5초간 데워주면 더 포근한 마사징이 가능합니다.,Cleansing,Oil Night
[대용량] 넘버즈인 5번 글루타치온씨 아로마 마사징 딥클렌저 300ml 대용량 기획,24900,"제조일로부터 30개월, 개봉 후 12개월 이내 사용",세안 시 적당량을 펌핑하여 마른 얼굴 전체에 도포 후 부드럽게 마사지하며 메이크업을 녹여줍니다. 손에 약간의 물을 묻혀 30초 정도 다시 마사지하여 미온수로 깨끗이 헹궈냅니다. 펌핑 후 손을 포개어 5초간 데워주면 더 포근한 마사징이 가능합니다.,Cleansing,Oil Night
[블랙화이트헤드세정] 듀이트리 하이 아미노 올 모공 딥 클렌징밤 90g,16800,"제조 후 36개월, 개봉 후 12개월","스패출러를 사용하여 적당량 덜어낸 후, 물기가 없는 얼굴에 부드럽게 마사지하며 메이크업을 녹여낸 뒤 물을 묻혀가며 유화 과정을 거친 후 미온수로 깨끗이 씻어냅니다.",Cleansing,Oil Night
[NEW] 에센허브 티트리 안티세범 딥 클렌징오일 300ml,22000,제조일로부터 36개월,"적당량을 펌핑하여 물기 없는 얼굴 전체에 롤링해 줍니다. 소량의 물을 묻혀 오일을 하얗게 유화시켜 충분히 마사지한 후, 미온수로 깨끗이 씻어냅니다. 1. 물을 묻히지 않은 손바닥에 적당량을 덜어 물기 없는 얼굴 전체에 펴 발라줍니다. 2. 30초 정도 부드럽게 마사지한 후 약간의 물을 묻혀오일이 우윳빛으로 변할 때까지 한번 더 마사지합니다. 3. 미온수로 깨끗하게 세안해 줍니다.",Cleansing,Oil Night
숌 클렌징밤 리페어 100ml,16800,제조일로부터 36개월 / 개봉 후 12개월,클렌징밤을 적당량 손에 덜어 물기 없는 얼굴에 오일로 변할 때 까지 마사지 해준 후 물을 묻혀 유화 과정을 거친 후 씻어내주세요.,Cleansing,Oil Night
[요철/블랙헤드 케어] 메디큐브 슈퍼 시카 딥 클렌징밤 100ml,29400,"개봉전 24개월, 개봉후 12개월 본 제품은 입고일 별 사용기한이 상이하므로, 필요시 문의주시면 상담원이 확인해드리겠습니다.",물기가 없는 손에 적당량을 덜어 메이크업 및 각종 노폐물을 충분히 녹여낸 뒤 약간의 물을 더해가며 마사지한 후 병풀 가루가 남아있지 않도록 충분히 헹구어 줍니다.,Cleansing,Oil Night
[진정팩1매증정] 아이다 글루타치온 밀크 오일 클렌저 150g,29500,36개월(개봉 후 12개월),사용 전 5회정도 흔들어 섞어준 뒤 부드럽게 롤링 후 깨끗하게 헹궈 마무리 해주세요.,Cleansing,Oil Night
[기획] 아크네스 포하 딥 클렌징오일 200ml 기획 (+30ml 증정),20000,제조일로부터 36개월,"적당량을 덜어 물기가 없는 얼굴에 도포하여 피부결을 따라 부드럽게 마사지한 후, 손에 물을 살짝 묻혀 우윳빛으로 변할 때까지 롤링한 다음에 미온수로 깨끗이 헹구어줍니다.",Cleansing,Oil Night
아임프롬 피그 클렌징오일 200ml,22400,제조일로부터 36개월 / 개봉 후 12개월,사용법 1-2회 펌핑하여 물을 묻히지 않은 상태의 피부에 오일이 메이크업을 분해할 수 있도록 약 30초동안 원을 그리며 부드럽게 마사지합니다. 소량의 물을 더해가며 약 30초 동안 유화 시키고 미온수로 충분히 헹궈줍니다.,Cleansing,Oil Night
[딥클렌징] 듀이트리 하이 아미노 올 클렌징오일 200ml,16800,제조일로부터 30개월,"적당량을 덜어 물기가 없는 얼굴에 도포하여 피부 결에 따라 부드럽게 마사지한 후, 손에 물을 살짝 묻혀 우윳빛으로 변할 때까지 롤링한 다음에 미온수로 깨끗이 헹구어줍니다.",Cleansing,Oil Night
[대용량/온라인단독] 한스킨 클렌징오일&블랙헤드 BHA 400ml,35000,36개월,물을 묻히지 않은 손바닥에 적당량을 덜어 마른 얼굴 전체에 오일을 피부 결 따라 펴발라줍니다. 30초 정도 부드럽게 마사지한 후 손에 약간의 물을 묻혀 유화시켜준 다음 미온수로 개끗하게 세안해줍니다.,Cleansing,Oil Night
[최소 성분 클렌징밤]SVR 센시파인 밤데마끼앙 100G,37000,제조일로부터 3년(개봉 후 12개월),건조한 피부에 적당량 덜어 내 마사지한 뒤 물을 묻혀가며 유화 과정을 거친 뒤 미온수로 깨끗이 헹궈 줍니다.,Cleansing,Oil Night
[리뉴얼] 디오디너리 스쿠알란 클렌저 50ml,16000,개봉 후 6개월(제조연월 별도표기),"제품을 손에 짜낸 뒤, 손바닥을 비벼 따뜻하게 하면 제품이 녹아 오일로 변합니다. 물기 없는 얼굴에 마사지하듯 문지르고 따듯한 물로 세안하세요.",Cleansing,Oil Night
[48만유튜버PICK] 한스킨 딥 클렌징 오일 밤&블랙헤드 100ml,20000,36개월,1) 적당량을 덜어 물기 없는 얼굴에서 부드럽게 문지릅니다. 2) 충분히 마사지한 뒤 손에 약간의 물을 묻혀 유화과정을 거치면서 한 번 더 마사지해 줍니다. 3) 미온수로 깨끗하게 헹궈줍니다.,Cleansing,Oil Night
[NEW] 토리든 다이브인 저분자 히알루론산 클렌징오일 200ml,22000,별도표기 / 30개월 (개봉 후 12개월),1. 물기가 없는 손에 적당량을 덜어 마른 얼굴 전체를 부드럽게 롤링해 줍니다. 2. 손에 약간의 물을 묻혀 오일이 우윳빛으로 유화될 때까지 가볍게 마사지해 줍니다. 3. 미온수로 깨끗이 씻어줍니다.,Cleansing,Oil Night
딘시 프리미엄 비건 눈연꽃 히알루론산 수분 클렌징오일 200ml,14000,개봉후 12개월,물기 없는 손에 오일을 적당량 덜어 얼굴 전체를 마사지하듯이 부드럽게 롤링한 후 미온수로 여러 번 씻어냅니다.,Cleansing,Oil Night
바이유어 클린 리셋 멜티 클렌징밤 120g,18000,제조일로부터 3년,마른 얼굴에 적당량을 토출하여 얼굴에 올린 뒤 부드럽게 롤링하며 3분정도 마사지 해 줍니다. 이후 미온수를 조금씩 묻혀 유화를 시켜준 뒤 물로 씻어내 줍니다.,Cleansing,Oil Night
아이레시피x리틀트윈스타 세라마이드 유자 힐링 클렌징밤 135ml 기획 (+10ml+헤어핀),26000,"제조일로부터 910일, 개봉 후 12개월",세안시 적당량을 덜어내어 얼굴 전체에 부드럽게 마사지하며 오일로 변한 제형을 롤링시켜 메이크업과 노폐물을 충분히 녹여준 후 헹구어 줍니다.,Cleansing,Oil Night
[아이돌클렌징밤/대용량] 아로셀 슈퍼 콜라겐 멜팅 클렌징밤 100g,27000,제조일로부터 36개월,"용기 하단부를 시계 반대 방향으로 회전시켜 적당량을 토출 시킨 후, 물기 없는 손에 덜어 얼굴에 부드럽게 마사지하듯이 클렌징해 줍니다. 마무리는 미온수로 깨끗이 씻어내주세요.",Cleansing,Oil Night
[솔로지옥 김아린PICK] 아이레시피x리틀트윈스타 세라마이드 유자 바이오 클렌징오일 200ml 기획,26000,"제조일로부터 910일, 개봉 후 12개월",1) 물기 없는 손에 오일을 적당량 덜어 얼굴 전체를 마사지하며 메이크업과 노폐물을 녹여줍니다. 2) 약간의 물을 묻혀 유화 과정을 거친 후 미온수로 깨끗하게 헹구어 냅니다.,Cleansing,Oil Night
가히 클렌징밤 50ml 4종 택1,21000,제조일로부터 30개월 / 개봉 후 12개월,"용기 상단을 화살표 방향으로 돌려 적당량을 취해 마른 얼굴에 펴 바른 뒤 부드럽게 마사지하여 메이크업을 지워줍니다. 이후 약간의 물을 더해 다시 마사지한 후, 미온수로 깨끗이 헹구어 줍니다.",Cleansing,Oil Night
가히 히트 딥 아보카도 클렌징오일 200ml,21750,제조일로부터 36개월 / 개봉 후 12개월,물기 없는 손에 오일을 적당량 덜어 얼굴 전체를 마사지하듯 부드럽게 롤링 한 후 미온수로 여러 번 씻어냅니다.,Cleansing,Oil Night
[5중 모공개선] 일리윤 젠틀 딥 클렌징오일 250ml,24000,"제조일로부터 36개월, 개봉 후 24개월 이내 사용",적당량을 덜어 마른 얼굴 전체에 펴 발라 부드럽게 마사지한 후 손에 약간의 물을 묻혀 30초 정도 다시 마사지 (오일이 우윳빛으로 변하는 유화 과정) 하여 미온수로 깨끗이 헹구어 냅니다.,Cleansing,Oil Night
[깎아쓰는클밤] 차앤박 프로폴리스 딥세린 클렌징밤 50ml,22400,제조일로부터 36개월/ 개봉 후 12개월,"용기를 시계 방향으로 돌려 적당량을 토출시킨 후 얼굴에 부드럽게 마사지하듯이 메이크업을 녹여냅니다. 손에 약간의 물을 더해가며 제형이 우윳빛으로 변하도록 롤링해주고, 미온수로 깨끗이 헹구어 냅니다.",Cleansing,Oil Night
[+200ml 선착순 증정] 설화수 순행클렌징오일 400ml,63750,"제조일로부터 36개월, 개봉 후 12개월",물기 없는 손에 오일을 적당량 덜어 얼굴 전체를 마사지하듯이 부드럽게 롤링 한 후 미온수로 씻어냅니다.,Cleansing,Oil Night
딘시 프리미엄 비건 마이크로바이옴 라이스 딥 클렌징오일 200ml,16800,"개봉 전 36개월, 개봉 후 12개월",물기 없는 손에 오일을 적당량 덜어 얼굴 전체를 마사지하듯이 부드럽게 롤링한 후 미온수로 여러 번 씻어냅니다.,Cleansing,Oil Night
[NEW / 모공 스케일링] 라곰 셀럽 마이크로 포어 클렌징 오일 200ml,22000,제조일로부터 36개월,"1. 물기가 없는 손에 적당량을 펌핑하여 얼굴 전체에 부드럽게 펴 바른 후 롤링해줍니다. 2. 소량의 물을 묻힌 후, 오일이 우윳빛으로 변할 때까지 30초간 마사지하며 유화시켜줍니다. 3. 미온수로 충분히 헹구어 깨끗하게 마무리해줍니다.",Cleansing,Oil Night
맥스클리닉 히알루론 비타 클렌징 밤 투 오일 90ml,14400,36개월,클렌징 밤을 적당량 덜어 물기 없는 얼굴에 오일로 변할 때까지 부드럽게 마사지하듯 문질러 메이크업을 녹여주고 물로 씻어냅니다.,Cleansing,Oil Night
[총640ml대용량기획/노란티스] 티스 딥오프 오일 320mL 더블기획,38000,제조일로부터 3년 이내 상품을 발송합니다. (유통기한 제조일로부터 36개월 이내 사용가능),1.손과 얼굴이 마른상태에서 사용하세요 2.손바닥에 펌프 4회 분량을 덜어 얼굴전체에 바릅니다. 3.각질과 모공 속 더러움이 신경 쓰이는 부분을 중심으로 손끝으로 선을 그리듯 아주 부드럽게 마사지 합니다. 4.그 후 물로 충분히 세안합니다.,Cleansing,Oil Night
[모공싹쓰리/15ml 추가증정] 메디필 레드 락토 콜라겐 클렌징 오일 2.0 200ml 기획,16800,36개월(12개월),적당량을 펌핑하여 물기 없는 얼굴에 부드럽게 마사지한 후 손에 약간의 물을 묻혀 30초 정도 다시 마사지(오일이 우윳빛으로 변하는 유화과정)한 뒤 미온수로 깨끗이 헹궈냅니다.,Cleansing,Oil Night
바비 브라운 수딩 클렌징 오일 200ml,94000,제조일로부터 36개월,"제품을 손에 덜어 얼굴 전체에 마사지 후, 소량의 물을 묻혀 메이크업이 잘 녹아나도록 오일이 우유빛이 될 때까지 다시 마사지합니다. 미지근한 물로 가볍게 헹구어 냅니다.",Cleansing,Oil Night
[블랙헤드OUT/온라인단독 대용량] 마녀공장 퓨어 클렌징오일 400ml 대용량기획 (+55ml),29010,"제조일로부터 2년 6개월, 개봉 후 1년",적당량을 덜어 마른 얼굴 전체에 펴 발라 부드럽게 마사지한 후 손에 약간의 물을 묻혀 30초 정도 다시 마사지 (오일이 우윳빛으로 변하는 유화 과정) 하여 미온수로 깨끗이 헹구어 냅니다.,Cleansing,Oil Night
아비브 포어 클렌징 오일 어성초 오일 워시 200ml,18200,"제조일로부터 30개월, 개봉 후 12개월","1. 적당량을 펌핑하여 마른 얼굴 전체를 부드럽게 롤링해주세요. 2. 소량의 물을 묻혀 오일이 우윳빛으로 변하도록 마사지 한 후 미온수로 깨끗하게 헹궈주세요. *코, 미간, 턱 부분을 꼼꼼하게 롤링해주세요.",Cleansing,Oil Night
크리니크 테이크 더 데이 오프 차콜 클렌징밤 125ml,49000,제조일로부터 36개월,"- 사용 전, 제품이나 손에 물이 닿지 않도록 합니다. - 제품을 500원짜리 동전만한 크기로 손바닥에 덜어냅니다. - 손가락 끝으로 마른 얼굴에 가볍게 마사지 합니다. - 따뜻한 물을 살짝 추가하여 마사지하면서 메이크업을 완벽히 지워냅니다. - 미지근한 물로 잘 씻어내고 살짝 두드리면서 물기를 말립니다. - 클렌징 이후, 3-스텝 스킨 케어 시스템을 사용하세요.",Cleansing,Oil Night
[NEW] 스킨푸드 블랙슈가 퍼펙트 클렌징오일 200ml,13300,제조일로부터 36개월,"3~4회 펌핑하여 물기가 없는 얼굴에 부드럽게 마사지 합니다. 특히, 각질과 블랙헤드 등으로 요철이 있는 부위를 중심으로 손 끝으로 원을 그리듯 부드럽게 마사지 합니다. 약간의 물을 묻혀 부드러운 우윳빛이 될 때까지 마사지 한 후 미온수로 깨끗이 헹궈 줍니다.",Cleansing,Oil Night
[모공전용딥클렌징] 메디필 레드 락토 콜라겐 클렌징 오일 2.0 200ml,21000,36개월(12개월),적당량을 펌핑하여 물기 없는 얼굴에 부드럽게 마사지한 후 손에 약간의 물을 묻혀 30초 정도 다시 마사지(오일이 우윳빛으로 변하는 유화과정)한 뒤 미온수로 깨끗이 헹궈냅니다.,Cleansing,Oil Night
메이크프렘 세이프 미 릴리프 모이스처 비건 클렌징오일 300ml+클렌징폼 100ml,24000,제조일로부터 30개월(개봉 후 12개월 이내),[1차세안-메이크프렘 약산성 클렌징오일] 1. 마른손에 오일을 충분히 펌핑해줍니다. 2. 노페물 및 메이크업한 얼굴에 오일을 롤링해줍니다. * 피지 & 블랙헤드 세정시 스팀타월을 해주시면 좋습니다* 3. 롤링 후 물로 충분히 유화시켜줍니다. 4. 이차로 세안 또는 깨끗한 물로 헹궈줍니다. [2차세안-메이크프렘 세이프 미 클렌징 폼] 적당량을 덜어 거품을 충분히 낸 후 얼굴 전체를 부드럽게 마사지하고 미온수로 깨끗이 헹구어 냅니다.,Cleansing,Oil Night
라운드어라운드 컴포트 그린티 수분 클렌징 오일 300ml,15600,개봉 전 30개월 개봉 후 12개월,적당량 펌핑하여 물기가 없는 얼굴에 롤링하며 메이크업을 녹여냅니다. 약간의 물을 묻혀 유화시키며 마사지해 줍니다. 미온수로 깨끗하게 헹궈 마무리합니다.,Cleansing,Oil Night
라운드어라운드 컴포트 그린티 딥 클렌징 밤 100g [기획],9800,개봉 전 30개월 개봉 후 12개월,동봉된 스파츌라로 마른 손에 적당량을 덜어내 물기가 없는 얼굴에 롤링하며 메이크업과 피지를 녹여냅니다. 약간의 물을 묻혀 유화시키며 진한 메이크업과 모공을 중심으로 마사지해 줍니다. 미온수로 깨끗이 헹궈 마무리합니다.,Cleansing,Oil Night
[한정기획] 아리얼 애플사이다 클렌징오일 200ml 기획 (+시나모롤 핸디톡 증정),16800,제조일로부터 3년 (개봉 후 1년),"1. 마른 손에 적당량을 펌핑하여 오일을 덜어냅니다. 2. 얼굴에 부드럽게 마사지 하 듯 문질러 메이크업, 피지, 각질을 충분히 녹여줍니다. 3. 그 후 미온수를 손에 조금 덜어 오일이 유화될 수 있도록 충분한 마사지를 해줍니다. 4. 마사지 후 미온수로 얼굴 전체를 깨끗이 헹구어 줍니다.",Cleansing,Oil Night
[한정기획] 마몽드 어메이징 딥 민트 클렌징 밤 90ml 톰과 제리 에디션 (+헤어고정시트),16000,개봉 전 36개월 / 개봉 후 12개월,물기가 없는 손에 내용물을 적당히 덜어 마른 얼굴에 부드럽게 마사지해 메이크업을 녹여내 줍니다. 물을 더해가며 유화 과정을 거쳐 모공을 집중적으로 클렌징해주고 미온수로 깨끗이 씻어냅니다.,Cleansing,Oil Night
[NEW런칭]아임프롬 피그 소프트 클렌징밤 100ml,30000,제조 후 36개월 / 개봉 후 12개월,물기가 없는 손에 적당량을 덜어 메이크업을 녹여낸 뒤 약간의 물을 더해가며 마사지한 후 미온수로 헹구어 냅니다.,Cleansing,Oil Night
심플로그 올 클렌징밤 소프트필링 95ml,25500,개봉 후 36개월,"마른 손에 적당량을 덜어 내용물을 녹인 후 눈, 입가를 제외한 얼굴 전체에 부드럽게 펴 바른뒤 부드럽게 롤링하여 메이크업, 노폐물을 제거합니다. 롤링시 고마쥬가 형성되어 각질을 동시에 케어해주며 약간의 물을 더해 유화한 후 미온수로 꺠끗하게 행구어줍니다. 피부 타입에 따라 이차 세안을 할 수 있습니다.",Cleansing,Oil Night
오브제 포어 제로 오일 컨트롤 선스틱 18g 단품/기획 2종 택 1,18100,개봉전 36개월 개봉후 12개월,"스킨케어 마지막 단계에서 제품 하단의 다이얼을 돌려 내용물을 적당량 올린 후, 얼굴 및 자외선에 노출되기 쉬운 부위에 골고루 발라줍니다.",MensCare,Skincare
피지오겔 DMT포맨 증정 기획세트 2종 한정기획 (플루이드 or 크림),29900,제조일로부터 36개월(개봉후 12개월),"세안, 면도 후 스킨케어 단계에서 적당량을 취하여 얼굴 피부 위에 마사지하듯 두드려 흡수시켜 줍니다.",MensCare,Skincare
오브제 포어 제로 토너/로션 2종 기획,30800,개봉전 36개월,"[토너] 아침, 저녁 세안 후 손이나 화장솜에 적당량을 덜어 피부결에 따라 가볍게 흡수시키며 발라줍니다. [로션] 스킨케어 마지막 단계에서 적당량을 덜어 얼굴에 골고루 펴 바른 뒤, 가볍게 두드려 흡수시켜줍니다.",MensCare,Skincare
[올영맨즈1등템]아이디얼포맨 퍼펙트 올인원 기획 (클렌징폼 증정 기획),18800,"제조일로부터 30개월, 개봉후 12개월","세안, 면도 후 퍼펙트 올인원 밀크 적당량을 덜어 피부결을 따라 고르게 바르고 가볍게 두드려 흡수시켜줍니다.",MensCare,Skincare
[올영맨즈1등템]아이디얼포맨 퍼펙트 올인원 기획세트 (올케어 기획 / 클렌징폼 증정기획),18800,"제조일로부터 30개월, 개봉후 12개월","세안, 면도 후 적당량을 덜어 피부결을 따라 고르게 바르고 가볍게 두드려 흡수시켜줍니다.",MensCare,Skincare
우르오스 올인원 스킨로션 200ml 단품/기획,23000,"■ 제조일로부터 (36개월/3년)이내의 상품을 순차적으로 발송, 유통기한 개봉후 12개월","■ 면도, 세안 또는 샤워 후 적당량을 손에 덜어 발라 주십시오.",MensCare,Skincare
[수분강화] 라운드랩 포 맨 자작나무 토너/로션 2종 기획 (+쉐이빙폼 40ml),42000,"제조일로부터 30개월, 개봉 후 12개월","세안, 면도 후 스킨 케어 단계에서 적당량을 덜어 피부 위에 펴 바르고 가볍게 두드리듯 흡수시켜줍니다.",MensCare,Skincare
[NEW]오브제 포어 제로 무스 클레이 팩 100ml,19900,"제조일로부터 3년, 개봉 후 12개월","세안 후 물기 없는 얼굴에 내용물 적당량을 펌핑하여 눈가, 입가를 제외한 얼굴 전체에 부드럽게 펴 발라 줍니다. 약 5~10분 후 내용물이 마르면 미온수로 깨끗이 씻어냅니다. (주 1~2회 사용 권장)",MensCare,Skincare
[한정기획] 피지오겔 시카밸런스 포맨 2종 (+플루이드 100ml or 크림 70ml),31900,제조일로부터 36개월(개봉후 12개월),"세안, 면도 후 스킨케어 단계에서 적당량을 취하여 얼굴 피부 위에 마사지하듯 두드려 흡수시켜 줍니다.",MensCare,Skincare
[티벳동생 공동개발/NEW] 토리든 밸런스풀 포맨 시카 프레쉬 올인원 200g 기획/단품,19200,별도표기 / 30개월 (개봉 후 12개월),본품 적당량을 취해 피부에 골고루 펴 바른다.,MensCare,Skincare
[개기름박멸]아이디얼포맨 프레시 올인원 150ml 1+1 기획,14800,"개봉 전 제조일로부터 30개월, 개봉 후 12개월","세안, 면도 후 적당량을 덜어 피부결을 따라 고르게 바르고 가볍게 두드려 흡수시켜줍니다.",MensCare,Skincare
라운드랩 포 맨 소나무 진정 토너/로션 2종 기획 (+위칙세정티슈 20매 or +클렌저 40ml),29800,"제조일로부터 36개월, 개봉 후 12개월",세안 후 적당량을 덜어 얼굴 전체에 펴 바른 후 가볍게 두드려 흡수시켜줍니다.,MensCare,Skincare
[리뉴얼/트러블/면도후] 닥터지 레드 블레미쉬 포 맨 진정 올인원 150ml 2종 택 1 (단품/증정 기획),22800,36개월(개봉 후 12개월),"세안, 면도 후 적당량을 덜어 얼굴에 골고루 펴 바른 뒤 가볍게 두드려 흡수시켜 줍니다. Tips !: 끈적임 없이 촉촉한 로션 타입 올인원 선호 남성 추천, 스킨 밀크+로션+에센스 한 번에 SKIP 케어",MensCare,Skincare
[9년 연속 1위] 아이오페 맨 올데이 퍼펙트 올인원 120ml 기획 (+30ml),24500,개봉 전 36개월  개봉 후 12개월,세안 후 적당량을 펌핑하여 얼굴 안쪽에서 바깥쪽으로 부드럽게 펴바릅니다. 손바닥으로 얼굴을 가볍게 두드려 남은 내용물을 흡수시킵니다.,MensCare,Skincare
[수분진정] 라운드랩 포 맨 자작나무 수분 로션 200ml,17900,"제조일로부터 30개월, 개봉 후 12개월","세안, 면도 후 스킨 케어 단계에서 적당량을 덜어 피부 위에 펴 바르고 가볍게 두드리듯 흡수시켜줍니다.",MensCare,Skincare
[판테놀/히알루론산]아이디얼포맨 퍼펙트 보습 올인원 (단품/증정기획),19800,개봉전 36개월/ 개봉 후 12개월,"세안, 면도 후 적당량을 취해 피부에 골고루 펴 바른다.",MensCare,Skincare
[민감진정/화해1위] 라운드랩 포 맨 소나무 진정 시카 로션 200ml,25000,"제조일로부터 36개월, 개봉 후 12개월","토너 사용 후, 적당량을 덜어 얼굴 전체에 펴 바른 후 가볍게 두드려 흡수시켜줍니다.",MensCare,Skincare
우르오스 올인원 스킨밀크 200ml,23000,"■ 제조일로부터 (36개월/3년)이내의 상품을 순차적으로 발송, 유통기한 개봉후 12개월","■면도, 세안 또는 샤워 후 적당량을 손에 덜어 발라 주십시오.",MensCare,Skincare
[여드름피부적합] 아이디얼포맨 시카 올인원 (단품/증정기획),18800,"제조일로부터 30개월, 개봉후 12개월","세안, 면도 후 적당량을 덜어 피부결을 따라 고르게 바르고 가볍게 두드려 흡수시켜줍니다.",MensCare,Skincare
토리든 다이브인 포맨 저분자 히알루론산 젤 로션 200ml,16700,상품 발송일 기준으로 사용기한이 12개월 이상 남은 상품만을 판매합니다.,본 제품의 적당량을 덜어 피부에 골고루 펴 바른 후 톡톡 두드려 흡수시켜 줍니다.,MensCare,Skincare
아이오페 맨 프로 레티놀 올인원 120ml 기획 (+30ml),28500,개봉 전 36개월  개봉 후 12개월,세안 후 2~3회 펌핑하여 얼굴 안쪽에서 바깥쪽으로 부드럽게 펴바릅니다. 손바닥으로 얼굴을 가볍게 두드려 남은 내용물을 흡수시킵니다.,MensCare,Skincare
피지오겔 아쿠아 포맨 오일컷 올인원 100ml (단품/기획),22900,제조일로부터 36개월(개봉후 12개월),"세안, 면도 후 스킨케어 단계에서 적당량을 취하여 얼굴 피부 위에 마사지하듯 두드려 흡수시켜 줍니다.",MensCare,Skincare
비레디 블루 수분 선크림 50ml 1+1 기획,22000,상품 발송일 기준으로 사용 기한일 12개월 이상 남은 상품만을 판매합니다,본 품 적당량을 취해 피부에 골고루 펴 바른다.,MensCare,Skincare
[문장군 공동개발] 미닉 퍼펙트 콜라드 그린 진정 올인원 200ml,25600,제조일로부터 36개월,세안 후 적당량을 펌핑하여 펴바른 뒤 가볍게 두드려 흡수시켜 줍니다.,MensCare,Skincare
[개기름/여름로션] 아이소이 포맨 아크니 닥터 올인원 100ml 기획 (+진정 올인원 15ml),24700,"제조일자로부터 3년, 개봉 후 6개월 내 사용권장",토너 사용 후 적당량을 덜어 얼굴 전체에 펴 바른 후 가볍게 두드려 흡수 시켜줍니다.,MensCare,Skincare
토리든 다이브인 포맨 저분자 히알루론산 스킨/젤로션 2종 기획(+스킨30ml+젤로션20ml),37000,상품 발송일 기준으로 사용기한이 12개월 이상 남은 상품만을 판매합니다.,본 제품의 적당량을 덜어 피부에 골고루 펴 바른 후 톡톡 두드려 흡수시켜 줍니다.,MensCare,Skincare
[민감피부/저자극] 라운드랩 포 맨 1025 독도 올인원 플루이드 200ml,17900,"제조일로부터 30개월, 개봉 후 12개월",세안 후 적당량을 덜어 얼굴에 골고루 펴 바른 뒤 가볍게 두드려 흡수시켜 줍니다.,MensCare,Skincare
[개기름/지성] 닥터지 레드 블레미쉬 포 맨 올인원 오일컷 로션 150ml 3종 택1 (단품/증정 기획),19900,36개월(개봉후12개월),"세안, 면도 후 적당량을 덜어 얼굴에 골고루 펴 바른 뒤 가볍게 두드려 흡수시켜 줍니다.",MensCare,Skincare
[진정/민감성] 닥터지 레드 블레미쉬 포맨 젠틀 클렌징 폼 150ml,12000,3년(개봉후 12개월 이내 사용 권장),내용물 적당량을 취해 소량의 물로 충분히 거품을 낸 다음 얼굴에 마사지하듯 부드럽게 클렌징 후 미온수로 깨끗이 헹구어 냅니다.,MensCare,Skincare
우르오스 지복합성 2종 기획,33500,"■ 제조일로부터 (36개월/3년)이내의 상품을 순차적으로 발송, 유통기한 개봉후 12개월","■ 스킨로션  - 면도, 세안 또는 샤워 후 적당량을 손에 덜어 발라 주십시오. 스킨워시 - 손 또는 젖은 타올에 적당량을 덜고 거품을 내어 닦은 후 물로 씻어내어 주십시오.",MensCare,Skincare
[티벳동생 PICK/NEW] 토리든 밸런스풀 포맨 시카 클리어링 스킨/로션 2종 기획 (+스킨30ml+로션20ml),29600,제조일로부터 36개월 / 개봉 후 12개월,본 제품의 적당량을 덜어 피부에 골고루 펴 바른 후 톡톡 두드려 흡수시켜 줍니다. 본품 적당량을 취해 피부에 골고루 펴 바른다.,MensCare,Skincare
[쿨링진정]메이크프렘 인테카 포맨 수딩 올인원 200ml,21000,제조일로부터 36개월(개봉 후 12개월 이내),세안 또는 면도 후 적당량을 손에 덜어 얼굴 전체에 고르게 펴 바른후 가볍게 두드려 흡수시켜 줍니다.,MensCare,Skincare
[new] 닥터지 레드 블레미쉬 포 맨 토너/진정올인원 2종 기획 (+미니어처 2종),42000,3년(개봉후 12개월 이내 사용 권장),"1. 진정올인원 : 세안, 면도 후 적당량을 덜어 얼굴에 골고루 펴 바른 뒤 가볍게 두드려 흡수시켜 줍니다. Tips !: 끈적임 없이 촉촉한 로션 타입 올인원 선호 남성 추천, 스킨 밀크+로션+에센스 한 번에 SKIP 케어 2. 멀티수딩토너 : 세안 , 면도 후 스킨케어 첫 단계에서 적당량을 손바닥에 덜어 얼굴에 고르게 바른 뒤 가볍게 두드려 흡수시켜 줍니다.",MensCare,Skincare
[쿨링캡슐]아이디얼포맨 선 올인원 140ml,12800,"제조일로부터 36개월, 개봉 후 12개월","외출 전 세안, 면도 후 적당량을 덜어 피부결을 따라 고르게 바르고 가볍게 두드려 흡수시켜줍니다. TIP) 취침 전에는 수분, 보습 올인원으로 케어해줍니다.",MensCare,Skincare
라끄베르 옴므 리차지 시카 올인원 에센스 150ml 1+1 기획,19900,"개봉전 제조일로부터 36개월, 유통기한 개봉후 12개월",1~2회 펌핑하여 피부를 마사지하듯 고르게 펴 바른 후 가볍게 톡톡 흡수시킵니다.,MensCare,Skincare
[민감진정] 라운드랩 포 맨 소나무 진정 시카 크림 75ml,27000,"제조일로부터 36개월, 개봉 후 12개월",내용물을 적당량 덜어 피부에 부드럽게 펴 발라 흡수시켜줍니다.,MensCare,Skincare
아이디얼 포 맨 퍼펙트 탄력 스킨케어 2종 세트(미니어처 3종 증정),24800,"제조일로부터 36개월 이내의 상품을 순차적으로 발송, 사용기한 제품에 별도 표기",*퍼펙트 라인 스킨-로션 사용법 스킨 : 세안 후 적당량을 덜어 피부결을 따라 고르게 바르고 가볍게 두드려 흡수시켜줍니다. 로션 : 스킨 사용 후 적당량을 덜어 피부결을 따라 고르게 바르고 가볍게 두드려 흡수시켜줍니다.,MensCare,Skincare
랩시리즈 파워 프로텍터 선스크린 SPF50 PA+++ 100ml,92000,제조일로부터 36개월,눈가를 피해 스킨케어 마지막 단계에 발라줍니다.,MensCare,Skincare
비레디 하이드로 스웻프루프 선크림 더블기획(50ml+50ml),31000,"개봉전 36개월, 개봉후 12개월 이내 사용","손바닥이나 손등에 적당량의 선크림을 짜내어 자외선 노출이 쉬운 얼굴, 목, 귀, 팔 등에 꼼꼼히 펴발라줍니다. 장시간 야외활동을 하는 경우, 2-3시간마다 덧바르기를 권장합니다.",MensCare,Skincare
[끈적임 ZERO/수분에센스 68%] 달바 맨즈 밸런싱 선크림 50ml,34000,"제조일로부터 30개월, 개봉 후 12개월 이내","기초 스킨케어 마지막 단계에서 얼굴과 목, 팔, 다리 등 자외선에 노출되기 쉬운 피부에 골고루 발라줍니다.",MensCare,Skincare
두잉왓 스킨톤 레이어링 선스틱 22g,15680,제조일로부터 3년,"피부 톤 정리가 필요하거나 메이크업 전, 후로 추가적인 자외선 차단이 필요할 때, 3시간 간격으로 덧발라줍니다.",MensCare,Skincare
랩시리즈 데일리 레스큐 페이스 로션 50ml,79000,대부분 사용기한 1년 이상 남은 제품을 배송해드립니다.,"매일 아침 그리고/또는 저녁, 눈가를 제외하고 깨끗이 세안한 얼굴과 목에 고르게 펴 발라줍니다.",MensCare,Skincare
랩시리즈 멀티 액션 훼이스 워시 200ml,78000,제조일로부터 36개월,젖은 얼굴과 목에 마사지하듯 발라주고 온수로 잘 씻어낸 후 가볍게 두드리며 말려줍니다.,MensCare,Skincare
[올영맨즈1등템]아이디얼포맨 퍼펙트 올인원 150ml 기획 (+클렌징폼150ml),18800,개봉전 36개월/ 개봉 후 12개월,"세안, 면도 후 적당량을 취해 피부에 골고루 펴 바른다.",MensCare,Skincare
[수분진정] 라운드랩 포 맨 자작나무 수분 크림 75ml,26000,"제조일로부터 30개월, 개봉 후 12개월",내용물을 적당량 덜어 피부에 부드럽게 펴 발라 흡수 시켜줍니다.,MensCare,Skincare
[남성선물]아이오페 맨 2종세트(에센스145ml+에멀젼 120ml+3종미니어처 증정,54600,개봉 전 36개월  개봉 후 12개월,"1. 세안 후 내용물이 흐르지 않도록 손바닥을 오므려 덜어줍니다. 2. 손바닥으로 얼굴 안쪽에서 바깥쪽으로 가볍게 두드려 남은 내용물을 흡수시킵니다. 3. 맨 바이오 에센스로 피부를 정돈한 뒤, 손바닥에 내용물을 1~2회 펌핑하여 얼굴 안쪽에서 바깥쪽으로 부드럽게 펴 발라줍니다. 4. 손바닥으로 얼굴 안쪽에서 바깥쪽으로 가볍게 두드려 남은 내용물을 흡수시킵니다.",MensCare,Skincare
[지성피부/유분케어] 라운드랩 포 맨 1025 독도 올인원 젤로션 200ml,24000,"제조일로부터 36개월, 개봉 후 12개월",세안 후 적당량을 덜어 얼굴에 골고루 펴 바른뒤 가볍게 두드려 흡수시켜 줍니다.,MensCare,Skincare
미프 비타민 톤업 화이트닝 크림 단독 1+1기획(50ml+50ml),26000,개봉 후 6개월,세안 후 스킨 및 로션으로 피부결을 정돈한 후 적당량을 손바닥에 덜어 얼굴에 잘 펴 발라 줍니다.,MensCare,Skincare
무슈제이 밀크 톤업 올인원 200ml,24900,제조일로부터 3년 / 개봉후 1년,"바쁜 아침, 피곤한 저녁 적당량을 덜어 얼굴에 골고루 펴 발라 가볍게 두드려 흡수시켜 줍니다. (Tip: 가벼운 사용감의 제품으로, 건조함을 느끼는 경우 2~3회 덧발라주면 깊은 보습감을 느낄 수 있습니다.)",MensCare,Skincare
피지오겔 DMT 포맨 에센셜 토너 200ml,24000,제조일자로부터 36개월 / 개봉 후 12개월,"세안, 면도 후 스킨케어 단계에서 적당량을 취하여 얼굴 피부 위에 마사지하듯 두드려 흡수시켜 줍니다.",MensCare,Skincare
[단독기획]토리든 다이브인 포맨 저분자 히알루론산 올인원 200g 단품/기획 (+클렌징폼 30ml/올인원 20g),24000,별도표기 / 30개월 (개봉 후 12개월),본 제품의 적당량을 덜어 피부에 골고루 펴 바른 후 톡톡 두드려 흡수시켜 줍니다.,MensCare,Skincare
포맨트 시그니처 올인원 에센스 모이스처 플러스 150ml,23200,제조일로부터 3년,적당량을 손에 덜어 얼굴 전체에 골고루 펴 발라줍니다.,MensCare,Skincare
포맨트 시그니처 올인원 에센스 96ml,23100,제조일로부터 3년,적당량을 손에 덜어 얼굴 전체에 골고루 펴 발라줍니다.,MensCare,Skincare
[NEW]오브제 포어 제로 오일 컨트롤 로션 70ml,23000,"제조일로부터 3년, 개봉 후 12개월","스킨케어 마지막 단계에서 적당량을 덜어 얼굴에 골고루 펴 바른 뒤, 가볍게 두드려 흡수시켜줍니다.",MensCare,Skincare
비오템 옴므 UV 디펜스 선스틱 20g,42500,제조일로부터 36개월,"언제 어디서든 간편하게, 손 대지 않고 깔끔하게, 야외에서 얼굴 전체에 수시로 바릅니다",MensCare,Skincare
[증정]우르오스 페이스워시 더블 기획,19800,■ 제조일로부터 (36개월/3년)이내의 상품을 순차적으로 발송,"사용 전에 제품을 잘 흔들어 사용합니다. 얼굴을 물로 가볍게 적신 후에 탁구공 크기만큼 손에 덜어 세안하고, 물로 잘 헹궈줍니다.",MensCare,Skincare
라네즈옴므 크림스킨 옴므 올인원 150ml 기획 (+25+25ml),19600,"제조일로부터 36개월, 개봉 후 12개월 이내 사용",손으로 찹찹 두드리듯 발라 흡수시켜줍니다,MensCare,Skincare
라네즈옴므 블루에너지 2종 기획 (미니어처 2종 포함),40300,개봉 후 12개월 내 사용,세안 후 적당량을 손에 덜어 얼굴에 흡수시켜 줍니다.,MensCare,Skincare
[NEW] 토리든 밸런스풀 포맨 시카 오일프리 로션 200ml,18400,제조일로부터 36개월 / 개봉 후 12개월,본품 적당량을 취해 피부에 골고루 펴 바른다.,MensCare,Skincare
"우르오스 2종 세트 택1(지복합성, 중건성)",33500,"■ 제조일로부터 (36개월/3년)이내의 상품을 순차적으로 발송, 유통기한 개봉후 12개월","■ 우르오스 스킨밀크 / 스킨로션 200ml - 면도, 세안 또는 샤워 후 적당량을 손에 덜어 발라 주십시오. 우르오스 스킨워시 300ml - 손 또는 젖은 타올에 적당량을 덜고 거품을 내어 닦은 후 물로 씻어내어 주십시오",MensCare,Skincare
엠도씨 세붐 스트라이크 세트,32300,"■ 제조일로부터 2년이내의 상품을 순차적으로 발송, 유통기한 개봉후 1년",■ 적당량을 취해 피부에 골고루 펴 바릅니다.,MensCare,Skincare
[증정기획/선물세트] 닥터지 블랙 스네일 옴므 프레스티지 3종 세트 (토너150ml+에멀전150ml+클렌징폼70ml),32300,개봉전 36개월(개봉 후 12개월 이내 사용을 권장드립니다.),"ㅇ블랙스네일 옴므 클렌징 폼: 적당량을 손에 덜어 물과 함께 충분히 거품을 낸 후, 얼굴에 마사지하듯 문지른 뒤 물로 깨끗이 씻어냅니다. ㅇ블랙스네일 옴므 토너 : 세안 또는 면도 후, 적당량을 손에 덜어 얼굴 전체에 바르고 가볍게 두드리며 흡수 시켜줍니다. ㅇ블랙스네일 옴므 에멀전: 토너 사용 후, 적당량을 손에 덜어 얼굴 전체에 바르고 가볍게 두드리며 흡수 시켜 줍니다.",MensCare,Skincare
피지오겔 시카밸런스 포맨 카밍 크림 70ml,32000,제조일로부터 36개월(개봉후 12개월),적당량을 취하여 얼굴 피부에 마사지하듯 두드려 흡수시켜 줍니다.,MensCare,Skincare
피지오겔 포맨 기획 4종 (DMT 플루이드/DMT크림/시카 플루이드/시카 크림),29900,제조일로부터 36개월(개봉후 12개월),"세안, 면도 후 스킨케어 단계에서 적당량을 취하여 얼굴 피부 위에 마사지하듯 두드려 흡수시켜 줍니다.",MensCare,Skincare
[민감피부/저자극] 라운드랩 포 맨 1025 독도 올인원 플루이드 200ml+200ml,33000,"제조일로부터 30개월, 개봉 후 12개월",세안 후 적당량을 덜어 얼굴에 골고루 펴 바른 뒤 가볍게 두드려 흡수시켜 줍니다.,MensCare,Skincare
[지성피부/유분케어] 라운드랩 포 맨 1025 독도 올인원 젤 로션 200ml+200ml,33000,"제조일로부터 36개월, 개봉 후 12개월",세안 후 적당량을 덜어 얼굴에 골고루 펴 바른뒤 가볍게 두드려 흡수시켜 줍니다.,MensCare,Skincare
오브제 데일리 수분 선크림 50ml,14900,"제조일로부터 3년, 개봉 후 12개월",스킨 케어 마지막 단계에서 적당량을 덜어 자외선에 노출되기 쉬운 부위에 더 골고루 펴 발라줍니다.,MensCare,Skincare
라운드랩 포 맨 소나무 진정 토너/크림 2종 기획 (+위칙세정티슈 20매 or +클렌저 40ml),31300,"제조일로부터 36개월, 개봉 후 12개월","세안, 면도 후 스킨 케어 단계에서 적당량을 덜어 피부 위에 펴 바르고 가볍게 두드리듯 흡수시켜줍니다.",MensCare,Skincare
[한정기획] 라운드랩 포 맨 자작나무 토너/크림 2종 기획 (+클레이팩 50ml),31300,"제조일로부터 30개월 , 개봉 후 12개월","세안, 면도 후 스킨 케어 단계에서 적당량을 덜어 피부 위에 펴 바르고 가볍게 두드리듯 흡수시켜줍니다.",MensCare,Skincare
[수분진정로션/본품증정] 닥터지 레드 블레미쉬 포 맨 플루이드/폼 2종 기획 세트 (+ 톤로션 2ml*2),29900,36개월(개봉 후 12개월),"ㅇ 올인원 플루이드 : 세안, 면도 후 적당량을 덜어 얼굴에 골고루 펴 바른 뒤 가볍게 두드려 흡수시켜 줍니다. ㅇ 젠틀 클렌징 폼 : 내용물 적당량을 취해 소량의 물로 충분히 거품을 낸 다음 얼굴에 마사지하듯 부드럽게 클렌징 후 미온수로 깨끗이 헹구어 냅니다.",MensCare,Skincare
BRTC 파워 옴므 올인원 솔루션 200ml 기획(+50ml 증정),25480,제조일로부터 36개월,세안 및 면도 후 애프터쉐이브 단계에서 본 품 적당량을 취하여 얼굴 전체에 부드럽게 펴 바른 뒤 가볍게 두드리며 흡수시켜 줍니다.,MensCare,Skincare
[NEW][대용량]오브제 포어 제로 필링 토너 310ml,25000,"제조일로부터 3년, 개봉 후 12개월","아침, 저녁 세안 후 손이나 화장솜에 적당량을 덜어 피부결에 따라 가볍게 흡수시키며 발라줍니다.",MensCare,Skincare
[보습/건성] 아이소이 포맨 모이스춰 닥터 올인원 100ml 기획 (+보습 올인원 15ml),24700,"제조일자로부터 3년, 개봉 후 6개월 내 사용권장",토너 사용 후 적당량을 덜어 얼굴 전체에 펴 바른 후 가볍게 두드려 흡수 시켜줍니다.,MensCare,Skincare
미닉 퍼펙트 콜라드 그린 진정 원 스텝 클렌저 200ml,24000,제조일로부터 36개월,세안시 물기 있는 얼굴에 적당량을 덜어 충분한 거품을 낸 다음 부드럽게 마사지하듯 클렌징 후 물로 깨끗이 씻어냅니다.,MensCare,Skincare
무슈제이 세라부스트 올인원 200ml 단품/기획 2종 택1,24900,제조일로부터 3년/ 개봉후 1년,본 품 적당량을 취하여 피부에 골고루 펴 바른다.,MensCare,Skincare
아이오페 맨 올데이 퍼펙트 톤업 올인원 120ml 기획(+30ml),22800,개봉 전 36개월  개봉 후 12개월,세안 후 적당량을 펌핑하여 얼굴 안쪽에서 바깥쪽으로 부드럽게 펴바릅니다.,MensCare,Skincare
오브제 포어 제로 오일 컨트롤 선크림 50ml,22500,"제조일로부터 36개월, 개봉 후 12개월",스킨케어 마지막 단계에서 적당량을 덜어 얼굴 및 자외선에 노출되기 쉬운 부위에 골고루 펴 발라줍니다.,MensCare,Skincare
라네즈옴므 블루에너지 에센스인로션 125ml,22400,"개봉전 36개월, 개봉후 12개월",아침 저녁 스킨 사용 후 or 단독으로 손바닥에 적당량을 덜어 줍니다. 피부결에 따라 얼굴 안쪽에서 바깥쪽으로 부드럽게 발라 줍니다.,MensCare,Skincare
미프 UV쉴드 백탁없는 선크림 50ml 기획(50ml*2ea),22000,"제조일로부터 (36개월/3년), 유통기한 개봉 후 6개월","기초 케어 후, 손바닥에 적당량을 덜어 가볍게 펴발라줍니다.",MensCare,Skincare
[리뉴얼/펩타이드/속보습] 닥터지 레드 블레미쉬 포 맨 탄력 올인원 2종 택 1 (단품/증정 기획),18920,36개월(개봉후 12개월),"세안, 면도 후 적당량을 덜어 얼굴에 골고루 펴 바른 뒤 가볍게 두드려 흡수시켜 줍니다.",MensCare,Skincare
라네즈옴므 블루에너지 스킨토너 180ml,21000,"제조일로부터 36개월, 개봉 후 12개월 이내 사용",아침 저녁 세안 후 손바닥에 적당량을 덜어 줍니다. 피부결에 따라 얼굴 안쪽에서 바깥쪽으로 가볍게 두드리며 흡수시켜줍니다.,MensCare,Skincare
[시원하게 진정되는] 원오브뎀 카밍 샷 듀 드롭 미스트 150ml,20800,"1,095",세안 후 화장솜 또는 손에 적당량을 덜어 피부 결을 따라 부드럽게 바르거나 건조함이 느껴질 때마다 눈을 감고 15~20cm 정도 거리를 두고 얼굴 전체에 골고루 분사하여 흡수시켜 줍니다.,MensCare,Skincare
그라운드랩 내츄럴 라이트 선 톤업 50ml,24000,제조일로부터 36개월 / 개봉 후 12개월,스킨케어 마지막 단계에서 본품 적당량을 덜어내어 자외선에 노출되는 피부에 골고루 도포해줍니다.,MensCare,Skincare
클럽맨피노드 오리지날 에프터쉐이브로션 177ml,20000,"제조일로부터 (36개월/3년)이내의 상품을 순차적으로 발송, 유통기한 개봉후 2년 / 사용기한 제품에 별도 표기",모든 피부에 적합한 제품으로서 세안이나 면도 후 적당량을 손바닥에 덜어 부드럽게 펴 바르고 두드리 듯 흡수시켜줍니다.,MensCare,Skincare
클럽맨피노드 클래식바닐라 에프터쉐이브로션 177ml,20000,"제조일로부터 (36개월/3년)이내의 상품을 순차적으로 발송, 유통기한 개봉후 2년 / 사용기한 제품에 별도 표기",모든 피부에 적합한 제품으로서 세안이나 면도 후 적당량을 손바닥에 덜어 부드럽게 펴 바르고 두드리 듯 흡수시켜줍니다.,MensCare,Skincare
아이소이 포맨 아쿠아 수딩 토너 150ml,20000,"제조일자로부터 3년, 개봉 후 6개월 내 사용권장",세안 후 적당량을 덜어 얼굴 전체에 펴 바른 후 가볍게 두드려 흡수시켜 줍니다.,MensCare,Skincare
비레디 시카페인 트러블리셋 토너 250ml (+토너 50ml),19900,"개봉전 36개월, 개봉후 12개월 이내 사용",세안 후 손이나 화장솜에 적당량을 덜어 피부결을 따라 부드럽게 흡수하며 발라줍니다.,MensCare,Skincare
[기획] 아크네스 포맨 퍼펙트 올인원 기획 (본품200ml+폼클렌저150g 증정),19890,개봉후 1년,"아크네스 포맨 퍼펙트 올인원: 토너 다음 단계에서 적당량을 피부 결에 따라 발라준 후 가볍게 두드리며 흡수시켜 줍니다 아크네스 포맨 퍼펙트 폼클렌저: 적당량을 물기 있는 손에 덜어 충분히 거품을 낸 뒤, 얼굴에 마사지하듯 부드럽게 문질러 줍니다. 미온수로 헹궈 마무리합니다.",MensCare,Skincare
[남성 전용 선크림] 아이오페 맨 컴파운드 선스크린 50ml,19600,개봉 전 36개월  개봉 후 12개월,기초 손질 마지막 단계에서 얼굴에 적당량을 골고루 펴바르고 가볍게 두드려 흡수시켜 줍니다.,MensCare,Skincare
플리프 시카-알로에 카밍 올인원 로션 (200ml+50ml),18800,제조일로부터 3년,세안 후 적당량을 취해 피부에 골고루 펴 바른다.,MensCare,Skincare
라네즈옴므 액티브워터 스킨 180ml,18200,"사용기한 36개월, 개봉후 12개월 이내 사용","'아침, 저녁 세안 후 손바닥에 적당량을 덜어 얼굴과 목에 두드리듯이 발라 줍니다.",MensCare,Skincare
오브제 모이스처 올인원 로션 200ml,17900,"제조일로부터 3년, 개봉 후 12개월",적당량을 덜어낸 후 얼굴 전체에 골고루 펴 발라 두드려 흡수시켜 줍니다.,MensCare,Skincare
[민감진정] 라운드랩 포 맨 소나무 진정 시카 토너 200ml,25000,"제조일로부터 36개월, 개봉 후 12개월",세안 후 적당량을 덜어 얼굴 전체에 펴 바른 후 가볍게 두드려 흡수시켜줍니다.,MensCare,Skincare
[NEW]토리든 밸런스풀 포맨 시카 클리어링 스킨 300ml,17600,제조일로부터 36개월 / 개봉 후 12개월,본 제품의 적당량을 덜어 피부에 골고루 펴 바른 후 톡톡 두드려 흡수시켜 줍니다.,MensCare,Skincare
비욘드 엔젤아쿠아 포맨 올인원 에센스 더블기획 (200mlX2입)(비건),17500,"개봉전 제조일로부터 36개월, 유통기한 개봉후 12개월",손바닥에 적당량을 취한 뒤 얼굴에 부드럽게 펴 발라 줍니다.,MensCare,Skincare
[콜라겐/레티놀]아이디얼 포 맨 퍼펙트 탄력 스킨 150mL / 200mL,17000,"제조일로부터 36개월 이내의 상품을 순차적으로 발송, 사용기한 제품에 별도 표기","*퍼펙트 라인 스킨-로션 사용법 스킨 : 세안, 면도 후 적당량을 덜어 피부결을 따라 고르게 바르고 가볍게 두드려 흡수시켜 줍니다. 로션 : 스킨 사용 후 적당량을 덜어 피부결을 따라 고르게 바르고 가볍게 두드려 흡수시켜 줍니다.",MensCare,Skincare
비레디 시카페인 트러블리셋 클렌징폼 150g 기획 (1+1),16490,"개봉전 36개월, 개봉후 12개월 이내 사용",손에 적당량의 내용물을 취하여 충분히 거품을 낸 후 마사지하듯 문지른 다음 물로 깨끗이 씻어냅니다.,MensCare,Skincare
퓨어덤 옴므 아쿠아 하이드로 올인원 크림 더블 기획(200ml+200ml),14300,제조일로부터 36개월,"세안, 면도 후 적당량을 덜어 얼굴에 골고루 펴 바른 뒤 가볍게 두드려 흡수시켜 줍니다.",MensCare,Skincare
[에이든팍 PICK] 다슈 보이 파란 수분초 스킨 150ml 기획 (+수분크림 50ml),23000,■ 유통기한: 제조일로부터 3년.,세안 후 본품을 적당량 취해 피부결을 정돈합니다.,MensCare,Skincare
[NEW/모공진정] 라운드랩 포 맨 소나무 진정 시카 클레이 팩 100ml,13500,"제조일로부터 30개월, 개봉 후 12개월","세안 후 물기 없는 마른 얼굴에 적당량을 덜어 부드럽게 펴 바른 뒤, 약 2~5분 후 미온수로 깨끗이 씻어냅니다.",MensCare,Skincare
라끄베르 옴므 리차지 시카 애프터쉐이브 185ml,12000,"개봉전 제조일로부터 36개월, 유통기한 개봉후 12개월","세안이나 면도 후, 적당량을 취해 얼굴과 목 등에 가볍게 두드리듯 발라줍니다.",MensCare,Skincare
[말끔세안] 라운드랩 포 맨 자작나무 쉐이빙 클렌징 폼 120ml,11900,"제조일로부터 36개월, 개봉후 12개월","세안 시 적당량을 덜어 충분히 거품을 낸 후 얼굴 전체를 부드럽게 마사지하고 미온수로 깨끗이 씻어냅니다. 거품을 내어 쉐이빙 시, 자극 걱정 없이 부드러운 면도를 할 수 있습니다.",MensCare,Skincare
우르오스 페이스워시 100g,10600,730일,"사용 전에 제품을 잘 흔들어 사용합니다. 얼굴을 물로 가볍게 적신 후에 탁구공 크기만큼 손에 덜어 세안하고, 물로 잘 헹궈줍니다.",MensCare,Skincare
다슈 데일리 라이트 핏 선젤 50ml (선로션/촉촉한타입),9810,■ 유통기한: 제조일로부터 30개월 ■ 사용기한: 개봉 후 1년,1. 기초케어 후 적당량의 선젤을 짜주세요. 2. 자외선 차단이 필요한 얼굴 및 바디에 부드럽게 펴바릅니다. 3. 자외선이 강한 날에는 2시간 간격으로 덧발라줍니다.,MensCare,Skincare
오브제 클라우드 딥 클렌징폼 150ml,8900,"제조일로부터 24개월, 개봉 후 12개월",적당량을 덜어 거품을 낸 뒤 얼굴 전체에 가볍게 마사지 하듯 문지른 후 미온수로 충분히 헹궈줍니다.,MensCare,Skincare
닥터이아소 스킨케어 포 맨 멀티 액션 폼 클렌저,22000,개봉후(또는 개봉일로부터) 12개월 내에 최적으로 사용할 수 있습니다. (보관조건: 10~30℃. 직사광선은 피하세요.),물에 적신 손에 적당량을 덜어 거품을 낸 다음 눈가를 피해 얼굴에 고루 마사지 한 후 깨끗하게 헹구어 냅니다.,MensCare,Skincare
불독 오리지널 모이스처라이저 100ml,32000,제조일로부터 3년,"아침과 저녁, 세안 후 얼굴과 목에 고르게 바르세요.",MensCare,Skincare
엠도씨 릴리프 세트,35700,"■ 제조일로부터 2년이내의 상품을 순차적으로 발송, 유통기한 개봉후 1년",■ 적당량을 취해 피부에 골고루 펴 바릅니다.,MensCare,Skincare
엠도씨 세붐 스트라이크 토너 150ml,15300,"■ 제조일로부터 2년이내의 상품을 순차적으로 발송, 유통기한 개봉후 1년",■ 적당량을 취해 피부에 골고루 펴 바릅니다.,MensCare,Skincare
엠도씨 화이트닝 스킨 플러스 로션 150ml,18400,"■ 제조일로부터 2년이내의 상품을 순차적으로 발송, 유통기한 개봉후 1년",■ 적당량을 취해 피부에 골고루 펴 바릅니다.,MensCare,Skincare
엠도씨 릴리프 에센스 에멀젼 100ml,18700,"■ 제조일로부터 2년이내의 상품을 순차적으로 발송, 유통기한 개봉후 1년",■ 적당량을 취해 피부에 골고루 펴 바릅니다.,MensCare,Skincare
엠도씨 워터드롭 스킨 에센스 100ml,16000,"■ 제조일로부터 2년이내의 상품을 순차적으로 발송, 유통기한 개봉후 1년",■ 적당량을 취해 피부에 골고루 펴 바릅니다.,MensCare,Skincare
엠도씨 화이트닝 톤업 기획,38400,"■ 제조일로부터 2년이내의 상품을 순차적으로 발송, 유통기한 개봉후 1년",■ 적당량을 덜어 피부에 골고루 펴 바릅니다.,MensCare,Skincare
우르오스 올인원 스킨컨디셔너 60g,20000,"■ 제조일로부터 (36개월/3년)이내의 상품을 순차적으로 발송, 유통기한 개봉후 12개월","■ 면도, 세안 또는 샤워 후 적당량을 손에 덜어 발라 주십시오.",MensCare,Skincare
라끄베르 옴므 리차지 에멀전 180ml,16000,■ 개봉 후 12개월 이내,"■ 스킨 혹은 세럼 사용 후, 적당량을 취하여 얼굴 전체에 부드럽게 펴 발라줍니다",MensCare,Skincare
라끄베르 옴므 리차지 2종세트 (애프터쉐이브185ml+에멀전180ml+미니어처 2종 증정),21020,■ 개봉 후 12개월 이내,"■ ""애프터쉐이브 : 세안이나 면도 후, 100원 동전 크기만큼을 취해 얼굴과 목 등에 가볍게 두드리듯이 발라줍니다. 에멀전 : 스킨 혹은 세럼 사용 후, 적당량을 취하여 얼굴 전체에 부드럽게 펴 발라줍니다""",MensCare,Skincare
라끄베르 옴므 리차지 애프터쉐이브 185ml,12000,■ 개봉 후 12개월 이내,"■ 세안이나 면도 후, 100원 동전 크기만큼을 취해 얼굴과 목 등에 가볍게 두드리듯이 발라줍니다.",MensCare,Skincare
불독 오리지널 페이스워시 150ml,15900,제조일로부터 3년,손에 내용물을 적당량 덜어 거품을 낸 후 피부에 마사지하듯 세안을 한 후 물로 깨끗이 씻어냅니다.,MensCare,Skincare
우노 휩 스피디 150ml,13800,■ 제조일로부터 3년 이내 상품을 발송합니다. (제조일로부터 36개월 이내 사용가능),"※ 사용방법 ● 첫 사용시에는 내용물이 나올 때까지 펌프를 여러 번 눌러주십시오. ● 젖은 손바닥에 적당량(2~3회정도 펌핑)을 덜어, 얼굴 구석구석까지 꼼꼼히 세안 후, 충분히 헹궈냅니다",MensCare,Skincare
우노 휩 워시 블랙 130g,6400,■ 제조일로부터 3년 이내 상품을 발송합니다. (제조일로부터 36개월 이내 사용가능),"※ 사용방법 ● 젖은 손바닥위에 적당량(약 2cm)를 덜어내어, 미지근한 물로 잘 거품내어 세안한 후, 충분히 헹궈냅니다.",MensCare,Skincare
우노 휩 워시 스크럽 130g,6400,■ 제조일로부터 3년 이내 상품을 발송합니다. (제조일로부터 36개월 이내 사용가능),"※ 사용방법 ● 젖은 손바닥위에 적당량(약 2cm)를 덜어내어, 미지근한 물로 잘 거품내어 눈 주위를 피해 젖은 얼굴에 마사지한 후, 물로 충분히 헹궈냅니다.",MensCare,Skincare
크리니크 포 맨 워터리 모이스춰 로션 200ml,49000,제조일로부터 36개월,"- 하루 2번, 세안 후 각질제거 토너 다음 단계에 사용해주세요. - 500원짜리 동전 크기 만큼 손에 덜어 얼굴과 목에 가볍게 두들겨 발라주세요. - 에센스 로션 다음 단계에 모이스춰라이징 로션 혹은 오일 컨트롤 매티파잉 모이스춰라이저를 사용한 후 피부 고민에 따른 맞춤 트리트먼트 제품을 사용하세요.",MensCare,Skincare
크리니크 포 맨 모이스춰라이징 로션 100ml,61000,제조일로부터 36개월,"- 하루에 두 번, 엑스폴리에이팅 토닉 사용 후 피부가 당기고 건조한 부위를 위주로 바르세요. - 쉐이빙 후 사용하시면 피부를 편안하게 진정시켜줍니다.",MensCare,Skincare
크리니크 포 맨 맥시멈 하이드레이터 액티베이티드 워터-젤 컨센트레이트 48ml,67000,제조일로부터 36개월,- 아침 혹은 저녁에 깨끗하게 세안한 얼굴과 목에 발라 주세요. - 면도 후 피부에 사용하면 피부를 부드럽게 만들고 진정시켜줍니다.,MensCare,Skincare
미프 미남크림 톤업화이트닝 50ml,17850,제조일로부터 30개월 / 개봉후 12개월,세안 후 스킨 및 로션으로 피부결을 정돈한 후 적당량을 손바닥에 덜어 얼굴에 잘 펴 발라 줍니다.,MensCare,Skincare
엠도씨 선샤인 유브이 솔루션 크림 70ml,16000,"제조일로부터 2년이내의 상품을 순차적으로 발송, 유통기한 개봉후 1년","① 적당량을 덜어 얼굴과 목, 바디피부 등 자외선이 노출되는 부위에 골고루 세심하게 펴 바릅니다. ② 사용 후 폼 클렌징으로 세안하시면 더욱 좋습니다",MensCare,Skincare
불독 오리지널 페이스 스크럽 125ml,17900,제조일로부터 3년,미온수로 세안 후 적정량을 취하여 얼굴에 마사지한 다음 헹구어 줍니다.,MensCare,Skincare
우르오스 올인원 200ml 2종 택 1,23000,"■ 제조일로부터 (36개월/3년)이내의 상품을 순차적으로 발송, 유통기한 개봉후 12개월","면도, 세안 또는 샤워 후 적당량을 손에 덜어 발라 주십시오.",MensCare,Skincare
다슈 맨즈 아쿠아 딥 씨워터 폼 클렌징 150ml,8400,■ 제조일로부터 3년,■ 미온수로 얼굴을 적신 뒤 적당량을 덜어 거품을 냅니다. 부드럽게 마사지 하듯 문지른후 미온수로 깨끗하게 씻고 차가운 물로 마무리합니다.,MensCare,Skincare
다슈 맨즈 아쿠아 리얼 모이스트 올인원크림 153ml,18000,■ 제조일로부터 3년,본품 적당량을 취해 피부에 골고루 펴 바릅니다.,MensCare,Skincare
클럽맨리저브 젠트진 에프터쉐이브 50ml,9000,"제조일로부터 (36개월/3년)이내의 상품을 순차적으로 발송, 유통기한 개봉후 2년 / 사용기한 제품에 별도 표기",모든 피부에 적합한 제품으로서 세안이나 면도 후 적당량을 손바닥에 덜어 부드럽게 펴 바르고 두드리 듯 흡수시켜줍니다.,MensCare,Skincare
클럽맨리저브 젠트진 에프터쉐이브 177ml,20000,"제조일로부터 (36개월/3년)이내의 상품을 순차적으로 발송, 유통기한 개봉후 2년 / 사용기한 제품에 별도 표기",모든 피부에 적합한 제품으로서 세안이나 면도 후 적당량을 손바닥에 덜어 부드럽게 펴 바르고 두드리 듯 흡수시켜줍니다.,MensCare,Skincare
클럽맨리저브 브랜디스파이스 에프터쉐이브 50ml,9000,"제조일로부터 (36개월/3년)이내의 상품을 순차적으로 발송, 유통기한 개봉후 2년 / 사용기한 제품에 별도 표기",모든 피부에 적합한 제품으로서 세안이나 면도 후 적당량을 손바닥에 덜어 부드럽게 펴 바르고 두드리 듯 흡수시켜줍니다.,MensCare,Skincare
클럽맨리저브 브랜디스파이스 에프터쉐이브 177ml,20000,"제조일로부터 (36개월/3년)이내의 상품을 순차적으로 발송, 유통기한 개봉후 2년 / 사용기한 제품에 별도 표기",모든 피부에 적합한 제품으로서 세안이나 면도 후 적당량을 손바닥에 덜어 부드럽게 펴 바르고 두드리 듯 흡수시켜줍니다.,MensCare,Skincare
클럽맨리저브 위스키우즈 에프터쉐이브 50ml,9000,"제조일로부터 (36개월/3년)이내의 상품을 순차적으로 발송, 유통기한 개봉후 2년 / 사용기한 제품에 별도 표기",모든 피부에 적합한 제품으로서 세안이나 면도 후 적당량을 손바닥에 덜어 부드럽게 펴 바르고 두드리 듯 흡수시켜줍니다.,MensCare,Skincare
클럽맨리저브 위스키우즈 에프터쉐이브 177ml,20000,"제조일로부터 (36개월/3년)이내의 상품을 순차적으로 발송, 유통기한 개봉후 2년 / 사용기한 제품에 별도 표기",모든 피부에 적합한 제품으로서 세안이나 면도 후 적당량을 손바닥에 덜어 부드럽게 펴 바르고 두드리 듯 흡수시켜줍니다.,MensCare,Skincare
클럽맨피노드 오리지날 에프터쉐이브로션 50ml,9000,"제조일로부터 (36개월/3년)이내의 상품을 순차적으로 발송, 유통기한 개봉후 2년 / 사용기한 제품에 별도 표기",모든 피부에 적합한 제품으로서 세안이나 면도 후 적당량을 손바닥에 덜어 부드럽게 펴 바르고 두드리 듯 흡수시켜줍니다.,MensCare,Skincare
클럽맨피노드 머스크 에프터쉐이브코롱 50ml,9000,"제조일로부터 (36개월/3년)이내의 상품을 순차적으로 발송, 유통기한 개봉후 2년 / 사용기한 제품에 별도 표기",모든 피부에 적합한 제품으로서 세안이나 면도 후 적당량을 손바닥에 덜어 부드럽게 펴 바르고 두드리 듯 흡수시켜줍니다.,MensCare,Skincare
클럽맨피노드 머스크 에프터쉐이브코롱 177ml,20000,"제조일로부터 (36개월/3년)이내의 상품을 순차적으로 발송, 유통기한 개봉후 2년 / 사용기한 제품에 별도 표기",모든 피부에 적합한 제품으로서 세안이나 면도 후 적당량을 손바닥에 덜어 부드럽게 펴 바르고 두드리 듯 흡수시켜줍니다.,MensCare,Skincare
우르오스 플러스 선블럭 SPF50 25ml,15800,"■ 제조일로부터 (36개월/3년)이내의 상품을 순차적으로 발송, 유통기한 개봉후 12개월","■ 사용 전, 용기를 2-3회 흔든 후, 적당량을 취해 골고루 펴 발라주십시오.",MensCare,Skincare
[피지&모공케어]눅스 맨 올인원 모이스춰라이징 젤 50ml,39000,제조일로부터 1년 6개월 미만의 상품 발송/개봉 후 12개월,"아침, 저녁 세안 직후 적당량을 덜어 마사지하듯 도포해 줍니다.​ 사용 후 토출구를 깨끗하게 닦아서 보관해주세요.​ 면도 후에도 사용 가능합니다.",MensCare,Skincare
[남성아이크림]눅스 맨 포-맨 아이크림 15ml,33000,제조일로부터 1년 6개월 미만의 상품 발송/개봉 후 6개월,"아침, 저녁으로 적당량을 덜어 네 번째 손가락을 이용해 눈가 주변에 가볍게 발라줍니다. ​도포 후, 눈가 주변 혹은 관자놀이 등을 가볍게 마사지하면 더욱 효과적입니다.",MensCare,Skincare
리우젤 에프터 쉐이브 스킨 2종,16900,제조일로부터 3년 / 개봉 후 1년,면도한 부위에 마사지 하듯 가볍게 흡수시킵니다.,MensCare,Skincare
엠도씨 선샤인 유브이 솔루션 에센스 50ml,18400,"제조일로부터 2년이내의 상품을 순차적으로 발송, 유통기한 개봉후 1년",①적당량을 덜어 얼굴과 목 등에 고루 펴 바릅니다. ②일상생활 중 수시로 덧발라주면 더욱 강력한 자외선 차단효과를 볼 수 있습니다. ③사용 후 폼 클렌징으로 세안하시면 더욱 좋습니다.,MensCare,Skincare
엠도씨 선샤인 유브이 솔루션 스틱 20g,17600,"제조일로부터 2년이내의 상품을 순차적으로 발송, 유통기한 개봉후 1년",캡을 열고 용기 밑부분을 돌려 적당량을 올라오게 한 후 자외선 차단이 필요한 부위에 피부 결에 따라 고르게 펴 발라 줍니다. 파우더 타입으로 번들거림 걱정없이 수시로 덧바르실 수 있습니다. *스틱 제형의 특성 상 내용물을 1cm이내로 돌려 사용하시기 바랍니다.,MensCare,Skincare
엠도씨 울트라 수분 크림 100ml,18400,"제조일로부터 2년이내의 상품을 순차적으로 발송, 유통기한 개봉후 1년",손바닥에 적당량을 덜어 얼굴과 목 등에 부드럽게 펴 바른 후 손바닥으로 가볍게 두드려 흡수시켜 줍니다. (건조함이 느껴질 때 마다 수시로 덧발라 주시면 피부보습 강화에 도움이 됩니다.),MensCare,Skincare
엠도씨 세붐 스트라이크 안티 아크네 폼 150g,12000,"2년이내 생산된 제품을 순차적으로 발송, 개봉 후 1년",① 미지근한 물을 얼굴에 물을 묻힌 후 적당량을 손바닥에 덜어 거품을 냅니다. ② 거품을 이용해 얼굴에 부드럽게 마사지 합니다. (피지분비가 많은 코와 이마주변은 좀 더 세심하게 마사지하시면 노폐물 제거에 더욱 효과적입니다.) ③ 미지근한 물로 깨끗하게 헹구어 냅니다.,MensCare,Skincare
아크네스 포맨 퍼펙트 올인원 200ml,27000,개봉후 1년,토너 다음 단계에서 적당량을 피부 결에 따라 발라준 후 가볍게 두드리며 흡수시켜 줍니다,MensCare,Skincare
아크네스 포맨 퍼펙트 스킨 200ml,10800,개봉후 1년,"면도, 세안 또는 샤워 후, 손바닥에 적정량을 덜어 얼굴 전체에 두드리며 흡수시켜 줍니다.",MensCare,Skincare
비오템 옴므 티쀼르 토너 200ml,65450,제조일로부터 36개월,"아침과 저녁 세안 후, 사용 전 충분히 흔들어 두 개의 층을 섞어준 뒤 적당량을 얼굴 전체에 두드리듯 바릅니다.",MensCare,Skincare
비오템 옴므 아쿠아파워 클렌져 125ml,42500,제조일로부터 36개월,"아침 저녁 세안시, 적당량을 덜어 충분히 거품을 낸 후, 눈가와 입가를 제외한 얼굴에 가볍게 마사지하듯 원을 그리면서 세안을 하고 미온수로 깨끗이 씻어냅니다.",MensCare,Skincare
비오템 옴므 아쿠아파워 토너 200ml,52700,제조일로부터 36개월,면도 후 적당량을 손바닥에 덜어 면도 부위(볼과 목 주위)에 가볍게 두드리며 바릅니다. 모든 피부 타입이 사용하실 수 있으며 민감한 피부에도 좋습니다.,MensCare,Skincare
바르테라 올인원 젤 모이스춰라이저,22400,제조일로부터 36개월,[효능효과] 피부 미백에 도움을 줍니다. 피부 주름 개선에 도움을 줍니다. [용법용량] 본 품 적당량을 취해 피부에 골고루 펴 바릅니다. [사용방법] 세안 후나 면도 후에 적당량을 덜어 얼굴과 목 전체에 발라줍니다.,MensCare,Skincare
바르테라 클렌징 폼,11900,제조일로부터36개월,"젖은 손에 적당량을 덜어 충분히 거품을 낸 후, 눈가를 제외한 얼굴 전체를 부드럽게 마사지한 다음 미 온수로 깨끗이 헹구어 냅니다.",MensCare,Skincare
라네즈옴므 액티브워터 모이스처라이저 125ml,18900,"사용기한 36개월, 개봉후 12개월 이내 사용","'아침, 저녁 세안 후 손바닥에 적당량을 덜어 얼굴과 목에 고루 펴 발라 줍니다.",MensCare,Skincare
비오템 옴므 아쿠아파워 72H 수분 젤 크림 50ml,114750,제조일로부터 36개월,"아침, 저녁 에센스 또는 모이스처라이저를 바른 후, 크림단계에서 얼굴과 목에 부드럽게 바릅니다.",MensCare,Skincare
미프 리페어 앤 리프팅,25900,3년,"면도 혹은 세안후, 턱선을 따라 마사지하듯 롤링 후, 남은 내용물을 걸굴 전체에 가볍게 두드려 흡수시켜 줌",MensCare,Skincare
미프 비타에너지 클렌징폼 150ml,9400,3년,"물기 있는 피부에 마사지하듯 문지른 후, 깨끗한 물로 헹구어 냅니다.",MensCare,Skincare
크리니크 포맨 맥시멈 하이드레이터 72-아워 오토-리플레니싱 하이드레이터,49000,제조일로부터 36개월,하루에 두 번 스킨 케어 마지막 단계에서 얼굴 전체에 충분하게 발라주세요,MensCare,Skincare
라네즈옴므 액티브워터 2종 기획 (미니어처 3종 포함),34450,"사용기한 36개월, 개봉후 12개월 이내 사용","""[스킨] '아침, 저녁 세안 후 손바닥에 적당량을 덜어 얼굴과 목에 두드리듯이 발라 줍니다. [모이스처라이져] '아침, 저녁 세안 후 손바닥에 적당량을 덜어 얼굴과 목에 고루 펴 발라 줍니다.""",MensCare,Skincare
비오템옴므 아쿠아틱 로션 애프터 쉐이브  200ml,51850,제조일로부터 36개월,면도 후 적당량을 손바닥에 덜어 면도 부위(볼과 목 주위)에 가볍게 두드리며 바릅니다. 모든 피부 타입이 사용하실 수 있으며 민감한 피부에도 좋습니다.,MensCare,Skincare
아크네스 포맨 퍼펙트 폼클렌저 더블 기획 (150g+150g),15200,제조일로부터 30개월 (개봉후 1년),"적당량을 물기 있는 손에 덜어 충분히 거품을 낸 뒤, 얼굴에 마사지하듯 부드럽게 문질러 줍니다. 미온수로 헹궈 마무리합니다.",MensCare,Skincare
라끄베르 옴므 리차지 시카 올인원 에센스 150ml 기획 (+30ml 증정),19900,■ 개봉전 36개월 / 개봉후 9개월,■ 1~2회 펌핑하여 피부를 마사지하듯 고르게 펴 바른후 가볍게 톡톡 흡수시킵니다.,MensCare,Skincare
엠도씨 화이트닝 톤업 크림 (본품50ml+20ml 추가 증정),22500,"2년이내 생산된 제품을 순차적으로 발송, 개봉 후 1년","적당량을 취해 얼굴에 골고루 펴 바른 후 흡수 시켜 줍니다. (얼굴 안쪽에서 바깥쪽으로 펴 발라 흡수시켜 주시고 목, 팔 등 화사한 피부톤으로 표현하고 싶은 부위에 사용 가능합니다.)",MensCare,Skincare
엠도씨 블랙헤드 퍼펙트 스크럽 폼 150g,12000,"2년이내 생산된 제품을 순차적으로 발송, 개봉 후 1년",① 얼굴에 물을 묻힌 후 손바닥에 적당량을 덜어 거품을 냅니다. ② 충분히 거품을 낸 다음 얼굴에 마사지 하듯 손놀림하고 미온수로 깨끗하게 헹구어 냅니다. ③ 피지분비가 심한 코주변은 꼼꼼하게 마사지하여 세안하시면 더욱 깔끔한 클렌징이 가능합니다.,MensCare,Skincare
플리프 시카-알로에 앰플 토너 200ml (여드름성피부추천),15400,제조일로부터 3년,세안 후 적당량을 취해 피부에 골고루 펴 바른다.,MensCare,Skincare
싸이닉 파워 옴므 플루이드 더블 기획 (150ml+150ml),19800,"개봉 전 36개월, 개봉 후 12개월",적당량을 가볍게 펌핑해 얼굴 전체에 부드럽게 펴발라 준 후 가볍게 톡톡 두드려 흡수 시켜 줍니다.,MensCare,Skincare
싸이닉 아쿠아 옴므 올인원 플루이드 100ml,11200,"개봉 전 30개월, 개봉 후 12개월",적당량을 가볍게 펌핑해 얼굴 전체에 부드럽게 펴발라 준 후 가볍게 톡톡 두드려 흡수 시켜 줍니다.,MensCare,Skincare
싸이닉 아쿠아 옴므 올인원 모이스처라이저 100ml,11200,"개봉 전 30개월, 개봉 후 12개월",적당량을 가볍게 펌핑해 얼굴 전체에 부드럽게 펴발라 준 후 가볍게 톡톡 두드려 흡수 시켜 줍니다.,MensCare,Skincare
리우젤 에프터 쉐이브 우드&스파이스 스킨 2종,15000,제조일로부터 3년 / 개봉후 1년,면도한 부위에 마사지 하듯 가볍게 흡수시킵니다.,MensCare,Skincare
리우젤 아스트리젠트 폼 6.76oz (200ml),19900,제조일로부터 3년 / 개봉후 1년,"다음 중 어떤 방법으로 써도 좋을 남자를 위한 기초 만능템! 1. 면도 후, 에프터쉐이브 대용으로 면도부위를 중심적으로 도포! 따갑지 않으면서도 천연 아스트리젠트 성분으로 모공항염, 수렴작용. 2. 세안 후, 토너대용! 모공수렴, 세안제잔여물 제거. 발라서 흡수시켜도 좋고, 닦아내는 토너로 써도 좋습니다. 3. 1차 세안제! 황사, 미세먼지 등으로 찝찝한 날, 외부에서 휴대용으로 얼굴에 도포하고 화장솜 등으로 슥 닦아내주세요! 천연아스트리젠트 성분으로 항염 및 피부진정에 도움을 줍니다.",MensCare,Skincare
플리프 시카-알로에 앰플토너 200ml+카밍 올인원 200ml,38000,제조일로부터 3년,세안 후 적당량을 취해 피부에 골고루 펴 바른다.,MensCare,Skincare
미프 시카맥스 올인원 기획 (본품 200ml+리필 150ml),38000,3년,"""1. 세안 후, 손바닥에 적당량을 덜어내어 얼굴 전체에 가볍게 두드리며 흡수시켜줍니다. 2. 본품 사용 완료 시 리필 용기를 본 제품 입구에 맞춰 적당량 덜어서 사용합니다.""",MensCare,Skincare
AHC 온리 포맨 토너 150ml,14000,개봉 전 30개월 / 개봉 후 1년 이내,"세안 또는 면도 후, 적당량을 손에 덜어 얼굴 전체에 바르고 가볍게 두드리며 흡수 시켜줍니다.",MensCare,Skincare
AHC 온리 포맨 로션 150ml,14000,개봉 전 30개월 / 개봉 후 1년 이내,"토너 사용 후, 적당량을 손에 덜어 얼굴 전체에 바르고 가볍게 두드리며 흡수 시켜 줍니다.",MensCare,Skincare
라네즈옴므 액티브워터 폼클렌저_150ml,12000,개봉 후 12개월 내 사용,"아침, 저녁 세안 시 손바닥에 내용물을 덜어 소량의 물로 충분히 거품을 낸 후 얼굴에 마사지하듯 가볍게 문지른 후 물로 깨끗이 씻어냅니다.",MensCare,Skincare
[단독기획] AHC 온리포맨 올인원 에센스 더블 기획 (120ml+120ml),24810,개봉 전 36개월 이내 / 개봉 후 12개월 이내,"면도, 세안 후 적당량을 손에 덜어 얼굴 안쪽에서 바깥쪽으로 부드럽게 펴 발라줍니다.",MensCare,Skincare
[단독기획]  AHC 온리포맨 포어 프레쉬 올인원에센스 더블 기획 (120ml+120ml),24700,개봉 전 3년 이내 / 개봉 후 1년 이내,"면도, 세안 후 적당량을 손에 덜어 얼굴 안쪽에서 바깥쪽으로 부드럽게 펴 발라 줍니다.",MensCare,Skincare
엠도씨 시카 화이트닝 올인원 스페셜 세트 130ml+30ml,28500,"제조일로부터 2년 이내에 생산된 제품을 순차적으로 발송, 개봉 후 즉시",①세안 후 손바닥에 적당량(2~3회)을 펌핑합니다. ②얼굴 안쪽에서 바깥쪽으로 부드럽게 펴 바릅니다. ③손바닥으로 얼굴을 가볍게 두드려 자연스럽게 마무리합니다.,MensCare,Skincare
[애프터쉐이브 본품증정]라끄베르 옴므 리차지 3종세트 (애프터쉐이브185ml*2ea+에멀전180ml),21020,"개봉전 제조일로부터 36개월, 유통기한 개봉후 9개월",애프터쉐이브 → 에멀전 순으로 적당량을 취한 후 얼굴 전체에 부드럽게 펴 발라 줍니다.,MensCare,Skincare
그라펜 데일리 선 에센스 SPF50+ (52g),25000,제조일로부터 36개월,본 품 적당량을 취해 피부에 골고루 펴 바른다.,MensCare,Skincare
BRTC 파워 옴므 올인원 솔루션 더블 기획(200mlX2),46080,제조일로부터 36개월,세안 및 면도 후 애프터쉐이브 단계에서 본 품 적당량을 취하여 얼굴 전체에 부드럽게 펴 바른 뒤 가볍게 두드리며 흡수시켜 줍니다.,MensCare,Skincare
클럽맨피노드 오리지날 에프터쉐이브로션 370ml,29000,"제조일로부터 (36개월/3년)이내의 상품을 순차적으로 발송, 유통기한 개봉후 2년 / 사용기한 제품에 별도 표기",모든 피부에 적합한 제품으로서 세안이나 면도 후 적당량을 손바닥에 덜어 부드럽게 펴 바르고 두드리 듯 흡수시켜줍니다.,MensCare,Skincare
플리프 시카-알로에 클렌징 젤 폼 200ml (여드름기능성/약산성/저자극테스트완료),11500,■ 제조일로부터 3년,■ 미온수로 얼굴을 적신 뒤 적당량을 덜어 거품을 냅니다. 부드럽게 마사지 하듯 문지른후 미온수로 깨끗하게 씻고 차가운 물로 마무리합니다.,MensCare,Skincare
랩시리즈 올-인-원 훼이스 트리트먼트 50ml,48000,제조일로부터 36개월,"면도 후, 또는 피부가 건조하거나 번들거릴 때 깨끗한 얼굴과 목에 발라 줍니다",MensCare,Skincare
랩시리즈 멀티액션 훼이스 워시 100ml,50000,제조일로부터 36개월,젖은 얼굴과 목에 마사지하듯 발라주고 온수로 잘 씻어낸 후 가볍게 두드리며 말려줍니다.,MensCare,Skincare
포르맨즈 톤업 올인원 에센스 150ml,20690,"제조일로부터 1,095일","세안 후, 적당량을 덜어 얼굴 전체에 가볍게 두드리듯 흡수 시켜줍니다.",MensCare,Skincare
[단독기획]우르오스 중건성 페이셜케어 기획세트(스킨밀크200ml+페이스워시100g),42900,"■ 제조일로부터 (36개월/3년)이내의 상품을 순차적으로 발송, 유통기한 개봉후 12개월","<스킨밀크> 면도, 세안 또는 샤워 후 적당량을 손에 덜어 발라 주십시오. <페이스워시> 사용 전에 제품을 잘 흔들어 사용합니다. 얼굴을 물로 가볍게 적신 후에 탁구공 크기만큼 손에 덜어 세안하고, 물로 잘 헹궈줍니다.",MensCare,Skincare
[단독특가]우르오스 지복합성 페이셜케어 기획세트(스킨로션200ml+페이스워시100g),42900,"■ 제조일로부터 (36개월/3년)이내의 상품을 순차적으로 발송, 유통기한 개봉후 12개월","우르오스 올인원 스킨로션 :면도, 세안 또는 샤워 후 적당량을 손에 덜어 발라주세요. 우르오스 페이스워시 : 사용 전에 제품을 잘 흔들어 사용합니다. 얼굴을 물로 가볍게 적신 후에 탁구공 크기만큼 손에 덜어 세안하고, 물로 잘 헹궈줍니다.",MensCare,Skincare
[단독특가]우르오스 페이셜케어 기획세트 중건성&지복합성 4종 택1,42900,"■ 제조일로부터 (36개월/3년)이내의 상품을 순차적으로 발송, 유통기한 개봉후 12개월","<스킨밀크/스킨로션> 면도, 세안 또는 샤워 후 적당량을 손에 덜어 발라 주십시오. <페이스워시> 사용 전에 제품을 잘 흔들어 사용합니다. 얼굴을 물로 가볍게 적신 후에 탁구공 크기만큼 손에 덜어 세안하고, 물로 잘 헹궈줍니다.",MensCare,Skincare
[수분진정] 라운드랩 포 맨 자작나무 수분 토너 200ml,17900,"제조일로부터 30개월, 개봉 후 12개월","세안, 면도 후 스킨 케어 단계에서 적당량을 덜어 피부 위에 펴 바르고 가볍게 두드리듯 흡수시켜줍니다.",MensCare,Skincare
플리프 시카-알로에 프레쉬 수분크림 150ml,21000,제조일로부터 3년,세안 후 적당량을 취해 얼굴에 부드럽게 펴 발라줍니다.,MensCare,Skincare
스케다 스킨 브라이트 올인원 135ml,22000,24개월,본 품 적당량을 덜어 피부에 골고루 펴 발라줍니다.,MensCare,Skincare
센텔리안24 마데카 옴므 수딩 토너 150ml,27000,"제조일로부터 30개월, 개봉 후 12개월",본 품 적당량을 취해 피부에 골고루 펴 바른다.,MensCare,Skincare
라끄베르 옴므 리차지 올인원 에센스 150ml 기획 (+30ml 증정),19920,"개봉전 제조일로부터 36개월, 유통기한 개봉후 12개월",본품 적당량을 취해 피부에 골고루 펴 바른다.,MensCare,Skincare
랩시리즈 올인원 디펜스 로션 SPF35 PA++++ 50ml,58000,제조일로부터 36개월,"매일 아침 세안 또는 면도 후, 얼굴과 목 부위에 발라줍니다.",MensCare,Skincare
크리니크 포맨 페이스 워시 오일리 스킨 포뮬라 200ml,45000,제조일로부터 36개월,"- 아침, 저녁 하루에 두번, 미지근한 물로 얼굴을 적신 후 손에서 충분히 거품을 내어 세안하세요.",MensCare,Skincare
크리니크 포맨 오일-프리 모이스춰라이저 100ml,61000,제조일로부터 36개월,"- 하루 두 번, 엑스폴리에이팅 토닉 사용 후 피부가 당기고 건조한 부위를 위주로 바르세요. - 쉐이빙 후 사용하시면 피부를 편안하게 진정시켜줍니다.",MensCare,Skincare
아크네스 포맨 퍼펙트 올인원 크림 200ML,16800,개봉 전 30개월 / 개봉 후 12개월,"매일 아침 저녁, 토너 다음 단계에서 적당량을 덜어 피부결을 따라 부드럽게 펴 발라준 후 가볍게 두드려 흡수시켜 줍니다. 건조함이 느껴지는 부위에는 여러 번 덧발라 보습감을 더해줍니다.",MensCare,Skincare
랩시리즈 데일리 레스큐 젤 클렌저,51000,제조일로부터 36개월,"아침, 저녁에 젖은 얼굴과 목에 마사지하듯 발라주고 잘 씻어낸다.",MensCare,Skincare
헤라 옴므 올인원 스킨 하이드로 트리트먼트 150ML,38700,"제조일로부터 36개월, 개봉후 12개월",세안 또는 면도 후 적당량을 손바닥에 덜어 얼굴 안쪽에서 바 깥쪽으로 피부결에 따라 골고루 펴 바릅니다. 손바닥으로 얼굴을 가볍게 두드리듯 흡수시킵니다.,MensCare,Skincare
클럽맨리저브 데킬라티즈 에프터쉐이브 177ml,20000,"제조일로부터 (36개월/3년)이내의 상품을 순차적으로 발송, 유통기한 개봉후 2년 / 사용기한 제품에 별도 표기",모든 피부에 적합한 제품으로서 세안이나 면도 후 적당량을 손바닥에 덜어 부드럽게 펴 바르고 두드리 듯 흡수시켜줍니다.,MensCare,Skincare
클럽맨피노드 드래곤 노어 오데토일렛 414ml,25000,"제조일로부터 (36개월/3년)이내의 상품을 순차적으로 발송, 유통기한 개봉후 2년 / 사용기한 제품에 별도 표기",모든 피부에 적합한 제품으로서 세안이나 면도 후 적당량을 손바닥에 덜어 부드럽게 펴 바르고 두드리 듯 흡수시켜줍니다.,MensCare,Skincare
클럽맨피노드 스페셜리저브 에프터쉐이브코롱 177ml,20000,"제조일로부터 (36개월/3년)이내의 상품을 순차적으로 발송, 유통기한 개봉후 2년 / 사용기한 제품에 별도 표기",모든 피부에 적합한 제품으로서 세안이나 면도 후 적당량을 손바닥에 덜어 부드럽게 펴 바르고 두드리 듯 흡수시켜줍니다.,MensCare,Skincare
피지오겔 DMT 포맨 페이셜 크림 80ml,24000,제조일자로부터 36개월 / 개봉 후 12개월,"세안, 면도 후 스킨케어 단계에서 적당량을 취하여 얼굴 피부 위에 마사지하듯 두드려 흡수시켜 줍니다.",MensCare,Skincare
피지오겔 DMT 포맨 플루이드 100ml,28000,제조일자로부터 36개월 / 개봉 후 12개월,"세안, 면도 후 스킨케어 단계에서 적당량을 취하여 얼굴 피부 위에 마사지하듯 두드려 흡수시켜 줍니다.",MensCare,Skincare
비오템옴므 티쀼르 모이스춰라이저 50ml,93500,이 제품은 사용기한 1년 이상 남은 제품부터 순차적으로 배송됩니다.,스킨 다음 단계에서 적당량을 얼굴전체에 가벼운 동작으로 바릅니다,MensCare,Skincare
[덱스 PICK]오브제 올인원 더블 에센스 100ml,26000,제조일로부터 36개월 / 개봉 후 12개월,적당량을 덜어낸 후 얼굴 전체에 고르게 펴발라 두드려 흡수시켜 줍니다.,MensCare,Skincare
오브제 원스텝 포어 클렌징시트 135g (32매입),7600,제조일로부터 36개월 / 개봉 후 12개월,"캡을 열고 마개를 당겨 개봉한 다음, 시트를 꺼내어 얼굴을 부드럽게 닦아내줍니다.",MensCare,Skincare
[올리브영 단독] AHC 온리포맨 스킨케어 2종 기프트 세트,49000,개봉 전 30개월 / 개봉 후 1년 이내,"(토너) 세안 또는 면도 후, 적당량을 손에 덜어 얼굴 전체에 바르고 가볍게 두드리며 흡수 시켜줍니다. (로션) 토너 사용 후, 적당량을 손에 덜어 얼굴 전체에 바르고 가볍게 두드리며 흡수 시켜 줍니다.",MensCare,Skincare
미프 비타맥스 올인원 로션 리필 세트 기획 (본품 200ml+리필 150ml*2ea),32900,유톻기한 : 제조일로부터 36개월 사용 기한 : 개봉후 6개월,"세안 후, 손바닥에 적당량을 덜어내어 얼굴 전체에 가볍게 두드리며 흡수시켜 줍니다.",MensCare,Skincare
[저속노화] 포엘리에 옴므 5 IN 1 미백 주름 기능성 올인원 남자 로션 150ml,22000,개봉 전 36개월,기초케어후 소량을 골고루 펴 바릅니다.,MensCare,Skincare
랩시리즈 올-인-원 훼이스 트리트먼트 100ml,75000,제조일로부터 36개월,"면도 후, 또는 피부가 건조하거나 번들거릴 때 깨끗한 얼굴과 목에 발라 줍니다",MensCare,Skincare
크리니크 포 맨 안티 에이지 모이스춰라이저 100ml,76000,제조일로부터 36개월,"하루 2번, 크리니크 포 맨 3-스텝 사용 후 눈가를 제외한 얼굴 전체와 목에 발라줍니다.",MensCare,Skincare
보닌 더 캐릭터 블랙 시그니처 2종 기획,24000,"개봉전 제조일로부터 36개월, 유통기한 개봉후 12개월",[토너 사용법] 세안이나 면도 후 적당량을 취하여 얼굴과 목 등에 가볍게 두드리듯이 발라줍니다. [용법용량] 본품 적당량을 취해 피부에 골고루 펴 바른다. [에멀전 사용법] 토너 사용 후 적당량을 덜어 얼굴 전체에 마사지하듯 펴 발라줍니다.,MensCare,Skincare
무슈제이 베이직 아쿠아 보습 올인원 1+1 기획(200ml+200ml),23900,제조일로부터 3년 / 개봉후 1년,본 품 적당량을 취하여 피부에 골고루 펴 바른다.,MensCare,Skincare
무슈제이 하이드로 선 에센스 더블기획(50ml+50ml),22920,제조일로부터 3년 / 개봉후 1년,자외선 차단이 필요한 부위에 적당량을 덜어 골고루 펴 발라 줍니다.,MensCare,Skincare
헤라 옴므 파워부스팅 토너 150ML,52400,"제조일로부터 36개월, 개봉후 12개월.",세안 또는 면도 후 적당량을 손바닥에 덜어 피부결에 따라 얼굴과 목에 고르게 펴 바르고 가볍게 두드리듯 흡수시킨다.,MensCare,Skincare
헤라 옴므 파워부스팅 모이스춰라이저 110ML,55700,"제조일로부터 36개월, 개봉후 12개월",헤라 파워부스팅 토너 제품 사용 후 적당량을 손바닥에 덜어 피부 결에 따라 얼굴과 목에 고르게 펴 바르고 가볍게 두드리듯 흡수시킨다.,MensCare,Skincare
헤라 옴므 파워부스팅 페이스 트리트먼트 110ML,60500,"제조일로부터 36개월, 개봉후 12개월.",헤라 파워부스팅 토너와 모이스춰라이저 제품 사용 후 적당량을 손바닥에 덜어 피부결에 따라 얼굴과 목에 고르게 펴 바르고 가볍게 두드리듯 흡수시킨다.,MensCare,Skincare
닥터지 레드 블레미쉬 포 맨 올인원 플루이드 150ml+75ml 기획,32000,3년(개봉후 12개월 이내 사용 권장),"세안, 면도 후 적당량을 덜어 얼굴에 골고루 펴 바른 뒤 가볍게 두드려 흡수시켜 줍니다. Tips !: 끈적임 없이 촉촉한 로션 타입 올인원 선호 남성 추천, 스킨 밀크+로션+에센스 한 번에 SKIP 케어",MensCare,Skincare
레이지소사이어티 올인원 페이스 솔루션 150ml,15900,"36개월 유통기한, 개봉 후 12개월",면도 또는 세안 후 적당량을 손에 덜어 얼굴과 목에 골고루 펴바르세요.,MensCare,Skincare
[NEW] 비레디 블루 수분 선크림 50ml,17500,상품 발송일 기준으로 사용 기한일 12개월 이상 남은 상품만을 판매합니다,본 품 적당량을 취해 피부에 골고루 펴 바른다.,MensCare,Skincare
[NEW] 폴메디슨 옴므 워터화이트닝 올인원 에센스 211ml,13800,제조일로부터 3년,손에 적당량을 덜어 얼굴에 골고루 도포 및 발라준 후 가볍게 두드려 흡수시켜 줍니다.,MensCare,Skincare
아이오페 맨 바이오 컨디셔닝 에센스 145ml,29400,개봉 전 36개월  개봉 후 12개월,1. 세안 후 내용물이 흐르지 않도록 손바닥을 오므려 덜어줍니다. 2. 손바닥으로 얼굴 안쪽에서 바깥쪽으로 가볍게 두드려 남은 내용물을 흡수시킵니다.,MensCare,Skincare
아이오페 맨 안티에이징 에멀젼EX 120ml,25200,개봉 전 36개월  개봉 후 12개월,"1. 맨 바이오 에센스로 피부를 정돈한 뒤, 손바닥에 내용물을 1~2회 펌핑하여 얼굴 안쪽에서 바깥쪽으로 부드럽게 펴 발라줍니다. 2. 손바닥으로 얼굴 안쪽에서 바깥쪽으로 가볍게 두드려 남은 내용물을 흡수시킵니다.",MensCare,Skincare
마녀공장 얼티밋 올인원 선로션 100ml,25800,"제조일로부터 3년, 개봉 후 1년",본 품 적당량을 취하여 피부에 골고루 펴 바른다,MensCare,Skincare
록키스 아쿠아 부스트 옴므 올인원 200ml,13500,제조일로부터 3년,적당량을 덜어 바르고자 하는 피부에 골고루 두드려 흡수시켜주세요.,MensCare,Skincare
마녀공장 얼티밋 올인원 워터젤 120ml,22800,"제조일로부터 3년, 개봉 후 1년","세안, 면도 후 적당량을 덜어 피부 결에 따라 골고루 펴 바른 뒤 가볍게 두드려 흡수시켜 줍니다",MensCare,Skincare
마녀공장 얼티밋 올인원 밀크 120ml,22800,"제조일로부터 3년, 개봉 후 1년","세안, 면도 후 적당량을 덜어 피부 결에 따라 골고루 펴 바른 뒤 가볍게 두드려 흡수시켜 줍니다",MensCare,Skincare
라끄베르 옴므 리차지 시카 2종세트 (애프터쉐이브185ml+에멀전180m+미니어처 2종 증정),32000,"개봉전 제조일로부터 36개월, 유통기한 개봉후 12개월","[애프터쉐이브]세안이나 면도 후, 적당량을 취해 얼굴과 목 등에 가볍게 두드리듯 발라줍니다. [에멀전]애프터쉐이브 사용후 적당량을 취하여 얼굴 전체에 부드럽게 펴 발라줍니다.",MensCare,Skincare
라끄베르 옴므 리차지 시카 에멀전 180ml,16000,"개봉전 제조일로부터 36개월, 유통기한 개봉후 12개월",애프터쉐이브 사용 후 적당량을 취하여 얼굴 전체에 부드럽게 펴 발라줍니다.,MensCare,Skincare
아이오페 맨 올데이 퍼펙트 올인원 120ml,24500,개봉 전 36개월  개봉 후 12개월,세안 후 적당량을 펌핑하여 얼굴 안쪽에서 바깥쪽으로 부드럽게 펴바릅니다. 손바닥으로 얼굴을 가볍게 두드려 남은 내용물을 흡수시킵니다.,MensCare,Skincare
원씽 포맨 올인원 수분 에센스 150ml,15120,"제조일로부터 36개월, 개봉 후 12개월","세안 및 면도 후 적당량을 취하여 얼굴 전체에 고르게 펴 바르고, 가볍게 두드려 흡수시켜 줍니다.",MensCare,Skincare
빌리프 맨올로지101 스마트 모이스춰 익스트림 100ml,48000,"개봉전 제조일로부터 36개월, 유통기한 개봉후 12개월","세안 혹은 면도 후, 2~3회 정도 펌핑하여 적당량을 취한 뒤, 피부결을 따라 부드럽게 펴 발라 흡수시킵니다.",MensCare,Skincare
[초장벽보습]비레디 시카페인 트러블리셋 크림 70ml 기획 (+크림20ml + 세럼15ml),27900,"개봉전 36개월, 개봉후 12개월 이내 사용",적당량을 손에 덜어 피부에 도포하여 흡수시키며 발라줍니다.,MensCare,Skincare
토리든 다이브인 포맨 저분자 히알루론산 스킨 300ml,15900,상품 발송일 기준으로 사용기한이 12개월 이상 남은 상품만을 판매합니다.,본 제품의 적당량을 덜어 피부에 골고루 펴 바른 후 톡톡 두드려 흡수시켜 줍니다.,MensCare,Skincare
무슈제이 퍼펙트 프루프 선스틱 18.5g,17910,제조일자로부터 2년 6개월,자외선 차단이 필요한 부위에 적당량을 골고루 펴 발라 줍니다.,MensCare,Skincare
[선케어/반톤업] 닥터지 레드 블레미쉬 포 맨 올인원 톤 로션 50ml 기획 (+젠틀폼 30ml),22400,36개월(개봉전) 12개월(개봉후),세안 후 적당량을 덜어 얼굴에 골고루 펴 바른 뒤 가볍게 두드려 흡수시켜 줍니다. TIP) 건조할 경우 토너로 피부결을 정리 후 사용하면 더욱 수분감 있게 사용할 수 있습니다,MensCare,Skincare
엠도씨 스킨 포어 타이트너 이엑스 50ml,17600,"제조일로부터 2년이내에 생산된 제품을 순차적으로 발송, 개봉 후 1년","① 토너 사용 후 적당량을 덜어 모공이 넓은 곳(T존)을 중심으로 펴 바릅니다. ② 캡슐에 함유된 시카 성분이 피부에 골고루 전달될 수 있도록 세심하게 펴 발라주시고, 마지막에는 가볍게 두드려 흡수시켜 주세요. ③ 세붐 스트라이크 기초라인 또는 블랙헤드 필 오프 팩 사용 후 발라주시면 더욱 효과적입니다.",MensCare,Skincare
엠도씨 세붐 스트라이크 안티 트러블 미스트 55g,18400,"제조일로부터 2년이내에 생산된 제품을 순차적으로 발송, 개봉 후 1년","얼굴에서 20~30cm 거리를 둔 상태에서 눈을 감고 피부 고민이 있는 부위에 수시로 뿌려주세요. * 바디 피부(가슴이나 등)에도 사용이 가능하며, 메이크업 위에도 사용하실 수 있습니다.",MensCare,Skincare
[여드름] 포엘리에 옴므 시카 트러블 진정 남자 로션 145ml,16890,"제조일로부터 36개월이내, 개봉후 12개월이내","세안, 면도 후 적당량을 덜어 얼굴에 골고루 펴 바른 뒤 가볍게 두드려 흡수시켜 줍니다.",MensCare,Skincare
[여드름] 포엘리에 옴므 시카 남자 토너 미스트 100ml,15890,"제조일로부터 36개월이내, 개봉후 12개월이내",건조함이 느껴질 때 수시로 15~20cm정도 떨어져서 눈을 감고 얼굴 전체에 골고루 분사합니다.,MensCare,Skincare
[모공팩] 포엘리에 옴므 클레이 팩 클렌저 200ml 트러블 완화 + 모공 축소 + 블랙헤드 케어,13500,제조일로부터 36개월 개봉 후 12개월,"[클렌징 폼으로 사용할 때] 세안 시, 거품을 내어 눈가와 입가를 제외한 얼굴 안쪽에서 바깥쪽으로 부드럽게 마사지하면서 미온수로 씻어냅니다. [워시오프팩으로 사용할 때] 눈가와 입가를 제외한 얼굴에 적당량을 덜어 부드럽게 마사지를 하면서, 미온수로 씻어냅니다.( 피부 타입에 따라 주 2~3회 사용 권장)",MensCare,Skincare
로레알파리 맨 멀티액션8 안티에이징 올인원 50ml 단품/기획 택 1,18900,35개월,본 품 적당량을 취해 피부에 골고루 펴 바른다.,MensCare,Skincare
스콧해미쉬 블루 블렌디드 토너 에센스 180ml,38500,36개월,세안 후 적당량을 손에 덜어 얼굴에 고루 펴 바른 후 가볍게 두드리며 흡수시켜 줍니다.,MensCare,Skincare
스콧해미쉬 블루 블렌디드 로션 에센스 180ml,55000,36개월,세안 후 적당량을 손에 덜어 얼굴에 고루 펴 바른 후 가볍게 두드리며 흡수시켜 줍니다.,MensCare,Skincare
스콧해미쉬 클래식 골프 선스틱(SPF 50+ PA++++) 18.5g,19950,"사용기한 36개월, 개봉 후 12개월 이내 사용",기초손질 마지막 단계에서 적당량을 골고루 펴 바르고 가볍게 두드려 흡수시켜 줍니다.,MensCare,Skincare
스콧해미쉬 클래식 골프 선크림 (SPF 50+ PA++++) 40ml,19950,"사용기한 30개월, 개봉 후 12개월 이내 사용",기초손질 마지막 단계에서 적당량을 골고루 펴 바르고 가볍게 두드려 흡수시켜 줍니다.,MensCare,Skincare
스콧해미쉬 블루 블렌디드 토너&로션 에센스 스페셜 기프트,66440,36개월,세안 후 적당량을 손에 덜어 얼굴에 고루 펴 바른 후 가볍게 두드리며 흡수시켜 줍니다.,MensCare,Skincare
스콧해미쉬 블루 프리덤 캡슐 클렌징폼 150ml,17500,36개월,적당량을 덜어 소량의 물로 충분히 거품을 낸 다음 얼굴에 마사지하듯 부드럽게 문지른 후 미온수로 깨끗이 씻어 줍니다.,MensCare,Skincare
불독 센시티브 모이스처라이저 100ml,32000,제조일로부터 3년,"아침과 저녁, 세안 후 얼굴과 목에 고르게 바르세요.",MensCare,Skincare
[콜라겐/레티놀]아이디얼 포 맨 퍼펙트 탄력 로션 150mL,18000,"제조일로부터 36개월 이내의 상품을 순차적으로 발송, 사용기한 제품에 별도 표기","*퍼펙트 라인 스킨-로션 사용법 스킨 : 세안, 면도 후 적당량을 덜어 피부결을 따라 고르게 바르고 가볍게 두드려 흡수시켜 줍니다. 로션 : 스킨 사용 후 적당량을 덜어 피부결을 따라 고르게 바르고 가볍게 두드려 흡수시켜 줍니다.",MensCare,Skincare
우노 스킨 세럼 2종 기획 380ml (스킨 세럼+스킨 모이스처+휩워시블랙 미니),19900,제조일로부터 3년 이내 상품을 발송합니다. (제조일로부터 36개월 이내 사용가능),▣우노 스킨세럼 모이스처 적당량을 손에 덜어 얼굴 전체에 펴 발라주고 가볍게 두드려 흡수시켜 줍니다. ▣우노 스킨세럼 워터 적당량을 손에 덜어 얼굴 전체에 펴 발라주고 가볍게 두드려 흡수시켜 줍니다.,MensCare,Skincare
우노 스킨 세럼 모이스처 180ml,18000,제조일로부터 3년 이내 상품을 발송합니다. (제조일로부터 36개월 이내 사용가능),적당량을 손에 덜어 얼굴 전체에 펴 발라주고 가볍게 두드려 흡수시켜 줍니다.,MensCare,Skincare
우노 스킨 세럼 워터 200ml,16000,제조일로부터 3년 이내 상품을 발송합니다. (제조일로부터 36개월 이내 사용가능),적당량을 손에 덜어 얼굴 전체에 펴 발라주고 가볍게 두드려 흡수시켜 줍니다.,MensCare,Skincare
우노 크림 퍼펙션 90g,21000,제조일로부터 3년 이내 상품을 발송합니다. (제조일로부터 36개월 이내 사용가능),적당량을 손에 덜어 얼굴 전체에 펴 발라주고 가볍게 두드려 흡수시켜 줍니다.,MensCare,Skincare
로레알파리 맨 이드라파워 아쿠아 클렌징폼 100ml,10900,35개월,"얼굴에 물을 묻힌 다음, 손바닥에 적당량을 취하여 거품을 내고 마사지하듯 문지릅니다. 충분히 마사지 한 후, 마온수로 깨끗이 씻어 냅니다",MensCare,Skincare
무슈제이 젠틀 클레이 클렌저 150ml,11900,제조일로부터 36개월 (개봉 후 12개월),세안 시 적당량을 손에 덜어 물과 함께 거품을 내 피부를 부드럽게 마사지해 주고 미온수로 깨끗하게 씻어냅니다.,MensCare,Skincare
더페이스샵 더프레시 포맨 수분 2종 세트(토너180ml+에멀젼170ml+토너32ml+에멀젼32ml),38000,제조일로부터 36개월/ 개봉 후 12개월,토너 : 세안 후 적당량을 취해 피부에 골고루 펴 바릅니다. 에멀전 : 토너 사용 후 내용물을 적당량 덜어 피부결에 따라 부드럽게 발라줍니다.,MensCare,Skincare
더페이스샵 더젠틀포맨 안티에이징 스킨 145ml,16100,제조일로부터 36개월/ 개봉 후 12개월,세안 후 적당량을 취해 피부에 골고루 펴 바릅니다.,MensCare,Skincare
더페이스샵 더젠틀포맨 안티에이징 로션 135ml,16100,제조일로부터 36개월/ 개봉 후 12개월,스킨 사용 후 내용물을 적당량 덜어 피부결에 따라 부드럽게 발라줍니다.,MensCare,Skincare
더페이스샵 더젠틀포맨 올인원 에센스 135ml,18900,제조일로부터 36개월/ 개봉 후 12개월,"세안 또는 면도 후, 적당량을 펌핑하여 얼굴에 고루 펴 바릅니다.",MensCare,Skincare
더페이스샵 더젠틀포맨 안티에이징 2종 세트(스킨145ml+로션135ml+스킨32ml+로션32ml),32200,제조일로부터 36개월/ 개봉 후 12개월,스킨 : 세안 후 적당량을 취해 피부에 골고루 펴 바릅니다. 로션 : 스킨 사용 후 내용물을 적당량 덜어 피부결에 따라 부드럽게 발라줍니다.,MensCare,Skincare
더페이스샵 네오클래식 옴므 블랙 에센셜 세트(토너130ml+에멀젼110ml+토너30ml+에멀젼30ml),52000,제조일로부터 36개월/ 개봉 후 12개월,토너 : 세안 후 적당량을 취하여 얼굴과 목에 부드럽게 펴 발라주고 가볍게 두드려 줍니다. 로션 : 토너 사용 후 적당량을 취하여 얼굴에 펴 바른 후 가볍게 두드려 흡수시켜 줍니다.,MensCare,Skincare
더페이스샵 더 블랙밤 스킨 140ml,18200,제조일로부터 36개월/ 개봉 후 12개월,세안 후 적당량을 취해 피부에 골고루 펴 바릅니다.,MensCare,Skincare
더페이스샵 더 블랙밤 로션 130ml,18200,제조일로부터 36개월/ 개봉 후 12개월,토너 사용 후 내용물을 적당량 덜어 피부결에 따라 부드럽게 발라줍니다.,MensCare,Skincare
더페이스샵 더 블랙밤 크림 플루이드 130ml,20300,제조일로부터 36개월/ 개봉 후 12개월,본품 적당량을 취해 피부에 골고루 펴 바릅니다.,MensCare,Skincare
더페이스샵 더 블랙밤 스페셜 세트(스킨140ml+로션130ml+스킨32ml+로션32ml),36400,제조일로부터 36개월/ 개봉 후 12개월,스킨: 세안 후 적당량을 취해 피부에 골고루 펴 바릅니다 로션: 토너 사용 후 내용물을 적당량 덜어 피부결에 따라 부드럽게 발라줍니다. .,MensCare,Skincare
로레알파리 맨 퓨어앤매트 숯파우더 클렌징폼 100ml,10900,35개월,"얼굴에 물을 묻힌 다음, 손바닥에 적당량을 취하여 거품을 내고 마사지하듯 문지릅니다. 충분히 마사지 한 후, 마온수로 깨끗이 씻어 냅니다",MensCare,Skincare
[끈적임NO/산뜻수분] 달바 맨즈 밸런싱 스프레이 세럼 스킨 80ml,25600,"제조일로부터 36개월, 개봉 후 12개월 이내","세안 후, 눈가를 피한 마른 얼굴에 고르게 분사하고 가볍게 두드려 흡수시켜줍니다. 사용 전 살짝 흔들어 사용하세요.",MensCare,Skincare
[올인원보습케어] 달바 맨즈 밸런싱 워터 크림 50ml,36800,"제조일로부터 36개월, 개봉 후 12개월 이내",적당량을 덜어 피부결에 따라 부드럽게 펴 바른 후 흡수시켜 줍니다.,MensCare,Skincare
듀이셀 큐라힐스 히알루로닉 패드 70매,23800,"제조일로부터 (36개월/3년)이내의 상품을 순차적으로 발송, 유통기한 개봉 후 12개월",1) 세안 후 엠보면으로 눈가 주위를 제외한 얼굴부위를 부드럽게 닦아냅니다. 2) 패드의 반대면을 이용해 피부결 방향으로 부드럽게 정리해 줍니다. 필요에 따라 10~20분정도 팩처럼 사용하시면 더욱 좋은 피부 컨디션을 얻을 수 있습니다. 3) 남은 에센스는 가볍게 두드려 흡수시켜 줍니다. * 첨가된 에센스가 마르지 않도록 사용 후 캡을 잘 닫아주세요.,MensCare,Skincare
더샘 에코 에너지 아쿠아 토너/에멀전 택1,13300,제조일로부터 36개월,"세안 또는 면도 후, 스킨 케어 단계에서 적당량을 덜어 피부결을 따라 부드럽게 펴 바릅니다.",MensCare,Skincare
더샘 에코 에너지 올인원 2종 택 1,16100,제조일로부터 36개월,"세안 또는 면도 후, 적당량을 덜어 피부결을 따라 부드럽게 펴 바릅니다.",MensCare,Skincare
[올인원 증정기획] 더샘 에코 에너지 스킨케어 2종 세트,27300,제조일로부터 36개월,"세안이나 면도 후, 토너 적당량을 덜어내어 피부결을 따라 부드럽게 펴 바릅니다. 토너 사용 후, 에멀젼 적당량을 덜어내어 얼굴 전체에 부드럽게 펴 바릅니다.",MensCare,Skincare
더샘 클래식 옴므 올인원 에센스,21000,제조일로부터 36개월,"세안이나 면도 후, 적당량을 덜어내어 피부결을 따라 부드럽게 펴 바릅니다.",MensCare,Skincare
[여행용 키트 증정기획] 더샘 클래식 옴므 스페셜 2종 세트,44800,제조일로부터 36개월,"세안 또는 면도 후, 토너 적당량을 덜어내어 얼굴 안쪽에서 바깥쪽으로 부드럽게 펴 바르고 충분히 흡수시켜 줍니다. 토너 사용의 다음 단계에서, 에멀젼 적당량을 덜어내어 부드럽게 펴 바르고 충분히 흡수시켜 줍니다. 기초케어 마지막 단계에서 크림 적당량을 덜어내어 피부 결을 따라 부드럽게 펴 바른 다음 가볍게 두드리듯 흡수시켜 줍니다.",MensCare,Skincare
더샘 미네랄 옴므 블랙 토너/에멀전 택1,15300,제조일로부터 36개월,"세안 또는 면도 후, 적당량을 덜어내어 피부결을 따라 부드럽게 펴 바릅니다.",MensCare,Skincare
더샘 미네랄 옴므 블랙 올인원 플루이드 이엑스,26000,제조일로부터 36개월,"세안이나 면도 후, 적당량을 덜어내어 피부결을 따라 부드럽게 펴 바릅니다.",MensCare,Skincare
[여행용키트 증정기획] 더샘 미네랄 옴므 블랙 이엑스 2종 세트,46000,제조일로부터 36개월,"세안이나 면도 후, 토너 적당량을 덜어내어 피부결을 따라 부드럽게 펴 바릅니다. 토너 사용 후, 에멀젼 적당량을 덜어내어 얼굴 전체에 부드럽게 펴 바릅니다.",MensCare,Skincare
설화수맨 기초 2종 기획,106250,"제조일로부터 36개월, 개봉 후 12개월","[본윤에센스] 아침, 저녁 세안 후 적당량을 취해 피부결을 따라 부드럽게 발라줍니다. [본윤유액] 아침, 저녁 스킨 사용 후 적당량을 취해 피부결을 따라 부드럽게 발라줍니다.",MensCare,Skincare
[원우PICK]더페이스샵 스피프코드 퍼펙트 올인원 플루이드 145ml,29000,제조일로부터 36개월/ 개봉 후 12개월,"세안 또는 면도 후, 적당량을 펌핑하여 얼굴에 고루 펴 바릅니다.",MensCare,Skincare
더페이스샵 네오클래식 옴므 블랙 에센셜 올인원 트리트먼트 110ml,28000,제조일로부터 36개월/ 개봉 후 12개월,세안 후 적당량을 펌핑하여 얼굴 전체에 가볍게 두드리듯 펴 발라줍니다.,MensCare,Skincare
운스트라움 디 오리진 페이스 워시 120ml,12750,"제조일로부터 3년, 개봉 후 12개월",젖은 손에 적당량을 덜어 충분히 거품을 만든 후 부드럽게 마사지한 뒤 미온수로 씻어내세요.,MensCare,Skincare
운스트라움 에센셜 올인원 150ml,38000,"제조일로부터 3년, 개봉 후 12개월",외출 전 세안 후 적당량을 덜어 피부결에 따라 고르게 펴바르고 가볍게 두드려 흠수시켜줍니다.,MensCare,Skincare
운스트라움 디 오리진 로션 150ml,20400,"제조일로부터 3년, 개봉 후 12개월","세안 후, 토너로 피부 결을 정돈한 뒤 적당량을 펌핑해 고르게 펴 발라 주세요.",MensCare,Skincare
운스트라움 디 오리진 미스트 토너 150ml,18700,"제조일로부터 3년, 개봉 후 12개월",세안 후 스킨 첫단계에서 적당량 분사한 뒤 남은 토너는 손바닥으로 가볍게 흡수시켜 주세요.,MensCare,Skincare
설화수 맨 본윤유액 90ml,44200,"제조일로부터 36개월, 개봉 후 12개월","지친 피부에 휴식을 선사하는 깊고 풍부한 우디 향을 느끼며, 본윤에센스 다음 단계에 사용하세요",MensCare,Skincare
설화수 맨 본윤에센스 140ml,62050,"제조일로부터 36개월, 개봉 후 12개월",지친 피부에 휴식을 선사하는 우디 향을 느끼며 세안이나 면도 후 첫 단꼐에 스킨 또는 올인원 에센스로 사용,MensCare,Skincare
듀이셀 노세범 선스틱 18g,21000,"제조일로부터 36개월, 개봉 후 12개월",스틱을 올려 기름이 많이 생기는 부분에 부드럽게 펴 바릅니다.,MensCare,Skincare
엠도씨 선 스킨 플러스 크림 100ml 단품/기획 2종 택1,29600,"제조일로부터 2년이내에 생산된 제품을 순차적으로 발송, 개봉 후 1년","세안, 면도 후 적당량을 덜어 피부 결에 따라 고르게 펴 발라 줍니다. 자외선에 노출되는 쉬운 바디에도 함께 사용해 주세요.",MensCare,Skincare
엠도씨 안티 링클 스킨 플러스 로션 150ml 단품/기획 2종 택1,20000,"제조일로부터 2년이내에 생산된 제품을 순차적으로 발송, 개봉 후 1년","①세안.면도 후 마른 수건으로 얼굴이 물기를 닦아냅니다. ②손바닥에 지름 2cm원 크기만큼 덜어 얼굴 전체와 목까지 고루 바릅니다. (얼굴에 바를 때는 안쪽에서 바깥쪽으로 목에 바를 때는 위에서 아래로 발라줍니다.) ③ 바닥으로 가볍게 두드려 제품의 흡수를 돕고, 피부에 긴장감을 부여합니다.",MensCare,Skincare
헤이브로 워터맥스 선젤 75ml,19800,제조일로부터 36개월,선젤을 적당량 덜어 피부에 골고루 펴 발라줍니다.,MensCare,Skincare
비오템옴므 아쿠아파워 어드밴스드 젤 PRO 100ml,78200,개봉 전 36개월,"아침과 저녁, 스킨 다음 단계에서 적당량을 얼굴 전체에 가벼운 동작으로 바릅니다",MensCare,Skincare
오딧세이 챕터5xMMY 생츄어리 2종세트(토너 140ml+모이스처라이저 110ml),59900,"개봉전 36개월, 개봉후 12개월 이내 사용",적당량을 취하여 얼굴에 펴 바른 후 가볍게 두드려 흡수시켜 줍니다.,MensCare,Skincare
[한정기획] 라운드랩 포 맨 자작나무 토너/로션 2종 기획 (+클레이팩 50ml),42000,"제조일로부터 30개월 , 개봉 후 12개월","세안, 면도 후 스킨 케어 단계에서 적당량을 덜어 피부 위에 펴 바르고 가볍게 두드리듯 흡수시켜줍니다.",MensCare,Skincare
[수분진정] 차앤박 옴므랩 올인원 아쿠아 코어-업 125ml,21000,제조일로부터 36개월/ 개봉 후 12개월,세안 후 본 품 적당량을 취해 얼굴 피부에 골고루 펴 바른다.,MensCare,Skincare
[피지/모공케어] 차앤박 옴므랩 올인원 오일컷 퍼펙트 125ml,21000,제조일로부터 36개월/ 개봉 후 12개월,세안 후 본 품 적당량을 취해 얼굴 피부에 골고루 펴 바른다.,MensCare,Skincare
[탄력장벽] 차앤박 옴므랩 올인원 프로폴리스 에너지 프로틴샷 125ml,23800,제조일로부터 36개월/ 개봉 후 12개월,세안 후 본 품 적당량을 취해 얼굴 피부에 골고루 펴 바른다.,MensCare,Skincare
아이디얼포맨 파워쿨링 애프터쉐이브 워터로션 150mL,23000,개봉전 36개월/ 개봉 후 12개월,"세안, 면도 후 적당량을 덜어 피부 결을 따라 고르게 바르고 가볍게 두르려 흡수시켜 줍니다. TIP) 면도 후 피부 자극 집중 케어를 위해 파워쿨링 애프터 쉐이브 겔과 함께 사용하는 것을 추천합니다.",MensCare,Skincare
아이디얼포맨 파워쿨링 애프터쉐이브 겔 100mL,10000,개봉전 36개월/ 개봉 후 12개월,"세안, 면도 후 적당량을 덜어 피부 결을 따라 고르게 바르고 가볍게 두르려 흡수시켜 줍니다. TIP) 면도한 모든 부위에 도톰하게 펴 바르면 피부를 진정시키는데 도움을 줍니다.",MensCare,Skincare
마몽드 맨 리차징 토너 180ml,15200,개봉 전 36개월 / 개봉 후 12개월,"세안 후, 손바닥에 적당량을 덜어 피부 결을 따라 부드럽게 발라줍니다.",MensCare,Skincare
마몽드 맨 리차징 로션 150ml,16000,개봉 전 36개월 / 개봉 후 12개월,"토너 사용 후, 적당량을 펌핑하여 피부 결을 따라 부드럽게 발라줍니다.",MensCare,Skincare
마몽드 맨 리차징 올인원 플루이드 180ml,19980,개봉 전 36개월 / 개봉 후 12개월,"세안 후, 적당량을 펌핑하여 피부 결을 따라 부드럽게 발라 줍니다.",MensCare,Skincare
마몽드 맨 리차징 토너&로션 2종 세트,31200,개봉 전 36개월 / 개봉 후 12개월,"*맨 리차징 토너 : 세안 후, 손바닥에 적당량을 덜어 피부 결을 따라 부드럽게 발라줍니다. *맨 리차징 로션 : 토너 사용 후, 적당량을 펌핑하여 피부 결을 따라 부드럽게 발라줍니다.",MensCare,Skincare
[RENEW]아이디얼포맨 올인원 3종 (프레시/시카/선),18800,"제조일로부터 30개월, 개봉후 12개월","세안, 면도 후 적당량을 덜어 피부결을 따라 고르게 바르고 가볍게 두드려 흡수시켜줍니다.",MensCare,Skincare
비플레인 시카테롤 올인원 200ml 기획/단품 2종 택1,30000,제조일로부터 36개월,"세안, 면도 후 적당량을 취해 피부에 부드럽게 펴 발라줍니다.",MensCare,Skincare
[증정 기획] 닥터지 레드 블레미쉬 포 맨 멀티 수딩 토너 200ml 보습 기획세트 (+올인원크림 30ml),24800,30개월(개봉후 12개월 이내 사용 권장),"세안, 면도 후 스킨케어 첫 단계에서 적당량을 손바닥에 덜어 얼굴에 고르게 바른 뒤 가볍게 두드려 흡수시켜 줍니다.",MensCare,Skincare
[리뉴얼] 스킨푸드 블랙슈가 퍼펙트 에멀전 2X 포 맨 180ml,22000,36개월,토너 사용 후 손바닥에 적당량을 펌핑하여 피부 결을 따라 바르고 흡수시켜 줍니다.,MensCare,Skincare
[리뉴얼] 스킨푸드 블랙슈가 퍼펙트 토너 2X 포 맨 180ml,14000,36개월,세안 후 적당량을 덜어 피부 결을 따라 발라줍니다.,MensCare,Skincare
레이지소사이어티 올인원 크림 스프레이 120ml,24900,"제조일로부터 (36개월)이내의 상품을 순차적으로 발송, 유통기한 개봉 후 12개월","제품을 충분히 흔들어 수분층과 크림층이 잘 혼합되도록 한 후, 얼굴과 목 부위에 3-4번 이상 분사하고 손으로 두드리듯 가볍게 흡수시켜 주세요.",MensCare,Skincare
레이지소사이어티 트러블 솔루션 폼 클렌저 120ml,12900,"제조일로부터 (24개월)이내의 상품을 순차적으로 발송, 유통기한 개봉 후 12개월",본품 적당량을 취해 피부에 사용한 후 물로 바로 깨끗이 씻어낸다.,MensCare,Skincare
[신제품/워터프루프] 비레디 하이드로 스웻프루프 선크림 50ml,25000,"개봉전 36개월, 개봉후 12개월 이내 사용","손바닥이나 손등에 적당량의 선크림을 짜내어 자외선 노출이 쉬운 얼굴, 목, 귀, 팔 등에 꼼꼼히 펴발라줍니다. 장시간 야외활동을 하는 경우, 2-3시간마다 덧바르기를 권장합니다.",MensCare,Skincare
그라운드랩 올인원 모이스처라이저 스킨 로션 200ml,26000,제조일로부터 36개월 / 개봉 후 12개월,세안 후 적당량을 손에 덜어 얼굴에 발라준 뒤 두드려 흡수시켜줍니다.,MensCare,Skincare
[올인원15ml증정]이니스프리 포레스트 프레시 스킨 로션 2종 세트,31810,제조일로부터 36개월 / 개봉 후 즉시,[스킨] 세안 후 적당량을 손에 덜어 얼굴에 고루 펴 바릅니다. [로션] 스킨 사용 후 적당량을 펌핑하여 얼굴에 고루 펴 바릅니다.,MensCare,Skincare
이니스프리 포레스트 포맨 쉐이빙 & 클렌징 폼 150g,9070,제조일로부터 36개월 / 개봉 후 즉시,세안 시 적당량을 손에 덜어 충분히 거품을 낸 뒤 마사지하듯 클렌징한 후 미온수로 헹구어냅니다.,MensCare,Skincare
이니스프리 그린티 스킨 포맨 150ml,15360,제조일로부터 36개월 / 개봉후 12개월,적당량을 얼굴에 펴 발라 줍니다.,MensCare,Skincare
이니스프리 그린티 로션 포맨 150ml,15360,제조일로부터 36개월 / 개봉후 12개월,적당량을 얼굴에 펴 발라 줍니다.,MensCare,Skincare
[1차물량 완판] 두잉왓 스킨톤 선파우더 7g,15110,제조일로부터 3년,일상생활이나 메이크업 후 얼굴에 유분 제거가 필요하거나 추가적인 자외선 차단이 필요할 때 톡톡 두드리면서 펴 발라주세요. * 사용 전에 상품 개봉 후 투명 중간 마개를 꼭 제거 후 사용해주세요.,MensCare,Skincare
네이처리퍼블릭 맨 인 블루 올인원 모이스처라이저 150ml,14000,"제조일로부터 36개월, 개봉 후 12개월",세안 후 적당량을 덜어 얼굴 전체에 부드럽게 발라 흡수시켜줍니다.,MensCare,Skincare
네이처리퍼블릭 아프리카 버드 옴므 올인원 모이스처라이저 150ml,14500,제조일로부터 36개월 / 개봉 후 12개월,본 품 적당량을 취해 피부에 골고루 펴 바른다.,MensCare,Skincare
네이처리퍼블릭 아프리카 버드 옴므 올인원 프레시 밸런서 150ml,14500,제조일로부터 36개월 / 개봉 후 12개월,본 품 적당량을 취해 피부에 골고루 펴 바른다.,MensCare,Skincare
브리올옴므 브라이트닝 대용량 폼클렌징 500ml,19000,제조일부터 2년 6개월,얼굴에 물을 묻힌 상태에서 폼클렌징을 도포하여 깨끗하게 닦아 줍니다.,MensCare,Skincare
브리올옴므 데일리 화이트닝 선크림 50ml,14000,제조일로부터 2년,선크림을 얼굴 전체적으로 골고루 발라줍니다,MensCare,Skincare
브리올옴므 화이트닝 수분크림 50ml,21000,제조일로부터 2년 6개월,"이마, 코, 목, 양쪽 볼에 찍어 전체적으로 얼굴에 발라주세요",MensCare,Skincare
브리올옴므 퍼펙트 화이트닝 토너 120ml,22800,제조일로부터 2년 6개월,제품을 손바닥에 덜어 얼굴 전체적으로 발라주세요.,MensCare,Skincare
브리올옴므 퍼펙트 화이트닝 로션 120ml,24700,제조일로부터 2년 6개월,제품을 손바닥에 덜어 얼굴 전체적으로 발라주세요,MensCare,Skincare
아이디얼포맨 파워쿨링 애프터 쉐이브 2종 세트,30000,개봉전 36개월/ 개봉 후 12개월,"[파워쿨링 애프터 쉐이브 워터로션] 세안, 면도 후 적당량을 덜어 피부 결을 따라 고르게 바르고 가볍게 두르려 흡수시켜 줍니다. TIP) 면도 후 피부 자극 집중 케어를 위해 파워쿨링 애프터 쉐이브 겔과 함께 사용하는 것을 추천합니다. [파워쿨링 애프터 쉐이브 겔] 세안, 면도 후 적당량을 덜어 피부 결을 따라 고르게 바르고 가볍게 두르려 흡수시켜 줍니다. TIP) 면도 후 워터로션으로 피부를 정돈한 뒤 적당량을 취해 진정이 필요한 부위에 덧발라 주세요.",MensCare,Skincare
피지오겔 아쿠아 포맨 쿨링 젤 크림 80ml (단품/기획),22900,제조일로부터 36개월(개봉후 12개월),"세안, 면도 후 스킨케어 단계에서 적당량을 취하여 얼굴 피부 위에 마사지하듯 두드려 흡수시켜 줍니다.",MensCare,Skincare
오브제 포어 제로 프레쉬 올인원 150ml 단품/기획 2종 택1,28000,제조일로부터 3년,"세안 후, 내용물 적당량을 펌핑하여 얼굴에 골고루 펴 바른 뒤 가볍게 두드려 흡수시켜줍니다.",MensCare,Skincare
블랙몬스터 머드 팩 앤 폼,15000,제조일로부터 30개월 / 개봉 후 12개월,클렌징 폼으로 사용 시 1.적당량을 덜어 거품을 냅니다. 2.피부에 부드럽게 마사지 합니다. 3.미온수로 깨끗이 씻어냅니다. 머드팩으로 사용 시 1.마른 얼굴에 내용물을 두껍게 바릅니다. 2. 1-3분 뒤 팩이 살짝 마르면 미온수로 깨끗이 씻어냅니다.,MensCare,Skincare
블랙몬스터 나이트 크림,19000,제조일로부터 30개월/개봉 후 12개월,"세안 후, 적당량을 덜어 얼굴과 목에 충분히 펴 바른 후 흡수시켜줍니다.",MensCare,Skincare
블랙몬스터 커스텀 올인원 멀티비타,29000,제조일로부터 30개월 / 개봉 후 12개월,"데이크림을 1회 펌프하여 얼굴 전체에 골고루 펴발라줍니다. 자기 전, 나이트크림을 1-2회 펌프하여 얼굴 전체에 골고루 펴발라줍니다.",MensCare,Skincare
블랙몬스터 화이트 올인원 더블 세럼,29000,제조일로부터 30개월 / 개봉 후 12개월,"적당량을 손에 덜어 얼굴에 골고루 펴 바른 후, 충분히 두드려 흡수시켜 줍니다.",MensCare,Skincare
블랙몬스터 스크러버,13000,제조일로부터 36개월/개봉 후 24개월,"STEP 01 세안 후 물기를 가볍게 닦은 후, 500원 동전크기만큼 덜어냅니다. STEP 02 얼굴 전체에 부드럽게 약 30초-1분 마사지 합니다. STEP 03 각질이 밀려나오면 미온수로 깨끗이 씻어 냅니다.",MensCare,Skincare
블랙몬스터 화이트 스킨미스트,19000,제조일로부터 30개월 / 개봉 후 12개월,1.깨끗히 세안 후 눈을 감은 상태에서 10-15cm 거리를 두고 스프레이 펌프를 사용합니다. 2.얼굴에 적당량을 뿌려준 후 두드려 흡수시켜 줍니다.,MensCare,Skincare
아이디얼포맨 시카 올인원(토트넘 콜라보 더블 기획/증정기획),15800,"제조일로부터 30개월, 개봉후 12개월","세안, 면도 후 적당량을 취해 피부에 골고루 펴 바른다.",MensCare,Skincare
엠도씨 릴리프 토닉 위드 애프터셰이브 150ml,17000,"■ 제조일로부터 2년이내의 상품을 순차적으로 발송, 유통기한 개봉후 1년",■ 적당량을 취해 피부에 골고루 펴 바릅니다.,MensCare,Skincare
보닌 더스타일 스탠다드 2종 기획,35000,"■  제조일로부터 (36개월/3년) 이내의 상품을 순차적으로 발송, 유통기한 개봉후 12개월","■ 스킨토너 : 세안이나 면도 후 손바닥에 적당량을 덜어 얼굴과 목 등에 도포하고, 손바닥으로 가볍게 두드려 흡수시켜줍니다. 에센셜 에멀전 : 스킨 사용 후 적당량을 취해 피부 결을 따라 고루 발라준 다음 손바닥으로 지긋이 눌러 흡수시켜줍니다.",MensCare,Skincare
크리니크 포 맨 엑스폴리에이팅 토닉 200ml,42000,제조일로부터 36개월,- 아침 저녁으로 하루 두번 세안 후에 사용하며 화장솜에 500원 동전크기로 묻힌 후 얼굴전체와 목을 닦아 줍니다. - 눈가와 입가는 제외하고 면도하지 않는 목부분에도 사용하면 좋습니다.,MensCare,Skincare
미프 모이스처 올인원 리필 기획세트 200ml+150ml,32900,제조일로부터 30개월 / 개봉 후 6개월 이내,세안후 손바닥에 적당량을 덜어 가볍게 흡수시켜줍니다.,MensCare,Skincare
클럽맨피노드 클래식바닐라 에프터쉐이브로션 50ml,9000,"제조일로부터 (36개월/3년)이내의 상품을 순차적으로 발송, 유통기한 개봉후 2년 / 사용기한 제품에 별도 표기",모든 피부에 적합한 제품으로서 세안이나 면도 후 적당량을 손바닥에 덜어 부드럽게 펴 바르고 두드리 듯 흡수시켜줍니다.,MensCare,Skincare
라끌랑 남자를 위한 올인원 로션 150ml,31500,3년,"""본 품 적당량을 취해 피부에 골고루 펴 바른다. """,MensCare,Skincare
비오템 옴므 티쀼르 클렌저 125ml,52700,제조일로부터 36개월,"데일리 클렌저 사용시, 세안 시적당량을 덜어 눈가와 입가를 제외한 얼굴에 가볍게 마사지하듯 원을 그리며 세안 후 깨끗이 씻어냅니다. 워시 오프 마스크 사용시, 일주일 1~2회, 얼굴이 고르게 바른 뒤 1분 후 살짝 마른 뒤 세안하시면 각질 효과가 배가 됩니다.",MensCare,Skincare
비오템 옴므 UV 디펜스 시티 자외선 차단제 30ml,59500,제조일로부터 36개월,"햇빛에 노출되기 전, 적당량을 취해 얼굴에 골고루 펴 바릅니다.",MensCare,Skincare
플리프 시카-알로에 카밍 올인원 로션 200ml (트러블 피부용),24000,제조일로부터 3년,세안 후 적당량을 취해 피부에 골고루 펴 바른다.,MensCare,Skincare
보닌 퓨어 에센셜 에멀전,20000,"개봉전 제조일로부터 36개월, 유통기한 개봉후 12개월",스킨 사용 후 적당량을 취해 피부결을 따라 고루 발라준 다음 손바닥으로 지그시 눌러 흡수시켜 줍니다.,MensCare,Skincare
"비얼라우 무화과,부활초 비건 올인원 200g+30g 기획",32000,제조일로부터 36개월 사용기한 제품에 별도 표기,세안이나 면도 후 적당량을 펌핑하여 가볍게 두드리듯 흡수시켜 줍니다.,MensCare,Skincare
"비얼라우 콤부차,레몬 비건 올인원 200g+30g 기획",32000,"제조일로부터 36개월, 사용기한 제품에 별도 표기",세안이나 면도 후 적당량을 펌핑하여 가볍게 두드리듯 흡수시켜 줍니다.,MensCare,Skincare
플리프 시카-알로에 프레쉬 로션 200ml 기획세트 (+50ml 증정),18810,제조일로부터 3년,세안 후 적당량을 취해 얼굴에 부드럽게 펴 발라줍니다.,MensCare,Skincare
플리프 시카-알로에 프레쉬 수분크림 150ml 기획세트(+50ml 증정),17510,제조일로부터 3년,세안 후 적당량을 취해 얼굴에 부드럽게 펴 발라줍니다.,MensCare,Skincare
BRTC 트레이너 옴므 올인원 밀크 200ml 기획 (+50ml 증정),30000,제조일로부터 36개월 ( 개봉 후 12개월 이내 사용 권장 ),면도 혹은 세안 후 스킨케어 단계에서 본 품 적당량을 취하여 얼굴 전체에 부드럽게 펴 바른 뒤 가볍게 두드리며 흡수시켜 줍니다.,MensCare,Skincare
랩시리즈 데일리 레스큐 리페어 세럼 50ml,123000,제조일로부터 36개월,"매일 아침과 저녁, 세안 후 워터 로션으로 피부결을 정돈한 뒤 얼굴과 목 주위에 부드럽게 발라줍니다.",MensCare,Skincare
랩시리즈 데일리 레스큐 워터로션 200ml 기획세트 (+워터로션 30ml*2),62000,제조일로부터 36개월,매일 아침과 저녁 세안 혹은 면도 후 깨끗한 얼굴과 목 부위에 발라줍니다.,MensCare,Skincare
오브제 블랙헤드 스크럽 밤 20g,12900,"제조일로부터 3년, 개봉 후 6개월",얼굴에 물기가 있는 상태에서 블랙헤드를 중심으로 롤링하듯 가볍게 문지른 다음 브러쉬로 피부 노폐물을 충분히 녹여낸 후 물로 깨끗하게 닦아냅니다,MensCare,Skincare
더페이스샵 더프레시 포맨 수분 플루이드 200ml,21000,제조일로부터 36개월/ 개봉 후 12개월,세안 후 적당량을 취해 피부에 골고루 펴 바릅니다.,MensCare,Skincare
더샘 클래식 옴므 토너/에멀전 택1,18700,제조일로부터 36개월,"세안 또는 면도 후, 적당량을 덜어내어 얼굴 안쪽에서 바깥쪽으로 부드럽게 펴 바르고 충분히 흡수시켜 줍니다.",MensCare,Skincare
아이디얼포맨 퍼펙트 탄력 2종 세트 토트넘 홋스퍼 에디션(미니어처3종+콜라보양말),24800,개봉전 36개월/ 개봉 후 12개월,"스킨 : 세안 후 적당량을 덜어 피부결을 따라 고르게 바르고 가볍게 두드려 흡수시켜줍니다. 로션 : 스킨 사용 후 적당량을 덜어 피부결을 따라 고르게 바르고 가볍게 두드려 흡수시켜줍니다. 클렌징폼 : 세안 시 젖은 피부에 적당량을 덜어 거품을 내고 부드럽게 마사지한 다음, 미온수로 깨끗이 씻어냅니다.",MensCare,Skincare
[대용량]닥터방기원 시카마이드 블레미쉬 카밍 올인원 300ml,17900,제조일로부터 36개월 / 개봉 후 12개월,세안 후 손에 적당량 덜어내어 얼굴에 충분히 펴발라 줍니다.,MensCare,Skincare
[대용량]닥터방기원 시카마이드 딥 모이스처 밸런싱 올인원 300ml,17900,제조일로부터 36개월 / 개봉 후 12개월,세안 후 손에 적당량 덜어내어 얼굴에 충분히 펴발라 줍니다.,MensCare,Skincare
무슈제이 밀크 톤업 올인원 200ml,24900,제조일로부터 3년 / 개봉후 1년,"바쁜 아침, 피곤한 저녁 적당량을 덜어 얼굴에 골고루 펴 발라 가볍게 두드려 흡수시켜 줍니다. (Tip: 가벼운 사용감의 제품으로, 건조함을 느끼는 경우 2~3회 덧발라주면 깊은 보습감을 느낄 수 있습니다.)",Skincare,Lotion
[단독기획]토리든 다이브인 포맨 저분자 히알루론산 올인원 200g 단품/기획 (+클렌징폼 30ml/올인원 20g),24000,별도표기 / 30개월 (개봉 후 12개월),본 제품의 적당량을 덜어 피부에 골고루 펴 바른 후 톡톡 두드려 흡수시켜 줍니다.,Skincare,Lotion
포맨트 시그니처 올인원 에센스 96ml,23100,제조일로부터 3년,적당량을 손에 덜어 얼굴 전체에 골고루 펴 발라줍니다.,Skincare,Lotion
비욘드 엔젤아쿠아 보습 장벽 로션 200ml,23000,"개봉전 제조일로부터 36개월, 유통기한 개봉후 12개월",손바닥에 적당량을 취한 뒤 얼굴에 부드럽게 펴 발라 줍니다.,Skincare,Lotion
라네즈옴므 블루에너지 에센스인로션 125ml,22400,"개봉전 36개월, 개봉후 12개월",아침 저녁 스킨 사용 후 or 단독으로 손바닥에 적당량을 덜어 줍니다. 피부결에 따라 얼굴 안쪽에서 바깥쪽으로 부드럽게 발라 줍니다.,Skincare,Lotion
폴라초이스 리지스트 데일리 5% 아하 데일리 각질제거제 50ml,42080,36개월 / 12개월,"①하루 한번, 혹은 두 번 토너 다음 단계에서 적당량을 덜어 눈가를 제외한 얼굴 전체에 바릅니다. ②물로 따로 씻어 낼 필요가 없습니다. ③낮시간에는 자외선 차단제를 함께 사용합니다.",Skincare,Lotion
[저자극] 라운드랩 1025 독도 로션 200ml 기획 (+50ml),20000,"제조일로부터 36개월, 개봉 후 12개월","세안 후 토너로 피부결을 정돈하고, 적당량을 덜어 얼굴 전체에 부드럽게 펴 발라줍니다.",Skincare,Lotion
라네즈옴므 크림스킨 옴므 올인원 150ml 기획 (+25+25ml),19600,"제조일로부터 36개월, 개봉 후 12개월 이내 사용",손으로 찹찹 두드리듯 발라 흡수시켜줍니다,Skincare,Lotion
[NEW] 토리든 밸런스풀 포맨 시카 오일프리 로션 200ml,18400,제조일로부터 36개월 / 개봉 후 12개월,본품 적당량을 취해 피부에 골고루 펴 바른다.,Skincare,Lotion
[미백잡티] 유세린 이븐래디언스 모이스처라이저 50ml,38000,제조일로부터 30개월,"[모이스처라이저(50ml)] 매일 아침/저녁, 2-3회 펌프질하여 피부에 마사지하듯 부드럽게 흡수시켜줍니다.",Skincare,Lotion
[지성피부/유분케어] 라운드랩 포 맨 1025 독도 올인원 젤로션 200ml,24000,"제조일로부터 36개월, 개봉 후 12개월",세안 후 적당량을 덜어 얼굴에 골고루 펴 바른뒤 가볍게 두드려 흡수시켜 줍니다.,Skincare,Lotion
[수분진정] 이니스프리 그린티 히알루론산 로션 170ml,15750,사용기한 36개월 / 개봉 후 12개월,[사용법] 적당량을 덜어 얼굴과 목에 부드럽게 펴발라 줍니다.,Skincare,Lotion
[민감피부/저자극] 라운드랩 포 맨 1025 독도 올인원 플루이드 200ml+200ml,33000,"제조일로부터 30개월, 개봉 후 12개월",세안 후 적당량을 덜어 얼굴에 골고루 펴 바른 뒤 가볍게 두드려 흡수시켜 줍니다.,Skincare,Lotion
라네즈 워터뱅크 블루히알루로닉 에멀젼(중건성) 120ml,28800,"개봉전 36개월, 개봉후 12개월",얼굴에 적당량을 도톰하게 펴 발라줍니다,Skincare,Lotion
아이오페 맨 프로 레티놀 올인원 120ml 기획 (+30ml),28500,개봉 전 36개월  개봉 후 12개월,세안 후 2~3회 펌핑하여 얼굴 안쪽에서 바깥쪽으로 부드럽게 펴바릅니다. 손바닥으로 얼굴을 가볍게 두드려 남은 내용물을 흡수시킵니다.,Skincare,Lotion
에스트라 아토베리어365 로션 150ml,29700,36개월 (개봉 후 1년),"아침, 저녁 적당량의 내용물을 덜어 얼굴에 부드럽게 펴 발라 흡수시켜줍니다.",Skincare,Lotion
BRTC 파워 옴므 올인원 솔루션 200ml 기획(+50ml 증정),25480,제조일로부터 36개월,세안 및 면도 후 애프터쉐이브 단계에서 본 품 적당량을 취하여 얼굴 전체에 부드럽게 펴 바른 뒤 가볍게 두드리며 흡수시켜 줍니다.,Skincare,Lotion
[민감진정] 라운드랩 소나무 진정 시카 로션 250ml,25000,"제조일로부터 30개월, 개봉 후 12개월","세안 후 토너로 피부결을 정돈하고, 적당량을 덜어 얼굴 전체에 부드럽게 펴 발라줍니다.",Skincare,Lotion
[보습/건성] 아이소이 포맨 모이스춰 닥터 올인원 100ml 기획 (+보습 올인원 15ml),24700,"제조일자로부터 3년, 개봉 후 6개월 내 사용권장",토너 사용 후 적당량을 덜어 얼굴 전체에 펴 바른 후 가볍게 두드려 흡수 시켜줍니다.,Skincare,Lotion
무슈제이 세라부스트 올인원 200ml 단품/기획 2종 택1,24900,제조일로부터 3년/ 개봉후 1년,본 품 적당량을 취하여 피부에 골고루 펴 바른다.,Skincare,Lotion
포맨트 시그니처 올인원 에센스 모이스처 플러스 150ml,23200,제조일로부터 3년,적당량을 손에 덜어 얼굴 전체에 골고루 펴 발라줍니다.,Skincare,Lotion
[NEW] 브링그린 티트리시카포맨올인원로션플러스200mL기획(스팟패치25매증정),23000,"■ 제조일로부터 36개월, 개봉 후 12개월","■ 세안 후, 내용물을 적당량 덜어 얼굴에 골고루 펴 발라준 후, 가볍게 두드려 흡수시켜 줍니다.",Skincare,Lotion
[NEW] 바이오힐 보 프로바이오덤 3D 리프팅 에멀전 150ml,22900,제조일로부터 36개월,"매일 아침과 저녁, 에센셜 토너 사용 후, 내용물을 적당량 덜어 피부 결을 따라 부드럽게 펴 바른 후 가볍게 두드려 흡수시켜 줍니다.",Skincare,Lotion
아이오페 맨 올데이 퍼펙트 톤업 올인원 120ml 기획(+30ml),28500,개봉 전 36개월  개봉 후 12개월,세안 후 적당량을 펌핑하여 얼굴 안쪽에서 바깥쪽으로 부드럽게 펴바릅니다.,Skincare,Lotion
[리뉴얼/펩타이드/속보습] 닥터지 레드 블레미쉬 포 맨 탄력 올인원 2종 택 1 (단품/증정 기획),18920,36개월(개봉후 12개월),"세안, 면도 후 적당량을 덜어 얼굴에 골고루 펴 바른 뒤 가볍게 두드려 흡수시켜 줍니다.",Skincare,Lotion
아크네스 모이스처 플루이드 150ml,9000,"개봉전 30개월, 개봉 후 12개월",손바닥에 적당량의 내용물을 덜어서 얼굴 전체에 고르게 펴 발라 주고 가볍게 피부를 두드리며 흡수시켜줍니다.,Skincare,Lotion
플리프 시카-알로에 카밍 올인원 로션 (200ml+50ml),18800,제조일로부터 3년,세안 후 적당량을 취해 피부에 골고루 펴 바른다.,Skincare,Lotion
오브제 모이스처 올인원 로션 200ml,17900,"제조일로부터 3년, 개봉 후 12개월",적당량을 덜어낸 후 얼굴 전체에 골고루 펴 발라 두드려 흡수시켜 줍니다.,Skincare,Lotion
비욘드 엔젤아쿠아 포맨 올인원 에센스 더블기획 (200mlX2입)(비건),17500,"개봉전 제조일로부터 36개월, 유통기한 개봉후 12개월",손바닥에 적당량을 취한 뒤 얼굴에 부드럽게 펴 발라 줍니다.,Skincare,Lotion
퓨어덤 옴므 아쿠아 하이드로 올인원 크림 더블 기획(200ml+200ml),14300,제조일로부터 36개월,"세안, 면도 후 적당량을 덜어 얼굴에 골고루 펴 바른 뒤 가볍게 두드려 흡수시켜 줍니다.",Skincare,Lotion
AHC 온리 포맨 로션 150ml,14000,개봉 전 30개월 / 개봉 후 1년 이내,"토너 사용 후, 적당량을 손에 덜어 얼굴 전체에 바르고 가볍게 두드리며 흡수 시켜 줍니다.",Skincare,Lotion
디오디너리 비타민C 서스펜션 23% + HA 스피어스 2% 30ml,12300,개봉 후 6개월(제조연월 별도표기),소량을 바릅니다. 저녁에 사용하는 것을 권장합니다. 눈에 들어가지 않도록 주의하세요. 사용 후 따끔거리는 감각을 느낄 수 있습니다. 따끔거리는 느낌이 참기 힘들 만큼 너무 강할 경우 포뮬러를 원하는 다른 크림 또는 세럼에 혼합해 사용하세요. 자극이 발생할 경우 사용을 중단하고 의사와 상의하시기 바랍니다. 손상되지 않은 피부에 지시된 대로만 사용하세요. 사용 전 패치 테스트를 권장합니다. 패치 테스팅 가이드 카드 또는 당사 웹사이트의 패치 테스트 상세 가이드를 참조하세요. 어린이의 손이 닿지 않는 곳에 보관합니다.,Skincare,Lotion
엠도씨 화이트닝 스킨 플러스 로션 150ml,18400,"■ 제조일로부터 2년이내의 상품을 순차적으로 발송, 유통기한 개봉후 1년",■ 적당량을 취해 피부에 골고루 펴 바릅니다.,Skincare,Lotion
엠도씨 릴리프 에센스 에멀젼 100ml,18700,"■ 제조일로부터 2년이내의 상품을 순차적으로 발송, 유통기한 개봉후 1년",■ 적당량을 취해 피부에 골고루 펴 바릅니다.,Skincare,Lotion
엠도씨 세붐 스트라이크 세럼 100ml,17000,"■ 제조일로부터 2년이내의 상품을 순차적으로 발송, 유통기한 개봉후 1년",■ 적당량을 취해 피부에 골고루 펴 바릅니다.,Skincare,Lotion
우르오스 올인원 스킨컨디셔너 60g,20000,"■ 제조일로부터 (36개월/3년)이내의 상품을 순차적으로 발송, 유통기한 개봉후 12개월","■ 면도, 세안 또는 샤워 후 적당량을 손에 덜어 발라 주십시오.",Skincare,Lotion
라끄베르 옴므 리차지 에멀전 180ml,16000,■ 개봉 후 12개월 이내,"■ 스킨 혹은 세럼 사용 후, 적당량을 취하여 얼굴 전체에 부드럽게 펴 발라줍니다",Skincare,Lotion
코스알엑스 오일-프리 울트라 모이스쳐라이징 로션 100ml,19000,"제조일로부터 36개월(개봉후 12개월, 제조일은 수시 변경되므로 기재가 어렵습니다)","적당량을 손에 덜어 얼굴에 바른 후, 가볍게 마사지하듯 펴 바르고 남은 내용물을 두드려 흡수시켜 줍니다.",Skincare,Lotion
크리니크 안티-블레미쉬 솔루션 올-오버 클리어링 트리트먼트 오일-프리 50ml,42000,제조일로부터 36개월,"- 안티-블레미쉬 클렌징 폼과 클래리파잉 로션을 사용한 후, 피부에 얇게 펴발라줍니다. - 눈가나 머리카락, 옷에 많은 양이 닿지 않도록 주의합니다. - 아침/저녁으로 하루 2번 사용합니다.",Skincare,Lotion
크리니크 드라마티컬리 디퍼런트 모이스춰라이징 젤 125ml (지복합용),58000,제조일로부터 36개월,"- 아침, 저녁으로 세안 후 클래리파잉 로션이나 클래리파잉 모이스춰 로션을 이용하여 각질을 닦아낸 후 사용합니다. - 눈가와 입가를 포함한 얼굴에 전체적으로 발라주셔도 좋고 건조한 부위에만 사용하셔도 좋습니다.",Skincare,Lotion
크리니크 포 맨 모이스춰라이징 로션 100ml,61000,제조일로부터 36개월,"- 하루에 두 번, 엑스폴리에이팅 토닉 사용 후 피부가 당기고 건조한 부위를 위주로 바르세요. - 쉐이빙 후 사용하시면 피부를 편안하게 진정시켜줍니다.",Skincare,Lotion
크리니크 드라마티컬리 디퍼런트 하이드레이팅 젤리 125ml,58000,제조일로부터 36개월,"- 아침, 저녁으로 세안 후 클래리파잉 로션이나 클래리파잉 모이스춰 로션을 이용하여 각질을 닦아낸 후 사용합니다. - 눈가와 입가를 포함한 얼굴에 전체적으로 발라주셔도 좋고 건조한 부위에만 사용하셔도 좋습니다.",Skincare,Lotion
[피지&보습 로션]눅스 아쿠아벨라 로션 50ml,28800,제조일로부터 1년 6개월 이내의 제품 발송 / 개봉후 12개월,"아쿠아벨라 에센스 토너 사용 후, 한번만 펌핑하여 얼굴 전체에 펴 발라 줍니다.",Skincare,Lotion
우르오스 올인원 200ml 2종 택 1,23700,"■ 제조일로부터 (36개월/3년)이내의 상품을 순차적으로 발송, 유통기한 개봉후 12개월","면도, 세안 또는 샤워 후 적당량을 손에 덜어 발라 주십시오.",Skincare,Lotion
다슈 맨즈 아쿠아 리얼 모이스트 올인원크림 153ml,18000,■ 제조일로부터 3년,본품 적당량을 취해 피부에 골고루 펴 바릅니다.,Skincare,Lotion
[피지&모공케어]눅스 맨 올인원 모이스춰라이징 젤 50ml,39000,제조일로부터 1년 6개월 미만의 상품 발송/개봉 후 12개월,"아침, 저녁 세안 직후 적당량을 덜어 마사지하듯 도포해 줍니다.​ 사용 후 토출구를 깨끗하게 닦아서 보관해주세요.​ 면도 후에도 사용 가능합니다.",Skincare,Lotion
[면도후자극완화수딩밤]눅스 맨 애프터쉐이브 수딩 밤 50ml,33000,제조일로부터 1년 6개월 미만의 상품 발송/개봉 후 12개월,"아침, 저녁으로 면도 후 얼굴에 발라줍니다.​ 눅스 맨 스킨 수딩 쉐이브 젤과 함께 사용하면 더욱 좋습니다. ​",Skincare,Lotion
싸이닉 더 심플 데일리 로션 260ml,18000,"제조일로부터 개봉 전 30개월, 개봉 후 12개월",적당량을 덜어 얼굴 전체에 부드럽게 펴 발라 줍니다.,Skincare,Lotion
아크네스 포맨 퍼펙트 올인원 200ml,27000,개봉후 1년,토너 다음 단계에서 적당량을 피부 결에 따라 발라준 후 가볍게 두드리며 흡수시켜 줍니다,Skincare,Lotion
바르테라 올인원 젤 모이스춰라이저,22400,제조일로부터 36개월,[효능효과] 피부 미백에 도움을 줍니다. 피부 주름 개선에 도움을 줍니다. [용법용량] 본 품 적당량을 취해 피부에 골고루 펴 바릅니다. [사용방법] 세안 후나 면도 후에 적당량을 덜어 얼굴과 목 전체에 발라줍니다.,Skincare,Lotion
라네즈옴므 액티브워터 모이스처라이저 125ml,18900,"사용기한 36개월, 개봉후 12개월 이내 사용","'아침, 저녁 세안 후 손바닥에 적당량을 덜어 얼굴과 목에 고루 펴 발라 줍니다.",Skincare,Lotion
비오템 라이프 플랑크톤 피부강화 에센스 인 로션 75ml,83300,제조일로부터 36개월,"아침과 저녁, 에센스 다음 단계에서 적당량을 덜어 얼굴 전체에 가벼운 손동작으로 바릅니다.",Skincare,Lotion
미프 리페어 앤 리프팅,25900,3년,"면도 혹은 세안후, 턱선을 따라 마사지하듯 롤링 후, 남은 내용물을 걸굴 전체에 가볍게 두드려 흡수시켜 줌",Skincare,Lotion
디오디너리 내추럴 모이스처라이징 팩터스+에이치에이 100ml,21300,개봉 후 12개월(제조연월 별도표기),아침저녁으로 필요에 따라 사용합니다. 자극이 발생할 경우 사용을 중단하고 의사와 상의하시기 바랍니다. 손상되지 않은 피부에 지시된 대로만 사용하세요. 사용 전 패치 테스트를 권장합니다. 패치 테스팅 가이드 카드 또는 당사 웹사이트의 패치 테스트 상세 가이드를 참조하세요. 어린이의 손이 닿지 않는 곳에 보관합니다.,Skincare,Lotion
디오디너리 내추럴 모이스처라이징 팩터스+에이치에이 30ml,10200,개봉 후 12개월(제조연월 별도표기),아침저녁으로 필요에 따라 사용합니다. 자극이 발생할 경우 사용을 중단하고 의사와 상의하시기 바랍니다. 손상되지 않은 피부에 지시된 대로만 사용하세요. 사용 전 패치 테스트를 권장합니다. 패치 테스팅 가이드 카드 또는 당사 웹사이트의 패치 테스트 상세 가이드를 참조하세요. 어린이의 손이 닿지 않는 곳에 보관합니다.,Skincare,Lotion
크리니크 포맨 맥시멈 하이드레이터 72-아워 오토-리플레니싱 하이드레이터,49000,제조일로부터 36개월,하루에 두 번 스킨 케어 마지막 단계에서 얼굴 전체에 충분하게 발라주세요,Skincare,Lotion
폴라초이스 스킨 발란싱 수분 젤 60ml,40550,36개월 / 12개월,적당량을 덜어 눈가를 포함한 얼굴 전체에 골고루 발라줍니다.,Skincare,Lotion
라끄베르 옴므 리차지 시카 올인원 에센스 150ml 기획 (+30ml 증정),19900,■ 개봉전 36개월 / 개봉후 9개월,■ 1~2회 펌핑하여 피부를 마사지하듯 고르게 펴 바른후 가볍게 톡톡 흡수시킵니다.,Skincare,Lotion
아크웰 리얼 아쿠아 밸런싱 로션 140ml,25000,개봉전 36개월 / 개봉후 12개월,본 품의 적당량을 취해 얼굴에 펴 발라줍니다.,Skincare,Lotion
[고보습 에멀전] 하다라보 고쿠쥰밀크140ml,11900,"제조일로부터 (36개월/3년)이내, 개봉 후 12개월","손바닥에 적당량을 덜어, 부드럽게 두드리며 피부에 펴 발라 줍니다. 손의 온기로 피부를 가볍게 두드려 주시면 더욱 흡수가 잘 될 수 있습니다.",Skincare,Lotion
플리프 시카-알로에 밸런싱 올인원 로션 (본품200ml+50ml 추가 증정),23000,제조일로부터 3년,세안 후 적당량을 취해 피부에 골고루 펴 바른다.,Skincare,Lotion
[고보습에멀젼] 하다라보 고쿠쥰 프리미엄 밀크140ml,14000,"제조일로부터 (36개월/3년)이내, 개봉 후 12개월","손바닥에 적당량을 덜어, 부드럽게 두드리며 피부에 펴 발라 줍니다. 손의 온기로 피부를 가볍게 두드려 주시면 더욱 흡수가 잘 될 수 있습니다.",Skincare,Lotion
싸이닉 파워 옴므 플루이드 더블 기획 (150ml+150ml),19800,"개봉 전 36개월, 개봉 후 12개월",적당량을 가볍게 펌핑해 얼굴 전체에 부드럽게 펴발라 준 후 가볍게 톡톡 두드려 흡수 시켜 줍니다.,Skincare,Lotion
싸이닉 아쿠아 옴므 올인원 플루이드 100ml,11200,"개봉 전 30개월, 개봉 후 12개월",적당량을 가볍게 펌핑해 얼굴 전체에 부드럽게 펴발라 준 후 가볍게 톡톡 두드려 흡수 시켜 줍니다.,Skincare,Lotion
싸이닉 아쿠아 옴므 올인원 모이스처라이저 100ml,11200,"개봉 전 30개월, 개봉 후 12개월",적당량을 가볍게 펌핑해 얼굴 전체에 부드럽게 펴발라 준 후 가볍게 톡톡 두드려 흡수 시켜 줍니다.,Skincare,Lotion
미프 시카맥스 올인원 기획 (본품 200ml+리필 150ml),38000,3년,"""1. 세안 후, 손바닥에 적당량을 덜어내어 얼굴 전체에 가볍게 두드리며 흡수시켜줍니다. 2. 본품 사용 완료 시 리필 용기를 본 제품 입구에 맞춰 적당량 덜어서 사용합니다.""",Skincare,Lotion
[단독기획] AHC 온리포맨 올인원 에센스 더블 기획 (120ml+120ml),24810,개봉 전 36개월 이내 / 개봉 후 12개월 이내,"면도, 세안 후 적당량을 손에 덜어 얼굴 안쪽에서 바깥쪽으로 부드럽게 펴 발라줍니다.",Skincare,Lotion
[단독기획]  AHC 온리포맨 포어 프레쉬 올인원에센스 더블 기획 (120ml+120ml),24700,개봉 전 3년 이내 / 개봉 후 1년 이내,"면도, 세안 후 적당량을 손에 덜어 얼굴 안쪽에서 바깥쪽으로 부드럽게 펴 발라 줍니다.",Skincare,Lotion
[기획] 아크네스 포맨 퍼펙트 올인원 기획 (본품200ml+폼클렌저150g 증정),19890,개봉후 1년,"아크네스 포맨 퍼펙트 올인원: 토너 다음 단계에서 적당량을 피부 결에 따라 발라준 후 가볍게 두드리며 흡수시켜 줍니다 아크네스 포맨 퍼펙트 폼클렌저: 적당량을 물기 있는 손에 덜어 충분히 거품을 낸 뒤, 얼굴에 마사지하듯 부드럽게 문질러 줍니다. 미온수로 헹궈 마무리합니다.",Skincare,Lotion
엠도씨 시카 화이트닝 올인원 스페셜 세트 130ml+30ml,28500,"제조일로부터 2년 이내에 생산된 제품을 순차적으로 발송, 개봉 후 즉시",①세안 후 손바닥에 적당량(2~3회)을 펌핑합니다. ②얼굴 안쪽에서 바깥쪽으로 부드럽게 펴 바릅니다. ③손바닥으로 얼굴을 가볍게 두드려 자연스럽게 마무리합니다.,Skincare,Lotion
마녀공장 비피다 바이옴 앰플 로션 300ml,25000,"제조일로부터 2년, 개봉 후 6개월",적당량을 취해 피부 결을 따라 골고루 발라준 다음 가볍게 두드려 흡수시켜 줍니다.,Skincare,Lotion
BRTC 파워 옴므 올인원 솔루션 더블 기획(200mlX2),46080,제조일로부터 36개월,세안 및 면도 후 애프터쉐이브 단계에서 본 품 적당량을 취하여 얼굴 전체에 부드럽게 펴 바른 뒤 가볍게 두드리며 흡수시켜 줍니다.,Skincare,Lotion
달팡 인트랄 액티브 스태빌라이징 로션 100ml,108000,제조일로부터 36개월,"인트랄 액티브 스태빌라이징 로션은 세럼, 아로마, 아이 트리트먼트 후 아침과 저녁에 도포합니다. 이후 얼굴과 목에 가볍게 마사지하며 흡수시킵니다. 수분 크림 전에 가벼운 질감의 모이스처라이저 또는 밀키 로션으로서 단독 사용할 수 있습니다.",Skincare,Lotion
랩시리즈 올-인-원 훼이스 트리트먼트 50ml,48000,제조일로부터 36개월,"면도 후, 또는 피부가 건조하거나 번들거릴 때 깨끗한 얼굴과 목에 발라 줍니다",Skincare,Lotion
[단독기획]우르오스 중건성 페이셜케어 기획세트(스킨밀크200ml+페이스워시100g),42900,"■ 제조일로부터 (36개월/3년)이내의 상품을 순차적으로 발송, 유통기한 개봉후 12개월","<스킨밀크> 면도, 세안 또는 샤워 후 적당량을 손에 덜어 발라 주십시오. <페이스워시> 사용 전에 제품을 잘 흔들어 사용합니다. 얼굴을 물로 가볍게 적신 후에 탁구공 크기만큼 손에 덜어 세안하고, 물로 잘 헹궈줍니다.",Skincare,Lotion
[단독특가]우르오스 지복합성 페이셜케어 기획세트(스킨로션200ml+페이스워시100g),42900,"■ 제조일로부터 (36개월/3년)이내의 상품을 순차적으로 발송, 유통기한 개봉후 12개월","우르오스 올인원 스킨로션 :면도, 세안 또는 샤워 후 적당량을 손에 덜어 발라주세요. 우르오스 페이스워시 : 사용 전에 제품을 잘 흔들어 사용합니다. 얼굴을 물로 가볍게 적신 후에 탁구공 크기만큼 손에 덜어 세안하고, 물로 잘 헹궈줍니다.",Skincare,Lotion
[단독특가]우르오스 페이셜케어 기획세트 중건성&지복합성 4종 택1,42900,"■ 제조일로부터 (36개월/3년)이내의 상품을 순차적으로 발송, 유통기한 개봉후 12개월","<스킨밀크/스킨로션> 면도, 세안 또는 샤워 후 적당량을 손에 덜어 발라 주십시오. <페이스워시> 사용 전에 제품을 잘 흔들어 사용합니다. 얼굴을 물로 가볍게 적신 후에 탁구공 크기만큼 손에 덜어 세안하고, 물로 잘 헹궈줍니다.",Skincare,Lotion
[장벽강화] 마리엔메이 비타민C+비피다 로션 120ml,15900,제조일 로부터 36개월 / 개봉 후 12개월,세안 후 로션 단계에서 적당량을 얼굴에 골고루 펴바릅니다.,Skincare,Lotion
닥터지 더모이스처 배리어 D 로션세트(200ml+30ml),34000,36개월(개봉후 12개월 이내 사용 권장),적당량을 덜어 골고루 펴 바른 후 두드리 듯이 흡수시켜 줍니다. *건조하고 민감한 얼굴과 몸에 모두 사용 가능한 제품으로 건조함이 느껴지는 부위에 덧발라 사용해주세요.,Skincare,Lotion
스케다 스킨 브라이트 올인원 135ml,22000,24개월,본 품 적당량을 덜어 피부에 골고루 펴 발라줍니다.,Skincare,Lotion
마녀공장 얼티밋 올인원 워터젤 120ml,22800,"제조일로부터 3년, 개봉 후 1년","세안, 면도 후 적당량을 덜어 피부 결에 따라 골고루 펴 바른 뒤 가볍게 두드려 흡수시켜 줍니다",Skincare,Lotion
마녀공장 얼티밋 올인원 밀크 120ml,22800,"제조일로부터 3년, 개봉 후 1년","세안, 면도 후 적당량을 덜어 피부 결에 따라 골고루 펴 바른 뒤 가볍게 두드려 흡수시켜 줍니다",Skincare,Lotion
라끄베르 옴므 리차지 시카 에멀전 180ml,16000,"개봉전 제조일로부터 36개월, 유통기한 개봉후 12개월",애프터쉐이브 사용 후 적당량을 취하여 얼굴 전체에 부드럽게 펴 발라줍니다.,Skincare,Lotion
아이오페 맨 올데이 퍼펙트 올인원 120ml,28500,개봉 전 36개월  개봉 후 12개월,세안 후 적당량을 펌핑하여 얼굴 안쪽에서 바깥쪽으로 부드럽게 펴바릅니다. 손바닥으로 얼굴을 가볍게 두드려 남은 내용물을 흡수시킵니다.,Skincare,Lotion
빌리프 맨올로지101 스마트 모이스춰 익스트림 100ml,36000,"개봉전 제조일로부터 36개월, 유통기한 개봉후 12개월","세안 혹은 면도 후, 2~3회 정도 펌핑하여 적당량을 취한 뒤, 피부결을 따라 부드럽게 펴 발라 흡수시킵니다.",Skincare,Lotion
헤라 옴므 에센스인에멀전 110ML,42000,"제조일로부터 36개월, 개봉 후 12개월",1.스킨 사용 후 손바닥에 내용물을 2~3회 펌핑합니다. 2.얼굴 안쪽에서 바깥쪽으로 부드럽게 펴 바릅니다. 3.손바닥으로 얼굴을 가볍게 두드려 남은 내용물을 흡수시킵니다.,Skincare,Lotion
헤라 하이드로 리플렉팅 플루이드 140ml,58000,"사용기한 36개월, 개봉 후 12개월 이내 사용","아침, 저녁 토너 다음 단계에서 볼, 턱, 이마 등에 덜어 놓고 부드럽게 작은 원을 그리며 펴 바릅니다.",Skincare,Lotion
[NEW] 바버501 올인원 모이스처라이즈 200ml 2중 택 1(비타/시카),18900,"제조일로부터 36개월, 개봉일로부터 12개월","세안 후, 적당량을 덜어 피부에 골고루 펴 발라줍니다.",Skincare,Lotion
아이오페 맨 올데이 퍼펙트 톤업 올인원 120ml,28500,개봉 전 36개월  개봉 후 12개월,세안 후 적당량을 펌핑하여 얼굴 안쪽에서 바깥쪽으로 부드럽게 펴바릅니다.,Skincare,Lotion
[지성피부/유분케어] 라운드랩 포 맨 1025 독도 올인원 젤 로션 200ml+200ml,33000,"제조일로부터 36개월, 개봉 후 12개월",세안 후 적당량을 덜어 얼굴에 골고루 펴 바른뒤 가볍게 두드려 흡수시켜 줍니다.,Skincare,Lotion
[7겹보습로션] 닥터자르트 세라마이딘 스킨 베리어 모이스처라이징 밀키 로션 50ml,50000,36개월(상품 발송 시 기준으로 사용기간 12개월 이상 제품을 발송),아침 저녁으로 1-2 번 펌핑하여 얼굴에 발라줍니다,Skincare,Lotion
[톤업/민감성] 아이소이 포맨 블레미쉬 케어 올인원 100ml 기획 (+잡티 올인원 15ml),25900,"제조일자로부터 3년, 개봉 후 6개월 내 사용권장","세안 후, 수딩 토너로 적당량을 얼굴과 목에 두드리듯이 발라주시고 손으로 감싸듯하여 흡수시켜주세요. 두 번째로 잡티 올인원을 얼굴과 목에 전체적으로 같은 방식으로 발라주세요.",Skincare,Lotion
프리메라 맨인더핑크 에이지 리페어 올인원 에센스 150ml 기획/단품,27710,"개봉 전 36개월, 개봉 후 12개월 이내 사용","1. 두 개의 층이 하나로 잘 섞이도록 흔들어준 뒤 사용합니다. 2. 세안 후 적당량을 손바닥에 덜어 얼굴 전체적으로 부드럽게 펴바른 뒤, 가볍게 두드려 흡수시켜줍니다.",Skincare,Lotion
[올영단독]닥터자르트 포어레미디 스무딩 프라이머 (본품30ml+15ml 추가 증정)(단품/기획),41000,36개월(상품 발송 시 기준으로 사용기간 12개월 이상 제품을 발송),사용법 기초 케어 마지막 단계에서 내용물을 적당량 덜어 모공 고민인 부위를 중심으로 얼굴에 골고루 펴 바른 후 흡수시켜줍니다.,Skincare,Lotion
리얼베리어 익스트림 로션 150ml 기획 (+50ml),30000,"개봉 전 제조일로부터 36개월간, 개봉 후에는 12개월 이내",적당량을 덜어 피부결을 따라 얼굴 전체에 부드럽게 펴 발라줍니다.,Skincare,Lotion
랩시리즈 데일리 레스큐 페이스 로션 50ml,79000,대부분 사용기한 1년 이상 남은 제품을 배송해드립니다.,"매일 아침 그리고/또는 저녁, 눈가를 제외하고 깨끗이 세안한 얼굴과 목에 고르게 펴 발라줍니다.",Skincare,Lotion
플라스킨 흰두유 릴리프 단백질 로션 150ml,25000,제조 후 사용 기한 36개월 (개봉 후 12개월),"본 품 적당량을 덜어 피부결을 따라 부드럽게 펴바른 후, 가볍게 두드려 흡수시킵니다.",Skincare,Lotion
[에이든팍 PICK] 다슈 보이 파란 수분초 로션 150ml 기획 (+수분크림 50ml),23000,■ 유통기한: 제조일로부터 3년.,적당량을 덜어 피부에 골고루 펴 바릅니다.,Skincare,Lotion
[에이든팍 PICK] 다슈 보이 파란 수분초 올인원 150ml 기획 (+수분크림 50ml),23000,■ 유통기한: 제조일로부터 3년.,기초 마지막 단계에서 적당량 덜어 바르고 가볍게 두드려 흡수시켜줍니다.,Skincare,Lotion
멜린앤게츠 비타민 E 페이스 모이스쳐라이저 118ml,79000,제조일로부터 3년,"""손에 소량을 덜어(콩알 크기) 얼굴과 목 피부에 문질러 줍니다. 면도 후 사용시 자극을 완화시켜주며, 파운데이션+메이크업에 좋은 베이스 역할을 해줍니다.""",Skincare,Lotion
[에센스 증정] 더후 공진향 탄력 에멀젼 110ml,64500,"개봉전 제조일로부터 36개월, 유통기한 개봉후 12개월","얼굴에 안쪽에서 바깥쪽으로 고르게 손가락 전체로 가볍게 두드리듯 펴 바른 후, 손바닥의 온기로 얼굴을 감싸며 흡수시켜줍니다.",Skincare,Lotion
AHC 콜라 쥬비네이션 리프트4 트리트먼트 에멀젼 100ml,24000,개봉 전 3년 이내 (개봉 후 즉시 사용 권장),"[페이셜 토탈 케어] - 얼굴과 목에 2~3번 펌핑해준 뒤, 마사지하듯이 끌어올리며 펴 발라 줍니다. 매일 아침, 저녁으로 사용해 주세요",Skincare,Lotion
피지오겔 시카밸런스 포맨 카밍 플루이드 100ml,38000,제조일로부터 36개월(개봉후 12개월),"세안, 면도 후 스킨케어 단계에서 적당량을 취하여 얼굴 피부 위에 마사지하듯 두드려 흡수시켜 줍니다.",Skincare,Lotion
[장벽개선] 메디톡스 뉴라덤 뉴로락토 모이스처라이저 80ml,33000,제조일로부터 30개월,적당량을 덜어 피부 안쪽부터 바깥쪽으로 부드럽게 펴 발라 흡수 시켜줍니다.,Skincare,Lotion
[선케어/반톤업] 닥터지 레드 블레미쉬 포 맨 올인원 톤 로션 50ml 기획 (+젠틀폼 30ml),22400,36개월(개봉전) 12개월(개봉후),세안 후 적당량을 덜어 얼굴에 골고루 펴 바른 뒤 가볍게 두드려 흡수시켜 줍니다. TIP) 건조할 경우 토너로 피부결을 정리 후 사용하면 더욱 수분감 있게 사용할 수 있습니다,Skincare,Lotion
[수분진정로션/본품증정] 닥터지 레드 블레미쉬 포 맨 플루이드/폼 2종 기획 세트 (+ 톤로션 2ml*2),29900,36개월(개봉 후 12개월),"ㅇ 올인원 플루이드 : 세안, 면도 후 적당량을 덜어 얼굴에 골고루 펴 바른 뒤 가볍게 두드려 흡수시켜 줍니다. ㅇ 젠틀 클렌징 폼 : 내용물 적당량을 취해 소량의 물로 충분히 거품을 낸 다음 얼굴에 마사지하듯 부드럽게 클렌징 후 미온수로 깨끗이 헹구어 냅니다.",Skincare,Lotion
[여드름] 포엘리에 옴므 시카 트러블 진정 남자 로션 145ml,16890,"제조일로부터 36개월이내, 개봉후 12개월이내","세안, 면도 후 적당량을 덜어 얼굴에 골고루 펴 바른 뒤 가볍게 두드려 흡수시켜 줍니다.",Skincare,Lotion
로레알파리 맨 이드라파워 쿨링 올인원 120ml,20000,35개월,본 품 적당량을 취해 피부에 골고루 펴 바른다.,Skincare,Lotion
로레알파리 맨 멀티액션8 안티에이징 올인원 50ml 단품/기획 택 1,18900,35개월,본 품 적당량을 취해 피부에 골고루 펴 바른다.,Skincare,Lotion
스콧해미쉬 블루 블렌디드 로션 에센스 180ml,55000,36개월,세안 후 적당량을 손에 덜어 얼굴에 고루 펴 바른 후 가볍게 두드리며 흡수시켜 줍니다.,Skincare,Lotion
[오리지널 PDRN 부스팅]리쥬란 리커버 힐러 부스팅 젤 200ml,42000,제조일로부터 36개월 이내 사용,1. 타겟 초음파 카트리지 장착 후 리쥬란 리커버 힐러 부스팅 젤을 도포해 주세요. 2.카트리지를 피부에 밀착 후 SHOT 버튼을 누르면서 케어 해줍니다. 3.메주 고주파 카트리지로 교체 후 젤을 발라줍니다. 4. 카트리지를 피부에 밀착 후 SHOT 버튼을 누르면서 케어 해줍니다.,Skincare,Lotion
[콜라겐/레티놀]아이디얼 포 맨 퍼펙트 탄력 로션 150mL,18000,"제조일로부터 36개월 이내의 상품을 순차적으로 발송, 사용기한 제품에 별도 표기","*퍼펙트 라인 스킨-로션 사용법 스킨 : 세안, 면도 후 적당량을 덜어 피부결을 따라 고르게 바르고 가볍게 두드려 흡수시켜 줍니다. 로션 : 스킨 사용 후 적당량을 덜어 피부결을 따라 고르게 바르고 가볍게 두드려 흡수시켜 줍니다.",Skincare,Lotion
로레알파리 맨 이드라파워 수분 올인원 50ml 단품/기획 택 1,28000,35개월,본 품 적당량을 취해 피부에 골고루 펴 바른다.,Skincare,Lotion
더페이스샵 더젠틀포맨 안티에이징 로션 135ml,16100,제조일로부터 36개월/ 개봉 후 12개월,스킨 사용 후 내용물을 적당량 덜어 피부결에 따라 부드럽게 발라줍니다.,Skincare,Lotion
더페이스샵 더젠틀포맨 올인원 에센스 135ml,18900,제조일로부터 36개월/ 개봉 후 12개월,"세안 또는 면도 후, 적당량을 펌핑하여 얼굴에 고루 펴 바릅니다.",Skincare,Lotion
더페이스샵 더 블랙밤 로션 130ml,18200,제조일로부터 36개월/ 개봉 후 12개월,토너 사용 후 내용물을 적당량 덜어 피부결에 따라 부드럽게 발라줍니다.,Skincare,Lotion
더페이스샵 더 블랙밤 크림 플루이드 130ml,20300,제조일로부터 36개월/ 개봉 후 12개월,본품 적당량을 취해 피부에 골고루 펴 바릅니다.,Skincare,Lotion
더샘 클래식 옴므 올인원 에센스,21000,제조일로부터 36개월,"세안이나 면도 후, 적당량을 덜어내어 피부결을 따라 부드럽게 펴 바릅니다.",Skincare,Lotion
더샘 미네랄 옴므 블랙 올인원 플루이드 이엑스,26000,제조일로부터 36개월,"세안이나 면도 후, 적당량을 덜어내어 피부결을 따라 부드럽게 펴 바릅니다.",Skincare,Lotion
비오템옴므 아쿠아파워 올인원 스틱 세트 (+올인원 20ml),22390,이 제품은 사용기한 1년 이상 남은 제품부터 순차적으로 배송됩니다.,"수시로 얼굴, 눈가, 입 주변에 발라주세요. 내용물을 부드럽게 바른 후, 필요에 따라 손가락을 사용하여 흡수 시키세요. 유분기가 많은 부위는 기름종이 사용 후 내용물을 발라주세요",Skincare,Lotion
[원우PICK]더페이스샵 스피프코드 퍼펙트 올인원 플루이드 145ml,29000,제조일로부터 36개월/ 개봉 후 12개월,"세안 또는 면도 후, 적당량을 펌핑하여 얼굴에 고루 펴 바릅니다.",Skincare,Lotion
더페이스샵 네오클래식 옴므 블랙 에센셜 올인원 트리트먼트 110ml,28000,제조일로부터 36개월/ 개봉 후 12개월,세안 후 적당량을 펌핑하여 얼굴 전체에 가볍게 두드리듯 펴 발라줍니다.,Skincare,Lotion
운스트라움 에센셜 올인원 150ml,38000,"제조일로부터 3년, 개봉 후 12개월",외출 전 세안 후 적당량을 덜어 피부결에 따라 고르게 펴바르고 가볍게 두드려 흠수시켜줍니다.,Skincare,Lotion
운스트라움 디 오리진 로션 150ml,20400,"제조일로부터 3년, 개봉 후 12개월","세안 후, 토너로 피부 결을 정돈한 뒤 적당량을 펌핑해 고르게 펴 발라 주세요.",Skincare,Lotion
설화수 맨 본윤유액 90ml,44200,"제조일로부터 36개월, 개봉 후 12개월","지친 피부에 휴식을 선사하는 깊고 풍부한 우디 향을 느끼며, 본윤에센스 다음 단계에 사용하세요",Skincare,Lotion
[100시간 수분보습]LBB 올 데이 케어 인 로션 50ml,68000,제조일로부터 36개월 / 개봉 후 12개월,"1. 아침, 저녁으로 세안 후 기초단계에 사용합니다. 2. 3~4회 펌핑하여 얼굴과 목에 피부결을 따라 펴 발라 줍니다.",Skincare,Lotion
더마라인 디렉소 PDRN 솔루션 액티빙 에멀전 200ml,38900,제조일로부터 36개월,토너사용 후 손에 적당량을 덜어줍니다. 피부를 따라 부드럽게 펴 바르고 가볍게 두드려 흡수시켜 줍니다.,Skincare,Lotion
연작 카밍 앤 컴포팅 에멀전 125ml,42750,제조일로부터 36개월,"아침, 저녁으로 토너 사용 후 필요한 양을 취해 얼굴에 발라 흡수시킵니다. 카밍 앤 컴포팅 크림과 함께 사용 시, 더욱 균형잡힌 피부를 느낄 수 있습니다.",Skincare,Lotion
키엘 칼렌듈라 스킨수딩 앤 스테빌라이징 에멀젼 125ml,63000,개봉 후 12개월,"아침, 저녁 에센스 단계 후 적당량을 얼굴과 목에 펴 발라주세요.",Skincare,Lotion
[단독기획] 키엘 울트라 훼이셜 베리어 스틱 밤 기획/단품,42000,제조일로부터 36개월,"매일 아침, 저녁 크림 (& 자외선 차단제) 다음 단계에 얼굴, 목, 그 외 건조한 부위 어디에든 사용이 가능합니다. 하루 일과 중, 메이크업 전, 후 언제든 필요할 때마다 수시로 덧발라 줍니다.",Skincare,Lotion
키엘 울트라 훼이셜 모이스춰라이저 125ml,53000,개봉 후 12개월,에센스 후 얼굴과 목에 펴 발라주세요. 데이와 나이트 모두 사용이 가능합니다.,Skincare,Lotion
엠도씨 안티 링클 스킨 플러스 로션 150ml 단품/기획 2종 택1,20000,"제조일로부터 2년이내에 생산된 제품을 순차적으로 발송, 개봉 후 1년","①세안.면도 후 마른 수건으로 얼굴이 물기를 닦아냅니다. ②손바닥에 지름 2cm원 크기만큼 덜어 얼굴 전체와 목까지 고루 바릅니다. (얼굴에 바를 때는 안쪽에서 바깥쪽으로 목에 바를 때는 위에서 아래로 발라줍니다.) ③ 바닥으로 가볍게 두드려 제품의 흡수를 돕고, 피부에 긴장감을 부여합니다.",Skincare,Lotion
비오템옴므 아쿠아파워 어드밴스드 젤 PRO 100ml,78200,개봉 전 36개월,"아침과 저녁, 스킨 다음 단계에서 적당량을 얼굴 전체에 가벼운 동작으로 바릅니다",Skincare,Lotion
그라운드플랜 젤모이스처 110ml,36900,제조일로부터 36개월,적당량을 취하여 진정 및 보습이 필요한 부위에 가볍게 두드리듯 흡수시켜 줍니다. SKIP CARE : 스킨 케어의 단계를 간소화하고 꼭 필요한 제품만 바르며 피부의 부담을 덜어주는 스킨 케어 방법 FOR DAY : 1~3번의 펌핑 후 피부 진정 및 보습이 필요한 부위에 가볍게 두드리듯 흡수시켜 줍니다. FOR NIGHT : 피부 진정 및 보습이 필요한 부위에 피부 결을 따라 여러 번 레이어링 한 후 흡수시켜 줍니다.,Skincare,Lotion
[보습장벽] 마몽드 프로바이오틱스 세라마이드 에멀젼 150ml,18750,개봉 전 36개월 / 개봉 후 12개월,"아침과 저녁 세안 후, 스킨 사용 단계에서 손바닥에 덜어 피부결을 따라 부드럽게 발라줍니다.",Skincare,Lotion
[수분진정] 차앤박 옴므랩 올인원 아쿠아 코어-업 125ml,21000,제조일로부터 36개월/ 개봉 후 12개월,세안 후 본 품 적당량을 취해 얼굴 피부에 골고루 펴 바른다.,Skincare,Lotion
[피지/모공케어] 차앤박 옴므랩 올인원 오일컷 퍼펙트 125ml,21000,제조일로부터 36개월/ 개봉 후 12개월,세안 후 본 품 적당량을 취해 얼굴 피부에 골고루 펴 바른다.,Skincare,Lotion
[탄력장벽] 차앤박 옴므랩 올인원 프로폴리스 에너지 프로틴샷 125ml,23800,제조일로부터 36개월/ 개봉 후 12개월,세안 후 본 품 적당량을 취해 얼굴 피부에 골고루 펴 바른다.,Skincare,Lotion
설화수 자음유액EX 125ml,66300,상품 발송일 기준으로 사용기한이 12개월 이상 남은 상품만을 판매,"아침, 저녁 적당량을 취해 얼굴 안쪽에서 바깥쪽으로 펴 발라 준 후 가볍게 눌러주며 흡수시켜 줍니다.",Skincare,Lotion
마몽드 맨 리차징 로션 150ml,16000,개봉 전 36개월 / 개봉 후 12개월,"토너 사용 후, 적당량을 펌핑하여 피부 결을 따라 부드럽게 발라줍니다.",Skincare,Lotion
마몽드 맨 리차징 올인원 플루이드 180ml,19980,개봉 전 36개월 / 개봉 후 12개월,"세안 후, 적당량을 펌핑하여 피부 결을 따라 부드럽게 발라 줍니다.",Skincare,Lotion
[RENEW]아이디얼포맨 올인원 3종 (프레시/시카/선),18800,"제조일로부터 30개월, 개봉후 12개월","세안, 면도 후 적당량을 덜어 피부결을 따라 고르게 바르고 가볍게 두드려 흡수시켜줍니다.",Skincare,Lotion
비플레인 시카테롤 올인원 200ml 기획/단품 2종 택1,30000,제조일로부터 36개월,"세안, 면도 후 적당량을 취해 피부에 부드럽게 펴 발라줍니다.",Skincare,Lotion
[업그레이드/슬로우에이징] 달바 비타 토닝 세럼 로션 100ml,42000,"제조일로부터 30개월, 개봉 후 12개월","세안 후, 토너로 피부 결을 정돈한 뒤 적당량을 취해 피부에 부드럽게 펴 바른 후 가볍게 두드려 흡수시켜 줍니다.",Skincare,Lotion
[리뉴얼] 스킨푸드 블랙슈가 퍼펙트 에멀전 2X 포 맨 180ml,22000,36개월,토너 사용 후 손바닥에 적당량을 펌핑하여 피부 결을 따라 바르고 흡수시켜 줍니다.,Skincare,Lotion
그라운드랩 올인원 모이스처라이저 스킨 로션 200ml,26000,제조일로부터 36개월 / 개봉 후 12개월,세안 후 적당량을 손에 덜어 얼굴에 발라준 뒤 두드려 흡수시켜줍니다.,Skincare,Lotion
이니스프리 그린티 로션 포맨 150ml,15800,제조일로부터 36개월 / 개봉후 12개월,적당량을 얼굴에 펴 발라 줍니다.,Skincare,Lotion
네이처리퍼블릭 맨 인 블루 올인원 모이스처라이저 150ml,14000,"제조일로부터 36개월, 개봉 후 12개월",세안 후 적당량을 덜어 얼굴 전체에 부드럽게 발라 흡수시켜줍니다.,Skincare,Lotion
네이처리퍼블릭 아프리카 버드 옴므 올인원 모이스처라이저 150ml,14500,제조일로부터 36개월 / 개봉 후 12개월,본 품 적당량을 취해 피부에 골고루 펴 바른다.,Skincare,Lotion
네이처리퍼블릭 아프리카 버드 옴므 올인원 프레시 밸런서 150ml,14500,제조일로부터 36개월 / 개봉 후 12개월,본 품 적당량을 취해 피부에 골고루 펴 바른다.,Skincare,Lotion
브리올옴므 퍼펙트 화이트닝 로션 120ml,24700,제조일로부터 2년 6개월,제품을 손바닥에 덜어 얼굴 전체적으로 발라주세요,Skincare,Lotion
[NEW] 아이오페 XMD 스템3 클리니컬 리커버리 에멀전 130ml,48000,개봉 전 36개월  개봉 후 24개월,본 품 적당량을 취해 피부에 골고루 펴 바른다.,Skincare,Lotion
오브제 포어 제로 프레쉬 올인원 150ml 단품/기획 2종 택1,28000,제조일로부터 3년,"세안 후, 내용물 적당량을 펌핑하여 얼굴에 골고루 펴 바른 뒤 가볍게 두드려 흡수시켜줍니다.",Skincare,Lotion
블랙몬스터 화이트 올인원 더블 세럼,29000,제조일로부터 30개월 / 개봉 후 12개월,"적당량을 손에 덜어 얼굴에 골고루 펴 바른 후, 충분히 두드려 흡수시켜 줍니다.",Skincare,Lotion
아이디얼포맨 시카 올인원(토트넘 콜라보 더블 기획/증정기획),15800,"제조일로부터 30개월, 개봉후 12개월","세안, 면도 후 적당량을 취해 피부에 골고루 펴 바른다.",Skincare,Lotion
싸이닉 더 심플 데일리 로션 145ml,8400,"제조일로부터 개봉 전 30개월, 개봉 후 12개월",세안 후 화장솜 또는 손에 적당량을 덜어 피부결을 따라 부드럽게 발라줍니다.,Skincare,Lotion
크리니크 드라마티컬리 디퍼런트 모이스춰라이징 로션 125ml (건복합용),58000,제조일로부터 36개월,"- 아침, 저녁으로 세안 후 클래리파잉 로션이나 클래리파잉 모이스춰 로션을 이용하여 각질을 닦아낸 후 사용합니다. - 눈가와 입가를 포함한 얼굴에 전체적으로 발라주셔도 좋고 건조한 부위에만 사용하셔도 좋습니다.",Skincare,Lotion
미프 모이스처 올인원 리필 기획세트 200ml+150ml,32900,제조일로부터 30개월 / 개봉 후 6개월 이내,세안후 손바닥에 적당량을 덜어 가볍게 흡수시켜줍니다.,Skincare,Lotion
[증량] 닥터자르트 컨트롤에이 티트리먼트 모이스처라이저 100ml (티트리 약산성 보습크림),50000,36개월(상품 발송 시 기준으로 사용기간 12개월 이상 제품을 발송),1) 크림 사용 단계 (토너 및 세럼 사용 후) 에서 적당량을 덜어 얼굴 전체에 골고루 펴 발라줍니다. 2) 내용물이 잘 흡수될 수 있도록 가볍게 두드려 흡수시켜 줍니다.,Skincare,Lotion
라끌랑 남자를 위한 올인원 로션 150ml,31500,3년,"""본 품 적당량을 취해 피부에 골고루 펴 바른다. """,Skincare,Lotion
디오디너리 100% 나이아신아마이드 파우더 20g,8000,제품 내 사용기한 별도 표기,"이 포뮬라를 사용할 때, 1/4 스푼 정도를 다른 워터-베이스 트리트먼트와 함께 손바닥에 올려 섞어준 뒤 아침이나 저녁에, 혹은 아침저녁으로 얼굴에 . 자극이 발생할 경우 사용을 중단하고 의사와 상의하시기 바랍니다. 손상되지 않은 피부에 지시된 대로만 사용하세요. 사용 전 패치 테스트를 권장합니다. 패치 테스팅 가이드 카드 또는 당사 웹사이트의 패치 테스트 상세 가이드를 참조하세요. 어린이의 손이 닿지 않는 곳에 보관합니다.",Skincare,Lotion
플리프 시카-알로에 카밍 올인원 로션 200ml (트러블 피부용),24000,제조일로부터 3년,세안 후 적당량을 취해 피부에 골고루 펴 바른다.,Skincare,Lotion
보닌 퓨어 에센셜 에멀전,20000,"개봉전 제조일로부터 36개월, 유통기한 개봉후 12개월",스킨 사용 후 적당량을 취해 피부결을 따라 고루 발라준 다음 손바닥으로 지그시 눌러 흡수시켜 줍니다.,Skincare,Lotion
코스알엑스 에이씨컬렉션 라이트웨이트 수딩 모이스처라이저 80ml,13500,제조일로부터 36개월(개봉 후 12개월)이내,적당량을 취해 민감해진 피부에 부드럽게 발라 가볍게 두드리며 흡수시켜 줍니다.,Skincare,Lotion
"비얼라우 무화과,부활초 비건 올인원 200g+30g 기획",32000,제조일로부터 36개월 사용기한 제품에 별도 표기,세안이나 면도 후 적당량을 펌핑하여 가볍게 두드리듯 흡수시켜 줍니다.,Skincare,Lotion
"비얼라우 콤부차,레몬 비건 올인원 200g+30g 기획",32000,"제조일로부터 36개월, 사용기한 제품에 별도 표기",세안이나 면도 후 적당량을 펌핑하여 가볍게 두드리듯 흡수시켜 줍니다.,Skincare,Lotion
플리프 시카-알로에 프레쉬 로션 200ml 기획세트 (+50ml 증정),18810,제조일로부터 3년,세안 후 적당량을 취해 얼굴에 부드럽게 펴 발라줍니다.,Skincare,Lotion
이지에프올로지 인헨싱 밸런싱 로션 50ml,63000,개봉 후 12개월 이내 사용 권장,"앰플/세럼 사용 후 , 손바닥에 3~4방울 도포한 후, 얼굴 안쪽에서 바깥쪽으로 부드럽게 롤링합니다.",Skincare,Lotion
케어존 아큐어 클래리파잉 에멀전 200ml,14400,"개봉전 제조일로부터 36개월, 유통기한 개봉후 12개월","토너 다음 단계에서 적당량을 덜어 피부결을 따라 부드럽게 펴 바른 후, 톡톡 두드려 흡수시킵니다.",Skincare,Lotion
더페이스샵 더프레시 포맨 수분 플루이드 200ml,21000,제조일로부터 36개월/ 개봉 후 12개월,세안 후 적당량을 취해 피부에 골고루 펴 바릅니다.,Skincare,Lotion
피지오겔 DMT 페이셜 로션 200ml + 토너 50ml 추가증정 한정기획,20500,제조일자로부터 36개월,적당량을 취하여 피부에 마사지하듯 두드려 흡수시켜 줍니다,Skincare,Lotion
랩시리즈 클리어 LS 리서페이싱 & 매티파잉 라이트웨이트 에멀전 50ml,71000,제조일로부터 36개월,손가락 끝에 2~3회 펌핑하여 아침 저녁으로 깨끗한 얼굴과 목에 발라주세요,Skincare,Lotion
[대용량]닥터방기원 시카마이드 블레미쉬 카밍 올인원 300ml,17900,제조일로부터 36개월 / 개봉 후 12개월,세안 후 손에 적당량 덜어내어 얼굴에 충분히 펴발라 줍니다.,Skincare,Lotion
[대용량]닥터방기원 시카마이드 딥 모이스처 밸런싱 올인원 300ml,17900,제조일로부터 36개월 / 개봉 후 12개월,세안 후 손에 적당량 덜어내어 얼굴에 충분히 펴발라 줍니다.,Skincare,Lotion
